12.00033
7.99698
2.52609
3.11631
4.78932
2.80159
2.72619
3.09747
3.54054
3.83058
3.53941
3.87767
3.68945
3.97766
3.41067
3.66505
3.83547
3.56756
4.00668
4.10349
4.17242
4.31281
4.09952
3.83767
3.48822
3.69439
4.13392
3.83814
4.09152
4.02414
4.51801
4.63983
4.90556
4.20961
4.95767
4.43029
4.4609
4.1402
4.96247
5.22932
5.7506
4.50941
4.09082
4.57682
4.82854
4.74388
4.83468
4.60623
5.24969
5.20219
4.66168
4.49867
4.75163
5.04577
5.34902
5.34589
5.12827
5.35681
4.85585
5.13602
5.0812
5.93236
6.29869
6.08829
5.16878
4.97972
5.02735
4.97377
5.6526
5.69553
5.7009
5.80649
5.27649
6.9767
5.57775
5.97568
4.95235
6.01438
7.0372
5.42085
5.49357
5.21395
6.00549
6.25835
5.17214
5.17066
5.44613
5.9419
6.38564
6.40621
5.79215
6.50876
5.51289
6.71286
5.54754
6.05391
5.83118
5.98817
6.0414
6.26357
6.08832
7.98428
5.65537
5.44058
5.37263
6.17638
7.50366
6.17764
5.19323
5.72922
6.13115
5.45385
7.37801
7.51999
5.93745
5.58605
7.27632
5.72147
5.23213
7.6647
6.77495
5.2665
5.04501
5.79757
7.25423
7.80138
6.38208
5.34081
6.56377
5.22539
5.7599
6.1424
6.95099
5.59773
5.92306
5.8373
6.62098
7.84101
6.94674
6.65484
6.07547
6.6181
5.62525
7.84789
5.54759
5.50665
5.62822
7.06845
6.60396
5.25412
7.53591
7.14051
5.98086
6.10944
6.11825
6.95021
5.72022
6.17854
5.47235
6.2936
8.59189
6.45233
5.76704
6.38016
6.31109
7.94743
5.56036
5.76851
8.43106
5.46224
7.48874
6.0443
9.81626
5.98492
5.51498
5.03208
5.12213
7.40593
8.01466
5.07017
5.76734
6.00244
5.83782
6.23993
5.61192
9.70329
8.37301
5.24834
4.88206
5.61482
5.78992
7.42758
5.89575
5.30058
11.03763
8.55779
7.76123
6.36241
7.37756
6.89005
6.85662
8.7847
5.44841
5.06575
8.97058
5.63089
5.19617
7.07032
5.88697
5.04816
5.38598
4.75434
7.0951
6.39805
6.85328
7.79134
5.49538
6.46898
4.91707
5.52692
6.82557
7.62512
6.25362
4.8346
5.20203
5.17211
5.56472
6.61527
7.77961
5.3882
5.98147
5.67041
5.90782
7.83116
7.49726
5.63057
5.37741
7.4382
5.11927
6.86569
5.97245
8.54993
7.63369
5.77317
6.0997
6.07837
8.52792
9.78912
7.18835
4.99584
6.19606
5.13938
5.8682
6.41986
5.61445
5.31008
6.27741
5.5868
4.89891
6.34503
5.8959
5.15133
5.24693
6.35976
4.93537
5.14993
7.15213
7.20758
5.94685
6.7417
5.14571
5.26288
10.50369
5.88857
9.8646
6.0866
5.70356
6.01114
5.54919
5.49847
5.97354
6.97613
8.83398
7.99027
6.44968
5.73836
5.45693
6.57693
5.62894
5.2649
6.79409
4.96477
7.67681
7.65352
6.91902
5.4032
6.63967
5.50328
6.56715
5.87435
6.79056
5.33075
5.07841
5.90427
5.11412
7.2445
5.2683
4.94304
5.19405
5.94572
8.46461
8.02147
5.96245
5.77735
5.31881
7.92846
9.13459
6.09203
5.78186
5.44749
9.16685
7.11598
6.11392
6.62887
6.55582
6.5578
4.87601
5.30268
7.52035
8.10254
5.89155
6.16236
7.13798
5.12035
5.97833
5.3926
7.3741
6.52716
5.94377
6.75257
5.45327
8.80703
5.7712
8.29251
5.16444
5.23198
5.04233
6.1419
9.55944
6.43921
6.05343
6.46899
5.69658
7.52938
5.88681
5.55133
9.07416
5.90413
5.5009
6.19439
8.77411
5.55482
5.47902
5.17988
6.59508
5.69052
5.67492
6.17839
6.37302
5.88939
5.9089
5.44883
5.33566
9.71028
6.20452
7.56106
5.40054
5.23051
5.98525
7.31346
6.47471
5.52391
5.3293
5.78028
5.00358
6.85691
5.20152
5.2272
5.4362
7.17456
5.956
6.20516
7.26098
6.05151
8.59262
6.77046
5.6125
5.30395
5.11136
5.41015
7.72952
7.01676
5.21676
6.98422
4.86209
4.67444
4.9579
4.8199
6.99842
5.50129
5.31355
4.87459
5.21378
6.57798
5.64698
6.04053
7.7957
5.48276
7.84803
7.09995
6.6255
6.43511
8.66157
7.3468
5.43728
6.72726
5.77463
5.69626
5.70509
8.02015
5.58095
7.41983
6.26618
5.64209
4.86062
4.91108
6.91483
5.46195
4.79757
4.80745
5.24975
5.13001
4.91796
6.7748
7.66605
5.7027
5.83605
5.22238
4.82262
4.93697
5.09281
5.44545
5.4816
4.91348
8.64832
6.18068
5.17032
5.3318
5.03914
5.65614
5.31302
5.35244
8.89846
8.96639
5.47607
5.3487
6.36867
6.45775
5.86926
4.98813
5.21608
5.18325
5.88527
5.25279
5.26559
6.01653
7.40398
8.20536
5.41489
6.46262
7.10405
5.63894
5.39812
5.87241
5.46677
5.32257
6.63172
7.67651
8.21406
5.28683
5.44222
6.24539
6.60835
6.80646
7.53525
9.889
6.36705
7.82149
6.5503
5.86378
6.98975
5.19293
5.52906
5.73128
7.42442
7.36858
5.61207
5.69209
5.71535
6.90305
5.93366
6.0647
5.24747
6.92799
8.81402
7.84284
6.654
5.36387
5.48124
5.6092
7.74867
6.8215
5.8619
5.26761
5.23322
5.19486
5.68358
5.68286
5.34257
5.79171
5.45667
8.93109
6.60365
5.56048
5.37598
5.78352
5.5673
6.64762
6.84239
6.10371
6.32814
6.38177
6.39709
7.93993
6.43167
6.74945
5.65364
5.5529
5.41738
5.54598
5.07599
5.57541
6.52014
6.34028
5.51788
7.70501
8.63871
7.33339
6.32859
6.66533
5.72862
6.67483
6.44034
8.30646
6.27739
9.06132
6.66638
6.73287
6.35776
5.16499
5.24922
5.58501
5.3207
5.29501
5.21822
5.21281
5.53792
5.2858
8.45284
5.92598
5.45053
5.36354
8.46588
8.001
5.27962
6.29747
6.38817
7.49823
5.45895
7.28838
6.17319
5.30926
6.16387
8.92818
6.28282
5.06806
5.32147
5.27869
6.17454
5.95891
8.28065
9.07316
5.49177
5.77516
6.10362
5.5981
7.47804
8.22856
5.8662
5.58292
6.20681
6.98335
6.25332
5.69433
5.47899
5.48018
7.12995
7.54868
9.27966
5.79022
5.77574
6.63748
6.74699
5.53968
5.69126
6.14303
8.43377
7.08609
5.53153
6.53073
7.4119
7.83197
5.40466
5.1953
7.20326
6.7046
5.75372
5.25486
6.0206
5.81671
5.87801
5.83186
6.84962
7.01015
6.54423
5.88984
6.77627
6.08283
5.33137
5.86674
5.52779
5.13127
5.21456
5.62234
5.53854
5.26853
5.9963
6.73569
5.61327
7.38116
8.61112
7.24444
5.50614
6.27398
7.3283
7.74209
7.89247
6.48765
7.54816
5.98554
5.37808
5.50751
8.48723
8.72516
5.54045
8.61339
6.09176
5.82701
7.45093
5.85807
6.98525
8.178
6.08672
5.40556
7.24824
6.66809
5.44207
7.01932
5.45276
5.86898
6.55577
6.31867
5.14606
5.4216
5.5408
7.33968
5.49452
5.92826
6.04045
5.7484
5.54338
6.81328
6.62792
5.66667
5.68084
7.84536
5.7429
5.24671
5.51146
6.39002
5.24492
8.82429
5.77418
7.17386
6.3224
6.20954
5.50915
5.43626
5.54851
5.83082
5.60033
5.30456
5.42117
7.49479
6.55452
6.08489
9.06261
9.58194
8.00999
5.82046
7.92688
7.71695
5.98523
5.73439
8.35374
8.10708
6.36069
8.6812
6.84504
6.02945
6.18303
5.97306
10.21673
8.07427
6.54345
5.44858
5.08179
5.1868
5.14356
5.57867
5.66611
5.54156
5.8509
5.29195
5.37289
6.18553
5.83651
8.11717
8.9509
7.42673
6.59891
6.88668
5.50248
6.22274
5.9074
5.33031
5.38252
5.73231
5.59696
5.44549
5.27109
5.42907
5.3078
7.15713
8.09727
5.66149
5.65314
7.97007
5.81254
5.37623
5.47799
5.84653
5.47821
5.94879
7.58351
8.37021
5.59272
7.0158
6.68936
9.59469
6.71606
9.12525
5.80768
7.5423
6.51085
5.79559
5.57224
5.58259
6.99876
5.65581
5.77283
5.47146
7.14442
7.2891
6.42328
5.98558
5.81483
5.50814
5.71666
6.72248
5.94436
5.45685
5.85197
5.40774
7.38788
7.00239
5.89408
5.59618
7.63448
7.73109
5.58625
10.40119
6.40804
5.63658
5.5475
5.25683
6.41511
5.76558
6.60651
7.36595
6.25163
6.80595
5.65427
5.56598
5.53074
5.60433
7.68354
6.71825
6.07403
5.56216
5.60468
5.4858
6.00887
6.1571
5.77261
5.46023
6.19677
6.49173
6.48798
8.02804
7.404
7.55131
8.40632
5.52866
5.40355
9.07048
7.34225
6.61462
9.00291
6.14769
5.6948
5.63399
9.90915
7.86078
6.6698
5.84841
5.73784
6.22058
7.34164
6.57064
8.15427
7.32265
7.95302
6.20062
8.13724
7.34365
6.37895
5.92681
5.556
8.44662
7.11218
5.97218
6.68789
6.4557
8.26346
6.02306
6.41258
5.50404
5.60566
5.47213
6.45164
10.86044
6.43554
6.38458
5.87252
6.25223
8.12994
7.62378
7.59118
6.68242
6.69557
5.86827
5.79832
7.15157
5.469
6.63735
6.58093
5.53636
6.43296
5.20765
5.12271
5.39998
5.17687
5.47854
8.22084
6.43835
5.98292
5.55637
5.66459
5.758
5.58345
5.97032
5.73602
6.65079
5.68858
5.94486
11.64327
6.165
5.85835
6.45265
7.56764
6.25727
5.72819
7.95713
6.46313
5.55393
6.45328
6.12346
6.22482
5.50593
6.21494
5.8534
6.12831
6.05863
5.86887
5.83587
5.91825
6.40738
5.94078
5.84765
5.61507
7.24766
12.13886
6.73657
7.04053
5.61517
8.26278
13.41173
6.45149
6.16095
5.84006
5.66361
5.57725
9.25424
9.33188
5.87323
8.51598
6.27273
9.61865
6.12264
5.84485
6.72571
5.86043
6.49709
5.90887
6.16444
5.93965
5.84259
5.47642
5.4521
6.14025
5.85786
7.31371
10.2489
7.09049
6.97659
7.38045
5.85727
5.83416
5.83991
5.95408
5.58487
6.84558
9.72558
6.89613
6.17482
8.45403
6.23117
7.97269
6.02039
5.75377
6.92377
6.47947
6.17038
5.904
5.59231
5.81804
6.31004
6.68035
5.99102
6.65587
5.64791
6.16713
7.11073
6.28312
6.35727
7.84753
5.87475
6.18693
5.88422
5.79723
7.30323
6.13376
5.88664
5.59103
6.35839
6.6762
7.0657
6.02803
5.49186
5.82233
11.10905
7.0943
7.14108
9.10596
6.075
6.02219
5.40947
5.71965
5.45152
5.66664
5.73404
6.59649
6.09523
8.25438
7.74337
5.64579
5.4276
6.18443
8.46679
5.70957
6.05029
5.49345
5.58782
8.58777
6.26089
13.65793
6.82724
5.60791
5.63278
6.55496
5.51509
5.54976
5.90945
6.69932
6.56427
6.26684
8.01644
10.19739
8.26851
11.04909
6.77107
6.30355
6.32514
5.74951
5.68296
7.37296
6.55017
6.11847
6.17627
6.33807
9.19084
7.67072
6.05986
5.71796
7.11741
6.19158
6.1911
9.56344
7.98761
6.15785
5.65483
5.70253
6.93794
6.75622
8.62966
10.0773
5.96326
5.71538
5.64603
5.42471
6.57329
5.55038
5.62005
6.71751
6.49539
5.48454
9.29661
6.40401
5.99466
7.9203
7.42175
7.35419
5.84458
5.70505
6.92922
6.23334
5.40705
6.43848
6.04508
5.37415
5.73318
6.1361
6.89964
5.73799
5.99624
5.99559
5.94757
5.86767
6.36825
5.81642
10.06629
7.19434
7.35757
5.63849
5.97441
7.43213
9.04948
6.67164
6.09197
5.63692
5.69998
6.36946
9.50466
6.37316
6.65227
6.12639
6.76054
6.1496
6.5041
9.67164
6.69064
5.97261
6.34365
5.61943
5.7786
5.71348
6.84589
5.95514
5.76696
5.71447
5.64986
6.52807
6.12562
6.81388
9.45657
5.95859
5.95252
5.78064
8.87307
6.68116
6.65135
6.37691
5.80106
5.96803
6.3503
6.3055
6.17896
6.48902
6.40391
5.92675
5.65729
7.58518
7.58135
6.62266
6.22119
8.29921
8.02799
6.74882
6.51585
7.72998
6.3055
6.37843
6.24385
6.4165
7.98083
8.72676
9.70587
8.80845
6.67284
6.19047
5.69156
8.1206
7.00954
9.67438
5.99942
6.52593
9.69174
6.87063
5.92149
5.5951
6.72379
6.20521
5.86007
5.43908
5.8445
6.81194
7.97707
6.70777
5.7864
7.88313
5.80603
6.06612
5.79022
5.41965
5.88597
7.51337
5.6534
5.35973
5.58131
6.18668
10.93753
6.80902
6.43636
10.24224
8.62758
6.05734
6.25367
9.34143
9.15135
6.25756
5.92198
5.44914
5.83205
5.58549
6.07535
6.181
5.98012
5.85702
7.70661
6.26214
6.12341
5.75808
5.57727
5.6558
6.26939
6.16025
6.86303
6.12886
7.37671
7.58482
7.27279
6.22027
5.50487
5.6587
6.11894
6.36322
5.87447
5.64135
6.07208
6.15535
5.9329
7.24025
7.25443
6.30502
5.91052
5.79869
5.99304
6.19182
5.8737
6.50576
7.08893
5.8349
8.28273
7.03687
5.84878
8.36352
6.29281
6.4703
6.10375
7.44962
6.15281
5.65375
5.8137
5.51938
5.71491
5.71189
6.17845
5.85696
6.45092
5.70842
6.06085
5.59517
6.93595
6.22156
5.82617
5.75254
6.05044
5.73981
5.9739
5.58915
6.26918
6.31379
6.07835
5.96169
6.03086
5.93973
6.09632
7.74813
6.50682
6.24238
6.39021
6.61189
5.72127
6.19536
7.40644
5.90844
5.72633
5.93861
9.14731
9.69529
6.37086
6.74672
6.1387
5.95393
5.75303
5.97592
7.69606
6.1737
6.77349
8.81411
7.79771
6.16429
6.19483
6.23538
5.85141
5.88924
7.10968
6.30606
7.37479
6.04047
7.14181
5.84252
5.7603
5.95278
5.93833
5.95233
6.17173
6.27003
6.41381
5.82181
5.94468
6.2718
7.4831
6.34026
9.53479
7.43933
6.0405
6.38866
8.26722
6.77784
7.97201
7.56227
5.6097
8.0131
7.08378
5.96629
6.5623
6.00416
5.38553
5.45553
5.76338
6.9021
5.57947
6.0059
6.5414
5.6746
5.5538
5.97904
5.54539
5.57247
5.57862
5.69489
5.74545
5.80064
5.54347
5.46692
5.83459
5.9476
5.98941
5.74518
6.10101
6.07868
6.18163
7.00689
8.39731
8.32013
7.53743
5.83456
6.44808
6.92083
6.46734
8.26448
6.20149
7.64531
6.23915
7.6497
7.27366
6.66236
6.13254
6.07358
5.81116
9.33791
7.19468
6.27757
6.57777
5.88764
6.11211
5.65951
6.29272
5.84413
6.43401
6.47562
6.26658
6.38213
6.15904
6.1004
7.32035
5.73155
7.18287
6.14356
5.55768
5.99597
5.66003
6.32749
6.29131
6.04359
6.3102
5.92278
5.94377
5.9711
6.6609
6.04832
8.65169
5.89736
8.02287
8.68667
6.46141
5.91902
5.98945
5.63751
8.17097
11.44092
6.64388
7.07847
6.35246
6.12721
6.43744
6.32569
6.01746
6.11421
7.40559
7.58203
6.03501
6.25379
5.99925
6.17233
6.30971
7.87964
5.89336
6.64865
6.64025
6.05965
6.23742
6.37847
6.93994
6.88493
6.0665
5.89353
6.25574
6.33195
6.09515
6.41171
5.87239
6.98345
7.90091
6.36842
7.23652
7.87482
7.26281
6.37274
5.87361
9.66591
5.91229
6.14582
5.69419
5.73748
5.48072
5.98927
6.62506
5.33013
5.39813
5.85008
5.60202
12.50294
10.26356
7.10998
11.45737
6.8614
6.0545
6.075
5.83916
5.90713
6.0886
6.29863
6.92928
5.78612
7.97934
6.30735
6.1477
6.38209
8.01169
6.88924
6.36305
6.65163
8.50391
5.76329
6.1122
6.10001
11.86576
9.55041
6.15315
7.07062
6.6744
7.78374
6.44088
6.3861
5.98822
5.78733
5.61342
6.11768
5.876
7.88939
5.55415
5.63242
6.09835
5.9703
5.70004
5.95215
5.92561
6.03618
10.25212
9.68326
6.0819
6.85257
5.99976
5.52182
6.78857
5.81103
6.67426
7.06322
5.66229
6.14252
8.98673
6.37345
9.80009
6.47892
5.90439
6.03992
6.58601
8.4173
9.59838
6.19167
5.76898
8.3572
6.7225
5.9024
5.90533
5.90737
6.10747
7.82077
5.87966
6.50261
6.54573
5.96048
6.61209
6.61398
7.61453
5.69988
6.92068
