0.0045
0.0621
0.16235
0.09692
0.05059
0.12319
0.12659
0.12522
0.05606
0.07623
0.08582
0.04646
0.07964
0.06006
0.07983
0.07228
0.0683
0.05056
0.0463
0.03835
0.04431
0.04408
0.06755
0.07562
0.08075
0.07892
0.05203
0.05628
0.08317
0.05081
0.05657
0.03172
0.05449
0.04312
0.02649
0.04641
0.04682
0.04536
0.02699
0.02995
0.04727
0.04477
0.03594
0.0428
0.0364
0.03236
0.03544
0.03955
0.06774
0.02985
0.03282
0.04225
0.03897
0.03433
0.05009
0.04269
0.0312
0.03094
0.03474
0.02912
0.03048
0.0263
0.05336
0.01941
0.02508
0.02831
0.02939
0.02587
0.02771
0.03454
0.02386
0.01886
0.04309
0.03118
0.02385
0.02779
0.02423
0.04094
0.03192
0.01796
0.02406
0.02712
0.04881
0.03537
0.02037
0.02606
0.02271
0.02221
0.02768
0.017
0.02901
0.02575
0.01618
0.03389
0.02197
0.01697
0.02006
0.01923
0.01764
0.02567
0.02071
0.0233
0.02129
0.01834
0.02201
0.04288
0.02307
0.01757
0.02377
0.02102
0.02434
0.0152
0.03515
0.01753
0.01503
0.01941
0.03237
0.01737
0.01585
0.04615
0.02129
0.01395
0.01701
0.02085
0.02502
0.01544
0.0149
0.01667
0.02862
0.01474
0.01326
0.02175
0.0299
0.01278
0.01465
0.01662
0.01923
0.0346
0.02214
0.01574
0.01789
0.01598
0.01389
0.04128
0.01607
0.01675
0.02251
0.01898
0.02047
0.01445
0.03273
0.04942
0.01251
0.01859
0.01901
0.0229
0.01282
0.02302
0.01747
0.04647
0.01838
0.02121
0.01618
0.03001
0.01558
0.02257
0.01669
0.0151
0.02638
0.01465
0.02221
0.01196
0.05129
0.01451
0.01755
0.01427
0.01798
0.01826
0.01843
0.01911
0.02204
0.01785
0.01681
0.01748
0.01408
0.04869
0.02312
0.01786
0.02023
0.02383
0.01998
0.02817
0.01785
0.02897
0.03416
0.0234
0.01292
0.01933
0.03557
0.01935
0.02607
0.02105
0.01498
0.01291
0.03743
0.01905
0.01714
0.0414
0.01777
0.01828
0.01933
0.01776
0.0376
0.01443
0.0266
0.04537
0.02132
0.03099
0.01662
0.02072
0.02717
0.05175
0.02223
0.02004
0.01467
0.02637
0.01268
0.01662
0.01322
0.01389
0.01525
0.01237
0.01818
0.02006
0.02591
0.01179
0.03219
0.0139
0.01509
0.01749
0.00934
0.04482
0.0125
0.01488
0.0325
0.01755
0.04029
0.01603
0.02022
0.01448
0.05193
0.01739
0.01249
0.02555
0.01812
0.01453
0.0558
0.01429
0.01558
0.02544
0.01406
0.01438
0.02044
0.01773
0.01968
0.01591
0.03747
0.00971
0.02191
0.01948
0.01406
0.03331
0.04808
0.01158
0.02847
0.01892
0.02069
0.01683
0.0153
0.02202
0.01543
0.02702
0.0331
0.0107
0.01532
0.0279
0.01493
0.02722
0.01455
0.01937
0.01448
0.01393
0.04131
0.03088
0.0155
0.02686
0.01203
0.01108
0.02588
0.02837
0.01964
0.01533
0.01554
0.02083
0.01618
0.02961
0.01527
0.01624
0.01705
0.01617
0.0412
0.01664
0.02039
0.0182
0.02285
0.03006
0.01408
0.01141
0.00942
0.01335
0.04676
0.00935
0.01007
0.02299
0.01308
0.01712
0.01677
0.01802
0.0415
0.01623
0.01216
0.02342
0.01234
0.01508
0.00986
0.01361
0.0287
0.00974
0.01371
0.02065
0.01041
0.02054
0.02111
0.02222
0.01182
0.01521
0.01514
0.03163
0.02363
0.01356
0.01291
0.01429
0.01336
0.02208
0.01819
0.01322
0.03885
0.00965
0.01178
0.03901
0.01211
0.01237
0.0158
0.01275
0.0242
0.00974
0.01467
0.01633
0.01928
0.0139
0.01202
0.01425
0.01247
0.07437
0.01214
0.03133
0.01301
0.01374
0.02987
0.02651
0.01108
0.01265
0.01567
0.02055
0.01521
0.04527
0.01222
0.01349
0.01095
0.03215
0.00963
0.01836
0.03288
0.01713
0.02678
0.01297
0.01136
0.01387
0.01653
0.01731
0.1152
0.01127
0.01393
0.02759
0.01607
0.017
0.01752
0.01999
0.04026
0.01024
0.0136
0.01535
0.0145
0.01722
0.0147
0.01665
0.04182
0.01252
0.05294
0.00924
0.01532
0.01651
0.02657
0.01302
0.01148
0.02028
0.01066
0.01566
0.01326
0.03482
0.03039
0.05532
0.01412
0.01426
0.01604
0.01549
0.01956
0.01292
0.01723
0.0167
0.01856
0.01544
0.01518
0.05282
0.02177
0.01331
0.01441
0.01441
0.01587
0.01552
0.01477
0.01757
0.01222
0.01428
0.0608
0.01104
0.01284
0.01267
0.0146
0.01323
0.01289
0.01187
0.0695
0.01675
0.01253
0.01332
0.04309
0.00892
0.01443
0.01324
0.01533
0.01189
0.03493
0.01899
0.00912
0.0337
0.0453
0.01038
0.01154
0.0178
0.0084
0.00988
0.01124
0.01511
0.01098
0.01252
0.04234
0.01008
0.02145
0.01005
0.01201
0.02016
0.01121
0.04396
0.00522
0.02011
0.00882
0.02593
0.01938
0.01149
0.02847
0.01187
0.01204
0.01089
0.03035
0.01176
0.01638
0.0117
0.01067
0.04114
0.0087
0.01091
0.01076
0.02418
0.01329
0.0197
0.0079
0.01202
0.01374
0.01825
0.03377
0.0117
0.01131
0.0109
0.01591
0.0145
0.01041
0.01134
0.01073
0.01046
0.00998
0.05116
0.00623
0.00966
0.01278
0.01453
0.01531
0.02634
0.02279
0.01409
0.00989
0.0255
0.0091
0.02579
0.01022
0.01929
0.00866
0.01139
0.01167
0.01525
0.01272
0.01607
0.02566
0.01113
0.01
0.02922
0.0116
0.01963
0.01035
0.0114
0.01357
0.01757
0.00952
0.01569
0.01252
0.02777
0.00794
0.02364
0.00917
0.01288
0.01342
0.01345
0.01316
0.01505
0.01173
0.01165
0.01246
0.01279
0.05092
0.00783
0.01144
0.01079
0.05207
0.00885
0.01015
0.02587
0.00865
0.02431
0.00955
0.02847
0.00781
0.00977
0.01198
0.04011
0.00978
0.01199
0.01167
0.01388
0.01016
0.01795
0.01724
0.01937
0.00899
0.00865
0.01072
0.01023
0.03199
0.0192
0.00696
0.0101
0.0113
0.0281
0.01021
0.00959
0.01193
0.01189
0.03426
0.00682
0.02265
0.00899
0.0135
0.01227
0.00933
0.01126
0.00975
0.00923
0.06157
0.0122
0.00859
0.02114
0.02084
0.00926
0.01128
0.0114
0.04834
0.00606
0.00855
0.01055
0.03831
0.00839
0.00855
0.00802
0.01215
0.03898
0.00849
0.00945
0.01813
0.0145
0.01284
0.01327
0.01031
0.01097
0.01279
0.00929
0.00968
0.00954
0.00891
0.0058
0.0081
0.04145
0.01375
0.01526
0.00792
0.00894
0.03595
0.02183
0.01598
0.00931
0.01428
0.00932
0.0108
0.00886
0.02961
0.03058
0.0089
0.01307
0.01124
0.00889
0.03677
0.01046
0.01696
0.01474
0.01047
0.0114
0.02967
0.00622
0.01041
0.02755
0.00958
0.02944
0.00837
0.00979
0.01141
0.01334
0.01098
0.02513
0.01011
0.01634
0.00907
0.0105
0.01685
0.04041
0.01567
0.0078
0.01029
0.03111
0.00928
0.01171
0.01049
0.01222
0.00991
0.03775
0.00776
0.02165
0.00806
0.00839
0.00992
0.01066
0.01332
0.01856
0.01096
0.01018
0.01075
0.0644
0.01436
0.0067
0.03501
0.00836
0.00539
0.0079
0.01578
0.02732
0.00865
0.02175
0.01233
0.00836
0.00577
0.01238
0.02717
0.00722
0.00971
0.00765
0.03256
0.01584
0.00625
0.01059
0.0115
0.01074
0.01033
0.01068
0.00983
0.00845
0.0085
0.00954
0.0103
0.00839
0.0115
0.03615
0.02023
0.0048
0.01864
0.00699
0.00873
0.02358
0.00989
0.00971
0.00979
0.00871
0.00982
0.00938
0.00908
0.00972
0.00896
0.03794
0.00534
0.00777
0.00946
0.02635
0.00767
0.01001
0.0083
0.00824
0.00904
0.01945
0.00531
0.0108
0.00762
0.02744
0.00833
0.02494
0.00526
0.01756
0.00742
0.03237
0.00425
0.007
0.00806
0.01073
0.00895
0.00753
0.0069
0.0093
0.0422
0.04442
0.00806
0.00796
0.00806
0.00992
0.01177
0.03869
0.00795
0.00791
0.00962
0.00835
0.03346
0.02631
0.00669
0.00691
0.01573
0.01451
0.00717
0.03223
0.00753
0.00988
0.00815
0.00869
0.03885
0.00752
0.00808
0.01623
0.00684
0.01101
0.0091
0.00896
0.00814
0.01093
0.04684
0.00553
0.00759
0.00871
0.00872
0.00849
0.00653
0.00993
0.00803
0.00912
0.01549
0.01841
0.03269
0.02251
0.00738
0.01782
0.00536
0.00794
0.0083
0.02775
0.00574
0.00978
0.01975
0.00776
0.00881
0.00857
0.02513
0.02461
0.00522
0.00821
0.00893
0.0092
0.03076
0.00836
0.01564
0.01215
0.00686
0.00857
0.03441
0.0075
0.00906
0.00791
0.01008
0.02474
0.02834
0.00588
0.00954
0.00746
0.0138
0.00789
0.00931
0.00993
0.00938
0.01062
0.03617
0.01993
0.00581
0.00833
0.00993
0.01305
0.03372
0.00595
0.01006
0.01231
0.02725
0.00705
0.0076
0.03478
0.009
0.01891
0.01517
0.00949
0.03476
0.00928
0.01131
0.01236
0.01419
0.01212
0.0219
0.01181
0.01792
0.00916
0.01289
0.0068
0.0095
0.01035
0.00822
0.01083
0.00798
0.00852
0.03845
0.00672
0.01089
0.02789
0.00516
0.00799
0.01869
0.0295
0.00705
0.01025
0.01486
0.00768
0.00684
0.00952
0.00811
0.0069
0.00628
0.00955
0.00663
0.00787
0.00887
0.00885
0.00763
0.00815
0.00799
0.04668
0.02724
0.00558
0.03245
0.00689
0.01212
0.01859
0.00906
0.00864
0.01103
0.00948
0.01119
0.02045
0.0057
0.00854
0.03013
0.00609
0.02023
0.00919
0.01096
0.03817
0.00722
0.02505
0.00872
0.00895
0.01007
0.01091
0.01151
0.00955
0.00713
0.00755
0.02179
0.01675
0.00494
0.0086
0.00984
0.00677
0.00796
0.00805
0.00764
0.00941
0.01997
0.04414
0.00623
0.00885
0.03208
0.00516
0.01906
0.00706
0.0078
0.02962
0.00539
0.00834
0.01116
0.01354
0.01103
0.00833
0.01171
0.0087
0.00936
0.00724
0.008
0.03916
0.01134
0.0202
0.02288
0.00655
0.00872
0.00991
0.00911
0.01497
0.01138
0.00714
0.00956
0.00786
0.03606
0.03187
0.00828
0.00936
0.00888
0.03002
0.01213
0.01148
0.0076
0.00947
0.01087
0.01439
0.00816
0.00921
0.00878
0.01021
0.04726
0.00788
0.02151
0.00772
0.01067
0.01017
0.01919
0.00891
0.00814
0.00975
0.00922
0.01003
0.03215
0.00514
0.01817
0.00573
0.00874
0.00913
0.00816
0.00828
0.01014
0.01026
0.01476
0.00957
0.01281
0.03303
0.01731
0.01255
0.00677
0.01041
0.00843
0.01859
0.00757
0.00798
0.03293
0.00513
0.00588
0.00689
0.00856
0.03177
0.0061
0.00828
0.01034
0.00581
0.01079
0.00904
0.00752
0.01054
0.00554
0.00816
0.00833
0.0599
0.01537
0.01787
0.00573
0.03594
0.02902
0.01141
0.00845
0.03605
0.00944
0.00832
0.00988
0.03124
0.00943
0.03069
0.00631
0.00725
0.0182
0.00487
0.01631
0.00761
0.00883
0.02735
0.01173
0.00986
0.02718
0.00741
0.00877
0.00841
0.00768
0.00796
0.00924
0.00963
0.01225
0.0073
0.00935
0.0083
0.01327
0.04557
0.00546
0.00723
0.00828
0.00853
0.02236
0.00546
0.00986
0.00969
0.00851
0.00898
0.0091
0.04163
0.00638
0.00831
0.00806
0.05607
0.00956
0.00986
0.02818
0.00591
0.0073
0.01251
0.00977
0.00971
0.00911
0.02689
0.00967
0.00968
0.00747
0.00916
0.01189
0.01104
0.01749
0.00581
0.00779
0.00701
0.00758
0.03093
0.00501
0.00572
0.00794
0.00849
0.00966
0.01212
0.00846
0.0089
0.00917
0.00652
0.00634
0.00711
0.03895
0.01022
0.00471
0.00568
0.00897
0.00703
0.004
0.00581
0.03708
0.00756
0.00901
0.0064
0.00702
0.0363
0.00576
0.02517
0.01929
0.01027
0.00844
0.01116
0.0232
0.00745
0.02736
0.01077
0.00737
0.01642
0.00694
0.00845
0.01119
0.00984
0.00865
0.00853
0.00956
0.00766
0.04081
0.02106
0.00581
0.00817
0.03391
0.00817
0.00974
0.0136
0.0097
0.00932
0.02593
0.00849
0.00991
0.01213
0.02829
0.01718
0.0077
0.01475
0.02405
0.00789
0.00843
0.00664
0.03385
0.00894
0.00613
0.01007
0.00884
0.00843
0.00829
0.01019
0.00675
0.01078
0.00811
0.03962
0.00731
0.00663
0.00892
0.00926
0.00903
0.00978
0.00829
0.0558
0.01143
0.03154
0.00765
0.01101
0.01095
0.00831
0.00903
0.00716
0.01186
0.00987
0.0082
0.00828
0.00614
0.03587
0.03867
0.00447
0.00737
0.00619
0.00877
0.00855
0.04206
0.00738
0.00804
0.03028
0.00825
0.02716
0.00563
0.00722
0.01313
0.00635
0.01948
0.0069
0.03001
0.00734
0.00752
0.00804
0.00886
0.00834
0.00745
0.00787
0.0078
0.01039
0.00851
0.00719
0.00819
0.04126
0.00623
0.00649
0.00687
0.00669
0.00606
0.00747
0.00711
0.00621
0.00495
0.00589
0.0065
0.00512
0.00548
0.0058
0.04466
0.00494
0.00577
0.00562
0.05292
0.00982
0.00778
0.02697
0.00643
0.00665
0.00717
0.0201
0.00403
0.00681
0.00716
0.00643
0.00744
0.00761
0.00896
0.04707
0.00732
0.00725
0.00907
0.01706
0.00632
0.00782
0.00754
0.00807
0.00728
0.01053
0.01092
0.03328
0.00719
0.0229
0.00604
0.00654
0.00593
0.00616
0.006
0.00612
0.00628
0.00514
0.00754
0.00666
0.0058
0.03647
0.03088
0.00971
0.01029
0.00518
0.0062
0.04651
0.00426
0.02747
0.01576
0.00836
0.01087
0.00722
0.00979
0.02613
0.00763
0.00952
0.00852
0.00748
0.0532
0.01152
0.00917
0.0115
0.00819
0.00911
0.00709
0.00779
0.00762
0.00746
0.00738
0.00731
0.00709
0.00921
0.00872
0.00656
0.00642
0.00602
0.00721
0.00596
0.0068
0.00518
0.01623
0.03903
0.00941
0.0296
0.00645
0.00444
0.00529
0.00528
0.02273
0.00705
0.00898
0.00932
0.03466
0.01058
0.00486
0.00818
0.00717
0.0105
0.02103
0.00769
0.00718
0.00992
0.00772
0.00885
0.00807
0.00898
0.00921
0.04057
0.00495
0.00686
0.00629
0.00707
0.00642
0.04496
0.00804
0.02531
0.02154
0.00987
0.00859
0.00783
0.00756
0.00742
0.00891
0.00748
0.00747
0.00684
0.00706
0.00683
0.00669
0.03844
0.00783
0.02076
0.00759
0.00666
0.01033
0.01158
0.00823
0.02479
0.00527
0.00696
0.00483
0.01634
0.00808
0.00709
0.00843
0.00649
0.01052
0.03013
0.00561
0.00552
0.00664
0.00754
0.01123
0.03294
0.01368
0.00963
0.00641
0.00654
0.0075
0.01307
0.03923
0.01421
0.01402
0.00589
0.00893
0.01095
0.00849
0.00658
0.00634
0.03337
0.01465
0.03052
0.00444
0.02196
0.0151
0.00708
0.01453
0.00924
0.0271
0.00885
0.0081
0.00941
0.00911
0.00941
0.00829
0.03167
0.01228
0.00959
0.00839
0.00754
0.0279
0.00833
0.00757
0.0236
0.0079
0.00753
0.00718
0.00773
0.00792
0.0065
0.00628
0.04072
0.00916
0.00871
0.00756
0.00665
0.00791
0.02734
0.00646
0.00792
0.0073
0.03209
0.00822
0.00644
0.0073
0.02734
0.00475
0.00478
0.02537
0.00605
0.02141
0.0056
0.00694
0.01201
0.0082
0.01063
0.00684
0.00963
0.04754
0.00993
0.01054
0.0105
0.01156
0.00964
0.00753
0.00786
0.01068
0.02881
0.00531
0.00618
0.01043
0.00698
0.01655
0.00851
0.012
0.01631
0.03422
0.00917
0.00826
0.03537
0.00583
0.03803
0.00589
0.00736
0.00825
0.0067
0.02549
0.00367
0.0061
0.00669
0.03989
0.00658
0.00992
0.01006
0.00882
0.00785
0.0319
0.00718
0.00792
0.02748
0.00759
0.01891
0.00589
0.01253
0.00867
0.01946
