0.73297
1.06342
1.10378
0.54501
1.01831
1.0243
0.94222
0.91848
0.62599
0.83121
0.7717
0.64238
0.82815
0.64544
0.66321
0.69386
0.68057
0.48442
0.49835
0.45366
0.45606
0.52107
0.68683
0.6988
0.70526
0.68074
0.57314
0.49759
0.74802
0.50434
0.59088
0.37419
0.62478
0.41606
0.40639
0.43916
0.46278
0.35452
0.34158
0.38364
0.60121
0.47113
0.29744
0.37165
0.39895
0.35877
0.33348
0.39687
0.77543
0.45794
0.35576
0.36997
0.34506
0.33299
0.44895
0.44642
0.36704
0.32654
0.36815
0.3354
0.29715
0.36694
0.83832
0.42113
0.33098
0.28999
0.30429
0.26904
0.29799
0.40009
0.32756
0.34129
0.33327
0.51025
0.29874
0.4288
0.2657
0.47496
0.532
0.29115
0.30643
0.29358
0.67061
0.64266
0.29949
0.2636
0.26775
0.32663
0.3962
0.30721
0.30394
0.45947
0.24037
0.4029
0.27555
0.24951
0.30797
0.28131
0.26235
0.30757
0.34986
0.4487
0.25745
0.25388
0.22862
0.47517
0.40642
0.30059
0.24022
0.24123
0.28775
0.18845
0.53839
0.37723
0.23338
0.19692
0.48454
0.2494
0.17568
0.63799
0.41543
0.20305
0.1729
0.2682
0.33116
0.27402
0.29458
0.19755
0.38148
0.18866
0.17537
0.26658
0.36273
0.16255
0.17758
0.18597
0.23698
0.64742
0.37334
0.22985
0.19199
0.24066
0.16625
0.72293
0.2031
0.18389
0.24234
0.22531
0.22655
0.15923
0.38657
0.68516
0.19792
0.24224
0.23703
0.26698
0.15714
0.23964
0.17202
0.41791
0.2816
0.25891
0.17588
0.28239
0.20444
0.28514
0.15357
0.15999
0.49771
0.15526
0.34515
0.1557
0.72344
0.19555
0.1729
0.12595
0.14452
0.34814
0.35493
0.16293
0.18593
0.18894
0.15561
0.17014
0.12802
0.57826
0.30278
0.16305
0.13566
0.18982
0.19429
0.31623
0.17555
0.21095
0.38043
0.29056
0.21076
0.1955
0.4413
0.22155
0.30662
0.22312
0.13022
0.10912
0.54492
0.16572
0.15214
0.47653
0.16346
0.13608
0.15187
0.09959
0.47592
0.17387
0.24385
0.55378
0.17466
0.35915
0.1269
0.14045
0.2501
0.75458
0.25474
0.14535
0.12374
0.24069
0.13546
0.16046
0.15174
0.10794
0.13673
0.11037
0.15009
0.19507
0.25928
0.09224
0.13033
0.37713
0.11152
0.18548
0.08355
0.60407
0.14888
0.11608
0.39209
0.19319
0.43936
0.33645
0.18961
0.10249
0.59536
0.13626
0.12211
0.26035
0.13681
0.10435
0.86654
0.1652
0.10751
0.20383
0.12648
0.10388
0.10454
0.20634
0.10212
0.09819
0.42801
0.1343
0.15411
0.18517
0.09113
0.1539
0.96024
0.14865
0.44645
0.17557
0.18579
0.14425
0.13566
0.14253
0.11631
0.28512
0.51223
0.28659
0.16132
0.20325
0.1011
0.16762
0.14269
0.12
0.16703
0.09731
0.46974
0.50798
0.19787
0.18182
0.22404
0.1149
0.47338
0.25138
0.30268
0.12508
0.10841
0.1723
0.12393
0.29343
0.11961
0.10577
0.11979
0.1377
0.68844
0.20773
0.22717
0.1393
0.19021
0.54734
0.20501
0.16152
0.11109
0.11295
0.51477
0.17599
0.11054
0.19866
0.18469
0.18644
0.11443
0.12216
0.64898
0.29502
0.16298
0.2115
0.11803
0.11519
0.10947
0.09907
0.34658
0.14355
0.14237
0.17015
0.10669
0.19761
0.16606
0.40541
0.09804
0.10467
0.10253
0.39845
0.3562
0.1978
0.1155
0.15418
0.10894
0.21134
0.21134
0.10528
0.389
0.10796
0.09802
0.35862
0.20854
0.09992
0.12003
0.07776
0.21966
0.09092
0.11315
0.13626
0.18696
0.11184
0.10577
0.10661
0.08431
1.12956
0.1406
0.40842
0.11642
0.1027
0.38521
0.26575
0.12632
0.11361
0.09814
0.11729
0.08799
0.41218
0.10983
0.09985
0.08667
0.35767
0.0941
0.16494
0.36138
0.14911
0.25022
0.14756
0.10543
0.10943
0.09104
0.09296
5.87648
0.14826
0.10927
0.25653
0.10562
0.09097
0.09632
0.09281
0.55657
0.10699
0.10088
0.08092
0.09332
0.13219
0.09624
0.10476
0.50029
0.09751
0.54786
0.18293
0.17044
0.13681
0.37856
0.15969
0.09571
0.2521
0.08725
0.13555
0.10328
0.38989
0.13241
0.9381
0.17919
0.1273
0.09916
0.08518
0.2511
0.11002
0.10231
0.09022
0.10115
0.09474
0.08608
0.49031
0.21407
0.1101
0.1106
0.08346
0.08242
0.07929
0.08756
0.09751
0.08033
0.06863
0.71497
0.11249
0.07662
0.08299
0.07011
0.08892
0.07003
0.06262
0.95732
0.22964
0.08929
0.07979
0.44695
0.11371
0.09983
0.06838
0.08951
0.07041
0.49457
0.17374
0.06541
0.45453
0.46872
0.134
0.0827
0.14945
0.06357
0.07086
0.06619
0.09467
0.07758
0.06912
0.60661
0.22518
0.20956
0.07715
0.08081
0.22745
0.11169
0.53631
0.12633
0.23477
0.09281
0.3183
0.28188
0.10559
0.38374
0.08879
0.08893
0.08801
0.43099
0.13003
0.10373
0.09429
0.07112
0.52376
0.08871
0.09952
0.07333
0.27631
0.38669
0.32054
0.08584
0.08543
0.09347
0.20408
0.40506
0.1764
0.10161
0.07155
0.08315
0.08593
0.07505
0.07684
0.06682
0.08207
0.06586
1.0433
0.10709
0.08062
0.07604
0.09267
0.0953
0.24781
0.24805
0.21697
0.11961
0.34826
0.10123
0.48259
0.10575
0.32347
0.08485
0.08396
0.06658
0.08909
0.06656
0.09207
0.20697
0.09369
0.06778
0.46702
0.15594
0.23187
0.12542
0.09188
0.08461
0.16227
0.12354
0.17476
0.11535
0.30045
0.07685
0.38785
0.11815
0.07125
0.07763
0.08269
0.07545
0.08195
0.0674
0.06386
0.0726
0.07014
0.83449
0.08213
0.0638
0.06062
0.55589
0.10516
0.07958
0.34817
0.10052
0.304
0.08383
0.27384
0.07067
0.07349
0.09416
0.391
0.07669
0.07181
0.07231
0.07556
0.07773
0.17776
0.15889
0.29343
0.07442
0.06921
0.07972
0.05675
0.29419
0.1726
0.06982
0.07501
0.07533
0.28722
0.09183
0.073
0.06634
0.06401
0.37365
0.10256
0.35068
0.07377
0.09694
0.11676
0.08154
0.06625
0.06234
0.06754
1.6435
0.16866
0.06961
0.1609
0.14008
0.071
0.07745
0.06597
0.32188
0.09013
0.06109
0.05257
0.48717
0.08116
0.07066
0.05142
0.09597
0.5626
0.12717
0.07765
0.17635
0.08943
0.06958
0.08983
0.06746
0.05495
0.05621
0.05873
0.05394
0.04447
0.07211
0.06282
0.04419
0.79969
0.17172
0.12384
0.05367
0.07513
0.4856
0.29852
0.13031
0.08293
0.11769
0.06682
0.06494
0.06025
0.32108
0.48811
0.08244
0.13663
0.07629
0.07852
0.52057
0.10044
0.16891
0.13611
0.09004
0.07778
0.50506
0.07607
0.06604
0.37953
0.06881
0.31817
0.10411
0.08273
0.06592
0.08853
0.06058
0.36917
0.07242
0.13475
0.07019
0.07051
0.08351
0.54074
0.28144
0.07019
0.06172
0.45546
0.0787
0.06701
0.0676
0.07405
0.05685
0.32589
0.07465
0.45092
0.08194
0.07042
0.06172
0.05775
0.06467
0.09639
0.05691
0.05421
0.05244
0.98456
0.14242
0.06582
0.23682
0.14607
0.05532
0.06595
0.18215
0.30043
0.0699
0.09716
0.15934
0.07858
0.05423
0.1992
0.40388
0.07729
0.08031
0.05796
0.5375
0.20177
0.07515
0.07238
0.05822
0.05632
0.05527
0.0574
0.05314
0.04538
0.05298
0.04843
0.05258
0.05951
0.05381
0.83968
0.19713
0.06168
0.18455
0.11947
0.05415
0.38129
0.08601
0.05421
0.05723
0.0539
0.05195
0.05513
0.04503
0.04801
0.04625
0.95225
0.10243
0.05397
0.05297
0.27778
0.04883
0.05616
0.05098
0.04928
0.04691
0.08829
0.04688
0.06528
0.04161
0.50147
0.07925
0.28052
0.04738
0.20194
0.05139
0.46955
0.05379
0.05112
0.05006
0.05843
0.07824
0.04301
0.04394
0.04516
0.47035
0.62688
0.06773
0.054
0.04982
0.05551
0.06942
0.37301
0.06752
0.04679
0.0485
0.04004
0.31755
0.19839
0.05178
0.04255
0.14968
0.10798
0.04923
0.37458
0.06919
0.05608
0.04731
0.03957
0.49457
0.09074
0.07084
0.27867
0.06561
0.07899
0.05087
0.04079
0.03682
0.04514
0.49976
0.06631
0.05358
0.04608
0.04408
0.0454
0.03775
0.04242
0.04157
0.03793
0.0704
0.39495
0.54235
0.28077
0.08048
0.17645
0.04153
0.04765
0.04381
0.22031
0.05852
0.0712
0.17497
0.06438
0.05117
0.0505
0.26944
0.25954
0.05261
0.05636
0.05413
0.06471
0.43068
0.08213
0.12718
0.12061
0.04861
0.06176
0.43787
0.13239
0.08176
0.05833
0.05067
0.2118
0.38637
0.04758
0.08577
0.05835
0.14915
0.05747
0.06875
0.05784
0.05008
0.05029
0.22323
0.32619
0.05428
0.05778
0.05501
0.07938
0.3287
0.07016
0.09154
0.12853
0.33819
0.06346
0.04561
0.48846
0.0542
0.14447
0.18412
0.06765
0.52037
0.05353
0.05718
0.06614
0.06547
0.06483
0.13745
0.07953
0.14918
0.05355
0.08018
0.04986
0.05402
0.07597
0.0416
0.08583
0.04496
0.0515
0.44002
0.04723
0.06928
0.25916
0.06184
0.06239
0.04968
0.60879
0.06365
0.0646
0.13522
0.05271
0.05
0.04473
0.04684
0.04475
0.04493
0.0617
0.03481
0.04303
0.04745
0.05076
0.03827
0.03976
0.0366
0.63682
0.34446
0.06783
0.52051
0.07083
0.11811
0.34406
0.07924
0.06099
0.06412
0.05868
0.0562
0.13923
0.04229
0.05734
0.40519
0.05691
0.23241
0.06414
0.05788
0.49521
0.05409
0.29253
0.05762
0.05907
0.06304
0.06403
0.05352
0.05638
0.05013
0.04238
0.34562
0.14842
0.0419
0.04227
0.07287
0.03775
0.0415
0.04393
0.03815
0.0404
0.07084
0.92554
0.08066
0.05867
0.39834
0.04461
0.39447
0.07423
0.06364
0.35157
0.06045
0.06238
0.06361
0.0693
0.06481
0.06025
0.07097
0.0469
0.07978
0.04471
0.04905
0.73339
0.12414
0.28827
0.22617
0.06182
0.06642
0.06926
0.05036
0.15541
0.10229
0.04654
0.04975
0.05427
0.50893
0.56446
0.07282
0.0567
0.05963
0.17629
0.1097
0.11126
0.08357
0.0624
0.07044
0.06132
0.0448
0.05274
0.05125
0.05081
0.75412
0.08342
0.31899
0.0573
0.06051
0.05604
0.17223
0.06612
0.05248
0.05517
0.04593
0.05581
0.30313
0.04984
0.24966
0.05632
0.05239
0.0513
0.06226
0.04878
0.05235
0.04436
0.09207
0.05622
0.0666
0.50452
0.32137
0.17317
0.05291
0.06443
0.05539
0.19946
0.05253
0.04622
0.34127
0.05536
0.04206
0.04562
0.05412
0.30805
0.05702
0.05872
0.04582
0.05968
0.05955
0.05098
0.07902
0.07393
0.03809
0.03965
0.04134
0.97735
0.14059
0.10579
0.04057
0.37671
0.32412
0.08359
0.05483
0.4353
0.08962
0.05782
0.06026
0.31127
0.0685
0.35615
0.06573
0.05589
0.17712
0.05695
0.17622
0.05075
0.05128
0.38127
0.07993
0.05209
0.23766
0.05645
0.0453
0.04964
0.04584
0.07349
0.04712
0.0545
0.05258
0.04323
0.0501
0.05538
0.04648
0.72026
0.05318
0.0798
0.04707
0.04499
0.1891
0.06872
0.05217
0.05398
0.0416
0.0405
0.05484
0.72468
0.06445
0.07564
0.04795
1.17743
0.12243
0.11016
0.31382
0.06213
0.05654
0.07179
0.05325
0.06036
0.0472
0.47106
0.09119
0.07033
0.04202
0.04357
0.07956
0.06293
0.11683
0.05761
0.04743
0.04572
0.04173
0.36645
0.06107
0.04636
0.05281
0.04647
0.04793
0.05435
0.047
0.04171
0.05651
0.03933
0.03389
0.02853
0.61766
0.09115
0.0485
0.04048
0.06181
0.05205
0.03437
0.03888
0.732
0.08205
0.05944
0.03709
0.04195
0.38155
0.06608
0.25002
0.37451
0.0831
0.05777
0.05304
0.39187
0.07286
0.31231
0.06872
0.05938
0.16441
0.05171
0.04997
0.05654
0.07131
0.04994
0.04443
0.04023
0.0411
0.61169
0.25542
0.06299
0.05504
0.36026
0.08173
0.06872
0.07069
0.04617
0.05652
0.16878
0.05218
0.04914
0.05451
0.13285
0.27604
0.06165
0.06339
0.20326
0.0541
0.06143
0.04325
0.27989
0.0984
0.04489
0.05749
0.03994
0.05025
0.0386
0.05221
0.03744
0.05028
0.04016
0.47017
0.06971
0.04721
0.04347
0.04132
0.04454
0.05033
0.04588
0.79548
0.11862
0.33995
0.07232
0.07329
0.07014
0.04271
0.04688
0.04841
0.06055
0.05038
0.03729
0.04583
0.03868
0.1028
0.76648
0.05445
0.0497
0.03674
0.04707
0.0395
0.37525
0.05514
0.05947
0.31845
0.06792
0.33841
0.05719
0.04645
0.10859
0.047
0.2659
0.05107
0.37148
0.06978
0.0441
0.04389
0.04147
0.04259
0.0353
0.04271
0.03125
0.04413
0.03762
0.03846
0.03219
0.68143
0.04922
0.0318
0.03105
0.03271
0.02927
0.03688
0.02568
0.03402
0.03025
0.02941
0.02693
0.02444
0.02521
0.02455
0.75219
0.04529
0.03562
0.03514
0.74972
0.07498
0.05607
0.31935
0.05869
0.04259
0.03731
0.14114
0.03816
0.04923
0.04716
0.0375
0.03533
0.03709
0.0382
0.68963
0.06083
0.04852
0.08168
0.14013
0.04369
0.04147
0.04749
0.04459
0.03694
0.04738
0.0342
0.44366
0.05457
0.33809
0.04865
0.03342
0.03085
0.0306
0.02778
0.03082
0.03456
0.02348
0.03147
0.02876
0.02998
0.75841
1.24717
0.11921
0.2495
0.03821
0.03915
0.75779
0.05783
0.09483
0.50423
0.05717
0.07898
0.04386
0.05225
0.35817
0.06677
0.0486
0.04376
0.04448
0.69822
0.09308
0.05258
0.0662
0.04215
0.04174
0.04014
0.03534
0.03796
0.03094
0.03014
0.03284
0.02947
0.03233
0.03271
0.03025
0.03017
0.03086
0.02774
0.03037
0.02833
0.02548
0.27764
0.76063
0.09422
0.38116
0.05195
0.03693
0.04102
0.03919
0.46295
0.05509
0.05811
0.05462
0.3932
0.09637
0.03967
0.05224
0.04073
0.04333
0.29059
0.07042
0.04873
0.06377
0.04332
0.04443
0.039
0.04365
0.03948
0.60278
0.06188
0.04572
0.03657
0.03888
0.03735
0.56118
0.06064
0.56532
0.26411
0.07434
0.06676
0.04171
0.05585
0.04605
0.05473
0.04719
0.03542
0.03213
0.03556
0.03647
0.03331
0.53565
0.07816
0.26197
0.06298
0.04864
0.05297
0.05706
0.03637
0.31198
0.04648
0.04553
0.048
0.3662
0.06083
0.05768
0.06357
0.03226
0.05393
0.36799
0.06828
0.03652
0.04158
0.03861
0.04785
0.18337
0.44162
0.05958
0.0661
0.05422
0.05013
0.05234
0.58173
0.18165
0.08381
0.04118
0.04853
0.05338
0.05003
0.03429
0.04339
0.10677
0.50371
0.38203
0.04336
0.35249
0.1821
0.0408
0.06314
0.04732
0.1902
0.04834
0.05057
0.04149
0.03809
0.04273
0.03881
0.48236
0.08846
0.0538
0.04898
0.03439
0.25169
0.05388
0.04692
0.22058
0.0464
0.04198
0.04019
0.04373
0.03692
0.03111
0.03456
0.52548
0.08203
0.06151
0.04901
0.03915
0.04436
0.32397
0.05269
0.04863
0.04531
0.49917
0.07512
0.0506
0.04563
0.28475
0.0418
0.03476
0.35834
0.07585
0.38923
0.05218
0.04794
0.05888
0.03569
0.05069
0.03571
0.03807
1.04526
0.06729
0.05504
0.06044
0.05042
0.0473
0.03565
0.03563
0.04197
0.21717
0.04237
0.04331
0.09775
0.0369
0.04527
0.05284
0.04894
0.04595
0.58621
0.06287
0.05367
0.40251
0.05936
0.38866
0.06039
0.04758
0.04553
0.04956
0.226
0.04306
0.03759
0.03845
0.41466
0.06461
0.06503
0.04944
0.05087
0.04737
0.42762
0.05712
0.05274
0.27413
0.05674
0.20682
0.0545
0.08074
0.04342
0.22035
