0.49899
0.47183
0.44814
0.42659
0.40559
0.38687
0.36573
0.35156
0.32787
0.30536
0.28702
0.26904
0.25077
0.21871
0.21804
0.20433
0.19521
0.18257
0.18641
0.16372
0.13107
0.13385
0.12093
0.11505
0.10732
0.10558
0.09217
0.18195
0.24436
0.26842
0.26346
0.20194
0.23882
0.22799
0.28459
0.23321
0.29077
0.2157
0.2365
0.25618
0.25487
0.257
0.26863
0.30727
0.26862
0.27141
0.26925
0.27421
0.26276
0.27733
0.2859
0.27324
0.28527
0.28346
0.28167
0.26917
0.28643
0.28493
0.27524
0.30293
0.24931
0.2839
0.28013
0.26258
0.25275
0.2883
0.26712
0.27628
0.2561
0.28545
0.28541
0.25904
0.30051
0.26929
0.30897
0.25605
0.34402
0.3055
0.23615
0.29676
0.28248
0.2541
0.24887
0.33575
0.31528
0.33801
0.30463
0.31458
0.30174
0.28848
0.31135
0.26851
0.30245
0.31726
0.28566
0.29944
0.31695
0.28913
0.27202
0.32843
0.26795
0.30791
0.26581
0.33607
0.29135
0.25782
0.33844
0.29
0.29073
0.27808
0.28887
0.30284
0.2615
0.33906
0.27855
0.29601
0.29933
0.26792
0.32881
0.25983
0.32697
0.25309
0.34071
0.29709
0.30895
0.30943
0.26184
0.35956
0.30213
0.28152
0.32863
0.28733
0.35066
0.29839
0.2901
0.3283
0.24615
0.36557
0.26501
0.35065
0.26901
0.35022
0.29538
0.32088
0.3338
0.30689
0.30422
0.30773
0.29289
0.37107
0.32745
0.26675
0.39036
0.30843
0.35825
0.30312
0.34321
0.30541
0.37256
0.30697
0.35313
0.33868
0.33056
0.34717
0.24751
0.39235
0.30634
0.34612
0.37952
0.28731
0.38008
0.30109
0.35431
0.34818
0.31325
0.38571
0.37538
0.32051
0.31753
0.40686
0.31196
0.40467
0.26477
0.33464
0.37022
0.39282
0.30481
0.40931
0.34356
0.41977
0.32759
0.34729
0.42027
0.31844
0.37577
0.39426
0.29639
0.41963
0.33338
0.37493
0.35754
0.41876
0.37548
0.33935
0.41359
0.31445
0.41983
0.29064
0.41077
0.40779
0.34132
0.38738
0.32346
0.40401
0.34465
0.39883
0.36674
0.34872
0.3782
0.41708
0.23167
0.3367
0.3795
0.3743
0.31398
0.41046
0.35711
0.40918
0.28165
0.41097
0.3363
0.35566
0.27599
0.35717
0.36784
0.36163
0.32636
0.40548
0.30611
0.41201
0.28773
0.42252
0.35628
0.41516
0.3362
0.37987
0.42207
0.37675
0.36158
0.33595
0.42836
0.31553
0.40176
0.29077
0.42858
0.30949
0.40558
0.3527
0.36787
0.38378
0.29844
0.41319
0.34505
0.31748
0.32422
0.35045
0.41163
0.27389
0.16244
0.38263
0.29831
0.37608
0.37194
0.3265
0.37941
0.40089
0.32079
0.37332
0.35988
0.42909
0.33942
0.35494
0.39052
0.36619
0.42835
0.33913
0.41925
0.37316
0.38907
0.35521
0.35455
0.4205
0.34112
0.42166
0.3775
0.35806
0.40007
0.39486
0.33101
0.43314
0.33831
0.42482
0.32157
0.42015
0.37303
0.42111
0.31843
0.38226
0.38313
0.39082
0.42421
0.33001
0.4203
0.3059
0.44207
0.25303
0.32004
0.40823
0.38564
0.32008
0.33544
0.41807
0.30114
0.37669
0.42619
0.36543
0.3506
0.42745
0.31669
0.35182
0.43196
0.28257
0.37111
0.43518
0.15924
0.10072
0.07031
0.03571
0.02798
0.02104
0.01855
0.0326
0.06152
0.05328
0.07543
0.18934
0.22435
0.2407
0.22724
0.27519
0.23809
0.29547
0.25672
0.27511
0.34374
0.28475
0.29073
0.32235
0.2912
0.28059
0.2661
0.35517
0.30629
0.28981
0.35545
0.28046
0.29825
0.37775
0.33151
0.28828
0.28767
0.29327
0.33792
0.35558
0.31757
0.37519
0.28689
0.38809
0.29496
0.39006
0.31896
0.31713
0.38671
0.31604
0.38915
0.23396
0.30319
0.31024
0.39482
0.30626
0.39446
0.2907
0.40455
0.3338
0.39612
0.32057
0.35254
0.35688
0.35555
0.28475
0.38886
0.34051
0.40643
0.32197
0.38367
0.29189
0.38499
0.32205
0.33486
0.30598
0.39346
0.3314
0.39494
0.33882
0.36476
0.38953
0.3506
0.3134
0.33329
0.40019
0.28193
0.36376
0.39323
0.34206
0.38778
0.34206
0.32761
0.40033
0.30883
0.36744
0.28489
0.38547
0.29545
0.34862
0.36727
0.31842
0.40021
0.2925
0.31835
0.39345
0.073
0.21603
0.27296
0.28262
0.27304
0.37954
0.30674
0.32469
0.33128
0.27764
0.36679
0.32844
0.27882
0.34889
0.28039
0.28161
0.39634
0.25885
0.35587
0.33019
0.3117
0.30121
0.25787
0.36038
0.27934
0.26177
0.34961
0.24654
0.37431
0.27595
0.33639
0.296
0.36345
0.26196
0.34422
0.32121
0.32943
0.25517
0.3055
0.26835
0.28876
0.34762
0.26547
0.31298
0.27727
0.07847
0.31475
0.33848
0.30194
0.28476
0.26907
0.22994
0.31218
0.31584
0.26008
0.28905
0.26521
0.30323
0.25994
0.2597
0.29514
0.29304
0.2794
0.21145
0.32931
0.22934
0.3389
0.31708
0.2792
0.2253
0.289
0.22399
0.32173
0.22224
0.21488
0.26923
0.1968
0.25554
0.2682
0.20507
0.34114
0.2258
0.26577
0.20846
0.27642
0.21729
0.22263
0.26705
0.27617
0.232
0.28292
0.25371
0.22259
0.289
0.22007
0.28942
0.26528
0.2876
0.2689
0.23817
0.30504
0.20521
0.30324
0.25649
0.27222
0.26365
0.30021
0.23521
0.29577
0.3073
0.2974
0.31306
0.29031
0.31219
0.37496
0.32298
0.32067
0.39996
0.33498
0.30195
0.37683
0.29392
0.34035
0.29624
0.27506
0.31911
0.30373
0.35117
0.28825
0.33669
0.25454
0.34475
0.33769
0.26821
0.31839
0.30494
0.31231
0.37457
0.27283
0.29954
0.32093
0.28873
0.35557
0.29304
0.345
0.28626
0.28714
0.32723
0.31497
0.28439
0.27307
0.31006
0.3691
0.28065
0.28968
0.30467
0.29943
0.28025
0.32433
0.27994
0.33068
0.27422
0.34117
0.271
0.2896
0.27936
0.33458
0.29574
0.27649
0.32986
0.28356
0.28288
0.35012
0.29488
0.30144
0.31034
0.30382
0.26776
0.31273
0.3204
0.27965
0.28701
0.34351
0.27342
0.33462
0.28516
0.29764
0.31218
0.35279
0.28272
0.33077
0.23153
0.29867
0.28894
0.29049
0.32805
0.2717
0.31133
0.32868
0.3272
0.22109
0.31621
0.23437
0.34189
0.24172
0.29541
0.25438
0.29494
0.25847
0.26794
0.24436
0.33198
0.29837
0.23648
0.25159
0.32026
0.23706
0.27292
0.32045
0.25362
0.29727
0.27195
0.22316
0.28537
0.23698
0.33858
0.24102
0.25306
0.28497
0.24953
0.1924
0.31651
0.24984
0.24534
0.22439
0.24325
0.2622
0.1952
0.32097
0.20253
0.30767
0.26246
0.20872
0.27598
0.27488
0.19927
0.28097
0.24808
0.22954
0.33114
0.25825
0.24888
0.28888
0.2297
0.26366
0.23695
0.24684
0.24158
0.29842
0.23254
0.22789
0.25169
0.22333
0.23857
0.27507
0.23556
0.22048
0.27329
0.24515
0.24995
0.21035
0.27861
0.21668
0.2122
0.2231
0.24492
0.22044
0.24068
0.26774
0.21141
0.25474
0.23862
0.24831
0.23736
0.29451
0.21003
0.25827
0.20362
0.23934
0.29052
0.25508
0.2679
0.23103
0.2363
0.2173
0.29854
0.25262
0.22275
0.20084
0.29885
0.1982
0.2804
0.21061
0.29864
0.24356
0.22694
0.21475
0.30897
0.22393
0.2169
0.23458
0.22623
0.26442
0.21799
0.24966
0.27962
0.21711
0.18894
0.29767
0.09324
0.07821
0.03073
0.01238
0.00686
0.00629
0.00343
0.00221
0.00201
0.00148
0.00113
0.00281
0.03258
0.0374
0.02277
0.01282
0.00853
0.00523
0.00413
0.00513
0.00361
0.00236
0.00167
0.00135
0.00115
0.00097
0.00074
0.00062
0.00063
0.00049
0.00039
0.00028
0.00032
0.00031
0.00024
0.00025
0.00015
0.00016
0.03902
0.19729
0.22787
0.25507
0.22873
0.26206
0.29169
0.28008
0.21535
0.22887
0.28975
0.25609
0.25695
0.21622
0.25278
0.25014
0.20963
0.26
0.20147
0.25651
0.21765
0.20876
0.20377
0.24477
0.21328
0.21855
0.20542
0.26505
0.21321
0.22269
0.21274
0.2239
0.20965
0.22656
0.21928
0.18488
0.22566
0.18191
0.21694
0.23526
0.20859
0.17821
0.21988
0.16932
0.24428
0.19923
0.24624
0.12618
0.22977
0.18161
0.19603
0.15425
0.21104
0.13284
0.19029
0.15984
0.15258
0.20726
0.19646
0.17739
0.18212
0.13582
0.19563
0.16576
0.1725
0.19762
0.15205
0.21959
0.1473
0.16615
0.2014
0.17924
0.19088
0.20488
0.15872
0.1839
0.13774
0.22595
0.10963
0.21719
0.14609
0.15864
0.20325
0.12486
0.18603
0.16062
0.19942
0.13356
0.19873
0.11851
0.20433
0.1693
0.18052
0.18802
0.15485
0.1294
0.13868
0.21806
0.15741
0.17567
0.16614
0.1339
0.19269
0.16542
0.13469
0.23412
0.14346
0.19623
0.19412
0.1177
0.18792
0.16714
0.16721
0.14988
0.13568
0.13848
0.17671
0.15677
0.21476
0.20489
0.14469
0.17679
0.19861
0.06052
0.02428
0.00618
0.00224
0.00455
0.00107
0.00049
0.00028
0.00092
0.00181
0.00325
0.05287
0.03876
0.03822
0.03468
0.07812
0.0535
0.07298
0.10692
0.09705
0.05398
0.06349
0.08285
0.06076
0.08388
0.11718
0.09771
0.11161
0.11282
0.09616
0.12185
0.10584
0.10018
0.11603
0.15404
0.1449
0.11371
0.13078
0.12307
0.12166
0.14674
0.14424
0.12352
0.14782
0.12047
0.15918
0.17083
0.13394
0.15135
0.14346
0.13779
0.16242
0.13568
0.13327
0.13745
0.15715
0.1392
0.12042
0.13529
0.13953
0.12401
0.1035
0.10506
0.11979
0.13484
0.11036
0.15885
0.12381
0.15015
0.13548
0.08778
0.1345
0.1593
0.15475
0.12225
0.12534
0.13766
0.12862
0.14251
0.12823
0.14509
0.09201
0.16499
0.14235
0.12012
0.13666
0.14984
0.1467
0.13556
0.17565
0.12964
0.1458
0.12814
0.13957
0.19892
0.13042
0.14824
0.14562
0.16394
0.12948
0.14689
0.12114
0.17117
0.15338
0.14729
0.20093
0.16904
0.09678
0.192
0.1011
0.14158
0.13552
0.10167
0.17225
0.17781
0.11547
0.14996
0.10364
0.16724
0.11193
0.16139
0.14974
0.11792
0.15147
0.13238
0.14935
0.10356
0.16406
0.11971
0.11694
0.14367
0.1221
0.09677
0.10201
0.12632
0.17697
0.13198
0.11464
0.10798
0.188
0.10159
0.11983
0.15885
0.10957
0.13678
0.12915
0.16949
0.10065
0.17327
0.02177
0.00725
0.00294
0.00098
0.00201
0.00142
0.0008
0.00109
0.0138
0.02545
0.01373
0.016
0.01345
0.02946
0.02599
0.07003
0.06087
0.09488
0.06736
0.10254
0.07634
0.06219
0.13803
0.11335
0.13322
0.13078
0.10519
0.11391
0.09405
0.13175
0.10787
0.12319
0.09058
0.10389
0.07681
0.1262
0.13479
0.11331
0.10743
0.14398
0.11354
0.11472
0.08247
0.16948
0.10042
0.10986
0.13622
0.12522
0.14696
0.1127
0.13504
0.06707
0.12409
0.09438
0.11592
0.09759
0.12474
0.13878
0.10123
0.11122
0.08979
0.08528
0.13427
0.06999
0.14066
0.13838
0.10716
0.1199
0.11354
0.12169
0.13927
0.10551
0.09382
0.13753
0.10743
0.16454
0.11493
0.12438
0.12764
0.12988
0.16908
0.08836
0.16251
0.10817
0.15244
0.09929
0.12582
0.12747
0.10881
0.16647
0.09986
0.11421
0.15917
0.1242
0.14592
0.1115
0.15072
0.15352
0.11847
0.10935
0.11378
0.09403
0.0981
0.11471
0.16201
0.11853
0.12828
0.14756
0.13613
0.16257
0.11261
0.17781
0.15453
0.13822
0.08116
0.08561
0.14437
0.14297
0.15124
0.12508
0.15905
0.12429
0.13315
0.12324
0.20013
0.10771
0.17829
0.12017
0.13575
0.11404
0.17178
0.1159
0.1564
0.13435
0.15221
0.17013
0.09002
0.18174
0.09608
0.14351
0.13678
0.17917
0.13557
0.15665
0.15256
0.12847
0.09082
0.18479
0.17694
0.14504
0.1114
0.16535
0.10339
0.12341
0.16648
0.13645
0.15572
0.15907
0.14125
0.1712
0.10173
0.16845
0.15974
0.11475
0.12762
0.16091
0.11761
0.15766
0.11494
0.15163
0.0495
0.18741
0.14313
0.12649
0.15672
0.1222
0.13355
0.1576
0.17282
0.17897
0.138
0.10915
0.15636
0.10525
0.12072
0.17436
0.1171
0.15029
0.14735
0.15855
0.07184
0.19794
0.12961
0.0905
0.13284
0.11535
0.09555
0.14163
0.13556
0.14268
0.16188
0.11052
0.17113
0.16326
0.12556
0.16186
0.11156
0.13851
0.15631
0.11158
0.15853
0.02493
0.01881
0.00399
0.00199
0.00139
0.00055
0.00036
0.00037
0.00012
8e-05
8e-05
4e-05
0.00011
0.02789
0.06539
0.03309
0.01913
0.0103
0.01761
0.01277
0.01054
0.01517
0.06034
0.04858
0.05644
0.05092
0.02312
0.03624
0.06398
0.08003
0.08456
0.06583
0.03777
0.11615
0.12947
0.12056
0.08698
0.08361
0.11052
0.0852
0.10638
0.08845
0.066
0.07106
0.10506
0.03749
0.1125
0.07695
0.06104
0.07724
0.08994
0.08768
0.08329
0.07254
0.09574
0.09379
0.08541
0.1116
0.09561
0.09924
0.10587
0.10859
0.11664
0.13861
0.11906
0.14106
0.16083
0.12525
0.11269
0.08505
0.14758
0.1186
0.13418
0.12405
0.10034
0.10281
0.13428
0.08676
0.14702
0.11454
0.11794
0.15055
0.10497
0.15486
0.17587
0.12753
0.12727
0.1135
0.13891
0.11588
0.14261
0.14024
0.12954
0.14679
0.11949
0.12432
0.10366
0.18357
0.13003
0.12813
0.12064
0.14174
0.11527
0.14268
0.14791
0.15368
0.12201
0.19079
0.14867
0.19485
0.18795
0.13557
0.17107
0.10417
0.13862
0.1181
0.13175
0.11837
0.10195
0.10258
0.13129
0.13496
0.10036
0.10658
0.07692
0.15628
0.12842
0.09918
0.1656
0.12086
0.14072
0.09888
0.13649
0.10136
0.114
0.1061
0.10192
0.13872
0.1154
0.1188
0.12327
0.12494
0.12562
0.13269
0.16343
0.1345
0.10427
0.11477
0.16496
0.1354
0.14611
0.06411
0.14203
0.10912
0.12428
0.0955
0.11989
0.07273
0.12234
0.10961
0.08611
0.19896
0.08358
0.14397
0.10523
0.11258
0.15197
0.12742
0.11505
0.08065
0.16515
0.10386
0.11025
0.11089
0.10287
0.10421
0.11473
0.12289
0.12318
0.14243
0.08615
0.12045
0.14796
0.14793
0.09529
0.16636
0.0764
0.15391
0.10839
0.1649
0.11829
0.13756
0.1471
0.11587
0.14962
0.11707
0.14472
0.12863
0.10957
0.17238
0.11126
0.13534
0.0835
0.1509
0.1486
0.12016
0.11554
0.1309
0.15801
0.168
0.13382
0.11702
0.10312
0.10259
0.14803
0.11295
0.13908
0.12501
0.12827
0.12602
