5.0792
4.04036
4.34694
4.43577
4.13703
3.89836
3.52321
3.19242
3.19303
3.3336
3.59401
3.71105
4.18589
4.32299
4.31805
4.39043
4.51432
4.44993
4.44051
4.47714
4.5335
4.71645
4.50326
4.53517
4.6839
4.64109
4.65281
4.7708
4.64095
4.70513
4.94514
4.84391
4.88758
4.84457
4.84998
4.92179
5.02933
4.93735
4.36858
4.85284
5.02012
4.97971
5.10572
5.11071
5.23164
5.17524
5.41127
5.34916
5.40941
5.44829
5.57452
5.50133
5.64074
5.51489
5.65103
6.08321
5.8583
5.98903
6.05447
5.82673
5.97007
5.7655
5.77742
5.75797
5.98738
5.95408
5.73735
5.73359
6.17437
5.66285
6.09556
6.22363
6.04675
6.05873
6.07985
6.18274
6.16457
6.11817
6.23523
6.29202
6.18876
6.21735
6.27753
6.63966
6.57734
6.16141
6.42344
6.40132
6.09511
6.43575
6.43267
6.53323
6.51934
6.69904
6.54949
6.74724
6.35673
6.53397
6.52856
6.44485
6.69619
6.29447
6.54435
6.49698
6.57473
6.52695
6.52365
6.68891
6.40044
6.81631
6.79307
6.77704
6.77032
6.76227
6.83274
6.82543
7.20629
6.88216
6.88293
6.88879
6.95848
6.97269
7.14628
7.11982
6.88286
7.00928
7.11086
6.90398
6.87599
6.9903
7.11153
6.9881
6.88664
7.11693
7.32932
7.50695
6.96391
7.18794
7.18216
7.32143
7.16912
7.18207
7.26163
7.27123
7.29495
7.11344
7.34713
7.30059
7.24648
7.29562
6.93516
7.10776
7.38945
7.23701
7.36756
7.43508
7.624
7.62156
7.32532
7.50983
7.31282
7.63785
7.5494
7.56558
7.45867
7.6411
7.50475
7.54553
7.85764
7.33111
7.0997
7.6548
7.95266
7.65923
7.3912
7.54909
7.65021
7.92636
7.20297
7.1249
7.59845
7.59876
7.69061
7.6585
7.43812
7.90344
7.21613
7.02469
7.68281
7.81625
7.6316
8.00093
7.95541
7.61655
7.6111
7.80096
7.69087
7.88504
8.20165
7.97715
7.76894
7.59611
7.91318
8.29111
8.11928
7.97617
7.74466
7.4295
8.1311
7.81301
7.88135
7.78398
7.93108
7.5435
7.67941
7.73641
7.88159
8.07237
8.11049
8.19408
7.91804
7.66444
8.38011
8.07785
7.934
8.42557
8.09715
7.99813
8.37165
8.13322
7.91696
7.85695
7.86192
7.99271
7.86528
8.26518
8.15727
7.70545
8.00042
7.9631
7.96071
8.32172
8.17192
8.09645
8.41354
8.26465
7.90052
7.56474
7.78763
7.2999
7.8404
8.18617
8.3429
7.99534
8.32554
8.23098
7.94715
7.86486
7.98398
7.86417
8.36898
8.28588
8.11423
8.0352
8.59125
8.18974
8.1267
8.23651
8.12771
8.37274
8.00589
8.15477
8.45016
8.37606
8.06122
8.15323
8.13738
8.38256
8.19461
8.39049
8.2953
8.18287
8.38888
8.51689
8.43529
8.67653
8.47436
8.22943
8.67146
8.78352
8.87074
8.50717
8.50696
8.47834
8.64277
8.90194
8.39407
8.59446
8.43433
8.30794
8.82391
8.71175
8.44282
8.55763
8.89515
8.70387
8.43711
8.91589
8.22265
8.43025
8.29523
9.02077
8.47272
8.54131
8.74003
8.57851
8.61727
8.37527
8.73651
8.92391
8.98003
8.61669
9.13285
9.02741
8.23069
8.35721
8.53845
9.07195
8.89027
8.52449
8.69636
9.09027
8.77
9.22015
9.1961
8.83613
9.08627
8.8981
8.95284
8.45491
8.7235
8.68746
8.9367
8.53902
8.40981
8.79419
8.79065
9.21512
9.34119
9.01979
8.64804
9.2972
9.51087
9.37817
8.54572
8.87249
8.68311
8.66541
9.03833
9.34118
8.89359
8.78518
9.239
9.04724
9.44918
9.41867
8.85025
9.46368
9.5291
8.71258
8.85134
9.21258
8.64361
8.03031
8.52124
8.77623
9.068
8.52697
7.89807
8.7111
9.06239
9.43515
9.0649
9.22498
8.45075
8.60341
8.71242
8.67015
8.84046
8.92095
8.87247
9.0343
8.68437
8.96049
9.27677
9.06448
9.16888
9.34893
8.74149
9.45406
8.9361
8.8639
9.24652
8.8194
9.51577
9.55397
8.15303
8.34138
8.76415
9.36614
9.82044
8.81163
8.94176
8.51391
8.99321
9.44893
9.32261
9.228
9.76346
9.80689
8.18658
9.0072
8.91284
9.05375
10.0111
8.85397
8.59547
8.73414
9.17789
9.1432
9.41819
9.72447
9.26939
9.04732
9.20373
9.04008
9.18868
9.14534
9.08644
8.85014
9.12389
9.91408
9.6567
9.56673
9.55984
8.9544
9.53757
10.0426
9.35509
9.10803
9.28797
9.19555
10.20574
10.12957
9.89685
10.01064
9.64838
8.92664
8.8811
9.37558
9.64341
9.00407
9.39577
9.31288
9.28297
9.14932
9.64894
9.21626
9.60028
9.74027
9.61138
9.45972
10.31749
10.18338
9.86332
9.6025
9.09215
9.21272
9.35768
9.40301
9.30055
9.56616
9.74018
9.62446
9.96239
9.33177
9.18593
10.00609
9.61299
10.03794
9.78065
10.32943
9.98738
9.9768
10.21396
9.77363
9.21947
9.554
9.36224
9.41491
9.94649
9.79054
9.8177
9.82787
9.59484
9.76009
9.83152
10.03882
9.79118
8.84292
9.67819
10.05706
9.70774
9.24745
9.60882
10.28798
10.10531
10.13497
10.16354
9.34369
10.70985
34.11818
47.71242
47.56311
46.50026
46.62523
57.19639
60.6244
60.9127
60.59485
60.73637
60.45632
60.59959
60.54661
60.43127
60.62102
59.96577
55.52412
12.22352
9.47359
9.37197
9.6902
9.89262
9.98916
10.40982
10.01126
10.0931
9.982
10.14411
11.57206
10.59315
9.7218
10.1723
9.87485
9.95656
10.33273
9.57924
9.92272
9.64939
9.58543
10.56584
10.4372
9.83657
9.81343
10.34654
10.11861
9.24703
9.37493
10.43571
9.881
9.38238
10.84834
10.34556
9.44862
9.935
10.06686
9.97551
10.26391
9.98712
9.29913
9.57199
9.57335
9.61782
9.74202
9.94174
10.04835
9.78204
10.02631
9.60594
9.64022
9.64574
9.70012
9.75299
9.96693
9.72058
9.70376
9.72861
10.85575
10.18936
10.16593
9.89895
10.36231
10.57275
10.10526
11.01855
11.12882
10.54739
10.16576
9.90892
9.85779
9.84246
9.97172
9.84559
9.7997
9.99095
10.36359
9.67555
10.08271
10.71829
10.30395
9.85353
10.32312
10.0662
10.88813
10.64886
10.16326
10.12965
10.12073
10.65755
10.50291
10.30423
9.93541
10.07179
10.1552
10.26658
9.14484
10.11864
10.57388
9.90458
10.10273
10.54479
11.39255
10.55865
10.58027
10.20919
10.68646
11.60138
10.21606
10.29987
9.8166
10.95885
9.62812
10.85362
10.0617
9.82513
10.1346
10.24354
9.7516
10.69017
9.48775
10.44523
10.29858
9.87998
9.87086
10.18516
9.94309
10.64645
10.89313
9.96062
9.85623
10.11347
10.17796
10.15204
9.9302
9.70948
10.1246
10.78682
10.69767
10.34821
10.80188
9.30698
10.52626
11.37686
12.61773
10.42502
10.73757
10.29291
10.66237
10.26135
9.93518
10.3828
11.27373
10.33721
10.93727
10.30588
10.82032
10.02814
9.6803
10.61477
10.38276
9.26088
10.50468
10.92835
10.81077
10.56075
9.35224
9.91524
10.29235
10.98943
10.54288
10.42846
10.43544
9.84246
9.55274
10.3431
10.76338
10.51956
11.27503
10.07706
10.27135
10.40578
10.32994
10.037
9.3191
10.78573
10.19246
10.52307
10.67615
10.83799
10.09678
10.33417
10.3048
11.13551
10.92063
10.46837
11.16168
10.55283
10.58097
11.15453
10.8621
10.40748
10.7745
10.62272
10.35213
10.48704
9.74554
10.47342
10.90542
10.70815
10.66095
10.626
10.62605
10.72233
9.84836
9.70051
10.33163
11.0707
10.68714
10.95341
10.59724
10.28761
10.392
11.52323
10.52331
11.22714
10.46893
10.61071
10.48541
11.54322
10.27001
11.53784
39.0046
32.98808
10.08042
10.23077
11.5378
11.73121
10.85486
10.14284
10.33531
10.58639
11.07262
10.88945
11.12158
10.93224
10.73575
11.69117
10.25334
10.89228
10.26748
11.11345
11.65877
10.79673
9.86968
11.89902
10.01889
9.75576
9.86712
10.1677
11.33315
9.85128
10.62918
10.42606
10.86421
10.88146
9.98132
10.65302
10.52414
10.67116
10.56418
11.2876
10.24467
10.30361
10.64904
11.14242
11.04188
10.09296
10.02413
10.80644
11.85922
11.48594
10.55376
10.24395
10.73007
11.27288
10.2581
11.08634
10.4404
10.55489
13.52866
14.21167
10.47887
10.92065
10.79553
11.51228
11.83857
11.02176
10.04475
10.61088
11.10123
9.95624
10.4434
10.15985
10.90275
12.58997
10.43194
10.5348
10.73707
11.75369
10.89867
11.6419
10.61153
10.86516
10.64593
12.13011
11.26832
10.58617
9.71367
11.41476
12.04108
10.69775
12.58331
12.34629
10.70923
12.25089
11.54009
10.44738
11.71519
10.66518
10.78111
10.14802
10.31052
10.53542
11.10692
11.42695
10.92522
10.81614
11.07541
11.35288
11.02834
11.91294
11.95894
11.02378
10.28319
11.50213
10.9632
11.11507
10.40608
10.65555
11.25465
10.12722
10.97488
11.07915
11.87854
10.85121
10.94605
10.7656
11.33869
10.61061
9.86125
10.27528
9.94892
9.84479
11.65337
11.84949
10.99239
11.54232
11.11089
10.72485
10.96714
11.66639
11.19215
11.4136
44.68186
74.01348
74.11452
74.00198
73.96619
73.98067
73.89101
73.99808
73.88914
74.02555
74.06027
74.13602
74.20298
74.22432
74.42606
73.9891
74.09307
73.79628
74.076
73.93685
73.91519
74.1099
73.95198
73.97482
73.95792
73.90149
73.90896
73.97693
74.01896
73.8119
73.9072
73.01426
58.90589
10.45723
10.30534
9.76588
10.20421
9.84425
10.42338
10.80843
10.56054
10.86242
10.52094
10.27318
11.82038
11.65528
10.77871
10.95292
11.49291
11.34832
10.60859
10.87438
10.804
10.82776
11.00545
11.49441
10.87405
10.73882
11.02622
11.6295
10.78555
11.08114
10.61107
12.08541
10.99254
11.416
11.861
11.0958
10.62482
11.4165
11.4454
10.81588
11.2258
10.88132
10.79511
10.42212
11.78428
11.37784
18.05404
11.19353
11.03667
11.0609
11.11473
11.34984
11.63915
10.98042
11.07804
