0.78835
0.79406
0.81676
0.83253
0.82849
0.81796
0.79852
0.78437
0.78561
0.79764
0.82506
0.84731
0.86715
0.86258
0.88177
0.89221
0.88939
0.88616
0.90467
0.89918
0.89682
0.89678
0.893
0.88817
0.8928
0.90673
0.90752
0.89541
0.91061
0.91068
0.90184
0.91741
0.93777
0.90412
0.90312
0.93971
0.91572
0.9286
0.87693
0.91741
0.91393
0.93066
0.92729
0.93303
0.94518
0.93008
0.91998
0.94778
0.94073
0.94033
0.93053
0.93334
0.95026
0.93908
0.95298
0.96756
0.93898
0.947
0.97136
0.94123
0.94489
0.94846
0.93101
0.95509
0.94977
0.96067
0.91957
0.96305
0.95258
0.93751
0.96011
0.95497
0.95132
0.94449
0.9726
0.95044
0.95333
0.95699
0.96383
0.96462
0.94941
0.9505
0.96272
0.97569
0.95454
0.9618
0.95383
0.96674
0.94514
0.97235
0.96035
0.95196
0.96029
0.9748
0.95963
0.97992
0.93436
0.97125
0.967
0.95765
0.9877
0.94275
0.96144
0.96367
0.9565
0.97468
0.96385
0.96373
0.95807
0.97403
0.95952
0.96951
0.97897
0.95466
0.95936
0.97819
0.97404
0.95503
0.97592
0.9641
0.97486
0.97475
0.97117
0.95782
0.96929
0.97553
0.95787
0.9781
0.96299
0.96515
0.98227
0.96734
0.96208
0.97356
0.97872
0.9717
0.95501
0.97838
0.97271
0.96946
0.97879
0.96245
0.97531
0.97105
0.97889
0.96553
0.98016
0.97012
0.96598
0.96294
0.97536
0.97706
0.96809
0.96934
0.97104
0.97544
0.98155
0.97832
0.96778
0.96848
0.97457
0.98969
0.9614
0.97181
0.98641
0.96284
0.96968
0.98828
0.9706
0.9644
0.97971
0.98377
0.98404
0.95901
0.97786
0.9802
0.97673
0.97803
0.96776
0.96384
0.9825
0.97347
0.98105
0.97062
0.96653
0.97767
0.96601
0.9662
0.98096
0.97271
0.97785
0.97234
0.97566
0.97849
0.97156
0.98326
0.97563
0.98748
0.97141
0.976
0.97109
0.97557
0.98334
0.97183
0.98062
0.98367
0.97035
0.98104
0.97848
0.96822
0.97368
0.97602
0.98277
0.96913
0.97259
0.97453
0.9806
0.9779
0.9834
0.97147
0.97172
0.98132
0.97644
0.97545
0.98609
0.97833
0.97095
0.98421
0.97808
0.98468
0.97313
0.97155
0.98075
0.96606
0.98348
0.9765
0.97753
0.97736
0.97929
0.97706
0.9841
0.9746
0.9788
0.98284
0.97665
0.97616
0.97382
0.96573
0.98037
0.95818
0.98006
0.98546
0.97791
0.97445
0.97994
0.98046
0.96717
0.98244
0.97059
0.98589
0.98177
0.98474
0.96898
0.98232
0.9828
0.97573
0.97342
0.98154
0.98304
0.98002
0.9691
0.98738
0.98195
0.97933
0.97174
0.98196
0.97521
0.9833
0.97738
0.98734
0.96847
0.98359
0.98165
0.97678
0.98421
0.98077
0.97855
0.98116
0.98221
0.98084
0.98314
0.97289
0.97947
0.98033
0.98265
0.97968
0.97239
0.97878
0.97898
0.97998
0.98257
0.9894
0.96903
0.98236
0.98411
0.9833
0.97899
0.97535
0.98597
0.981
0.97657
0.98628
0.9727
0.98714
0.98012
0.98191
0.97677
0.98624
0.98476
0.987
0.97799
0.99083
0.97886
0.98886
0.97149
0.97712
0.98076
0.98662
0.97797
0.9814
0.99055
0.9839
0.98146
0.98071
0.98366
0.97141
0.98702
0.98556
0.97956
0.97748
0.98025
0.98295
0.9767
0.98387
0.97397
0.98284
0.99036
0.98567
0.98825
0.97197
0.98453
0.99106
0.98599
0.9765
0.98007
0.97862
0.98559
0.97963
0.97767
0.98757
0.98185
0.97852
0.9865
0.98277
0.98738
0.98288
0.97904
0.98651
0.98431
0.9794
0.98487
0.98033
0.9743
0.96861
0.98088
0.98586
0.98128
0.97518
0.9718
0.97972
0.98587
0.97975
0.98649
0.98021
0.97251
0.98147
0.98505
0.97878
0.98742
0.98256
0.98818
0.98044
0.98335
0.98304
0.98632
0.97992
0.99172
0.98281
0.97945
0.98543
0.98428
0.98323
0.9845
0.97684
0.98884
0.97722
0.97441
0.98108
0.98444
0.98813
0.98376
0.982
0.98533
0.97896
0.98518
0.98993
0.98412
0.98691
0.99299
0.97775
0.97215
0.98024
0.9864
0.98814
0.9835
0.97909
0.97568
0.9837
0.9826
0.98259
0.97915
0.98954
0.98543
0.98037
0.97913
0.98564
0.98034
0.98102
0.98801
0.98123
0.98387
0.98476
0.98229
0.98797
0.98018
0.97758
0.987
0.98931
0.97602
0.98194
0.98118
0.98994
0.98594
0.99316
0.98616
0.98132
0.98393
0.97581
0.99057
0.98653
0.98679
0.97371
0.98773
0.98531
0.98058
0.98589
0.98673
0.98619
0.98415
0.99204
0.98109
0.98531
0.98655
0.98656
0.99068
0.9787
0.9792
0.98849
0.983
0.97913
0.98625
0.98827
0.98513
0.98635
0.98298
0.98445
0.98477
0.98536
0.99083
0.98947
0.98013
0.99058
0.988
0.99237
0.9795
0.98276
0.98671
0.98442
0.98581
0.97626
0.99176
0.9895
0.98211
0.98508
0.99212
0.985
0.98575
0.98307
0.98984
0.97705
0.98595
0.98479
0.98473
0.98288
0.98597
0.98902
0.99268
0.98356
0.98896
0.97928
0.98875
0.99941
1.0
1.0
1.0
1.0
0.99964
1.0
1.0
1.0
1.0
1.0
1.0
1.0
1.0
1.0
1.0
0.99041
0.96529
0.98057
0.98228
0.98237
0.98882
0.98351
0.98579
0.98091
0.98815
0.98434
0.99378
0.98827
0.98025
0.98631
0.98935
0.98774
0.98647
0.98859
0.98605
0.98673
0.98259
0.98996
0.99196
0.98235
0.98967
0.99107
0.98496
0.98224
0.98174
0.98548
0.98529
0.98715
0.98171
0.99071
0.98282
0.98609
0.98693
0.98735
0.98812
0.99134
0.98139
0.97737
0.98817
0.98607
0.98838
0.98735
0.9869
0.98428
0.98539
0.98567
0.99084
0.9807
0.98089
0.98984
0.98685
0.98887
0.98202
0.9883
0.98702
0.99282
0.98602
0.98699
0.98047
0.98916
0.98701
0.98514
0.99301
0.9911
0.98497
0.98306
0.989
0.98834
0.98592
0.99035
0.98386
0.98979
0.9901
0.98498
0.9845
0.98399
0.99051
0.9818
0.99009
0.98863
0.98531
0.98978
0.98271
0.98894
0.98985
0.98572
0.99224
0.98197
0.98191
0.99091
0.98705
0.99223
0.9814
0.98274
0.99004
0.98942
0.9817
0.98603
0.98827
0.98902
0.98756
0.98996
0.98454
0.98724
0.9886
0.98858
0.98302
0.98323
0.98867
0.98816
0.99012
0.97809
0.98788
0.98956
0.98608
0.98238
0.98881
0.9839
0.9911
0.98202
0.98533
0.98884
0.98442
0.99059
0.9917
0.9865
0.98069
0.99178
0.98815
0.98388
0.98709
0.98391
0.9857
0.98824
0.99043
0.98792
0.98164
0.98902
0.9813
0.99098
0.98973
0.98987
0.99027
0.98946
0.98797
0.99226
0.9892
0.98337
0.98997
0.99162
0.98473
0.99007
0.98652
0.9854
0.9806
0.98407
0.99083
0.98713
0.98024
0.99062
0.98974
0.98736
0.98651
0.97924
0.98686
0.99179
0.98885
0.98885
0.98468
0.98749
0.97966
0.98608
0.98561
0.98341
0.99039
0.99108
0.98361
0.98661
0.98969
0.98484
0.97656
0.98429
0.99076
0.98237
0.98421
0.98895
0.98698
0.98531
0.98984
0.9882
0.98806
0.99024
0.99124
0.98283
0.99102
0.98992
0.99389
0.9827
0.98476
0.9898
0.98962
0.984
0.9896
0.98316
0.98425
0.98948
0.99253
0.99227
0.98425
0.99029
0.98825
0.97744
0.98043
0.98951
0.99071
0.98773
0.9904
0.98921
0.98871
0.98641
0.98966
0.99076
0.99056
0.98549
0.98816
0.99166
0.98969
0.9831
0.98962
0.99874
0.99237
0.9798
0.98639
0.99108
0.98589
0.99151
0.98275
0.98823
0.98205
0.98636
0.98453
0.99107
0.98887
0.99236
0.98953
0.98038
0.98941
0.9883
0.9904
0.99024
0.99221
0.97872
0.99143
0.98108
0.98041
0.98877
0.98962
0.9904
0.97924
0.98807
0.98971
0.9927
0.98329
0.98471
0.99002
0.99145
0.98425
0.99229
0.99286
0.97761
0.98274
0.98742
0.98403
0.98488
0.99085
0.98643
0.98893
0.98702
0.98682
0.98728
0.98261
0.98619
0.98896
0.99128
0.98713
0.9871
0.98828
0.99182
0.98785
0.98503
0.99142
0.99206
0.98988
0.98883
0.98586
0.98359
0.99306
0.98911
0.97878
0.98717
0.99138
0.99319
0.99182
0.98602
0.98429
0.99015
0.99043
0.98689
0.99177
0.9855
0.97965
0.98678
0.98948
0.98971
0.98572
0.987
0.99108
0.9887
0.99281
0.99174
0.98377
0.98739
0.99185
0.98697
0.98717
0.98922
0.98368
0.98933
0.98444
0.98825
0.99273
0.99033
0.9921
0.98533
0.99134
0.99229
0.98797
0.98542
0.98578
0.9924
0.98182
0.98824
0.99145
0.98716
0.98747
0.99059
0.98116
0.98749
0.98997
0.99332
0.9869
0.99143
0.98333
0.99046
0.98551
0.99002
0.98526
0.98228
0.99065
0.97498
0.98453
0.98883
0.99083
0.99218
0.98527
0.98852
0.98846
0.98574
0.98991
0.98249
0.99145
0.99845
1.0
1.0
1.0
1.0
1.0
1.0
1.0
1.0
1.0
1.0
1.0
1.0
1.0
1.0
1.0
1.0
1.0
1.0
1.0
1.0
1.0
1.0
1.0
1.0
1.0
1.0
1.0
1.0
1.0
1.0
1.0
0.98504
0.97381
0.9806
0.98287
0.98335
0.9852
0.98869
0.98827
0.99082
0.99219
0.98454
0.98481
0.99097
0.99062
0.98782
0.9904
0.98855
0.99001
0.99038
0.99018
0.99274
0.98468
0.98656
0.98747
0.98894
0.98854
0.98907
0.98976
0.98964
0.98862
0.98613
0.98938
0.98937
0.9875
0.99054
0.98779
0.98803
0.99313
0.9901
0.98518
0.99271
0.98625
0.98315
0.98855
0.98952
0.99069
0.99399
0.98416
0.99001
0.99079
0.99244
0.99269
0.98756
0.99217
0.98934
