0.20848
0.20227
0.17956
0.16455
0.16885
0.17955
0.20058
0.21305
0.21425
0.20167
0.17337
0.15245
0.13271
0.13816
0.11805
0.10747
0.10953
0.11469
0.09582
0.09996
0.10364
0.10372
0.10647
0.11087
0.10755
0.09277
0.09219
0.10519
0.08881
0.08914
0.09785
0.08277
0.06162
0.09598
0.09714
0.06034
0.08346
0.07074
0.12463
0.08207
0.08745
0.06904
0.07208
0.0674
0.05444
0.06998
0.08029
0.0519
0.05849
0.06019
0.06963
0.06628
0.05011
0.06095
0.04663
0.03248
0.06084
0.05264
0.0287
0.05905
0.05486
0.05145
0.0682
0.04547
0.04991
0.0396
0.08058
0.03687
0.04635
0.06293
0.04007
0.04511
0.04784
0.05623
0.02743
0.04932
0.04652
0.04312
0.03603
0.03561
0.04984
0.05002
0.03722
0.02413
0.04517
0.03874
0.04599
0.0324
0.05576
0.02784
0.03797
0.04959
0.03957
0.02531
0.04009
0.01993
0.06611
0.02819
0.03356
0.04218
0.01148
0.05809
0.0378
0.03685
0.04404
0.02451
0.03672
0.03528
0.04319
0.02565
0.0407
0.02987
0.02142
0.04523
0.04087
0.02191
0.02592
0.04483
0.02336
0.03665
0.02473
0.02574
0.02884
0.04125
0.0316
0.02416
0.04182
0.02177
0.03772
0.03458
0.01831
0.03242
0.03809
0.0265
0.02124
0.0283
0.04473
0.02092
0.02817
0.03012
0.02148
0.03743
0.02444
0.02854
0.02187
0.0342
0.02007
0.02991
0.03381
0.03635
0.02519
0.02339
0.03119
0.0313
0.02862
0.02502
0.01785
0.02209
0.03252
0.03065
0.02615
0.01032
0.03832
0.02833
0.01318
0.03684
0.03146
0.01143
0.02857
0.03631
0.0206
0.01623
0.01587
0.04184
0.02157
0.01966
0.02328
0.02075
0.03252
0.03664
0.01805
0.02628
0.01899
0.02893
0.03455
0.02083
0.03396
0.03532
0.01871
0.02771
0.02226
0.02747
0.02436
0.02113
0.02883
0.01564
0.02548
0.01265
0.02841
0.02433
0.02782
0.02567
0.01649
0.02798
0.01954
0.01617
0.02903
0.01972
0.0209
0.03242
0.0263
0.02415
0.0165
0.03085
0.02802
0.02571
0.01949
0.02223
0.01639
0.02782
0.02924
0.0187
0.02356
0.02455
0.01405
0.0206
0.03021
0.0156
0.02205
0.01542
0.02656
0.02878
0.0189
0.0344
0.01667
0.02313
0.02177
0.02379
0.0208
0.02272
0.01621
0.02513
0.02138
0.01745
0.02299
0.0229
0.02623
0.03426
0.01979
0.04326
0.01923
0.01507
0.02224
0.02538
0.0197
0.02023
0.0322
0.01831
0.02962
0.01407
0.01809
0.01536
0.03036
0.01827
0.01725
0.0243
0.02594
0.01932
0.01659
0.01956
0.0313
0.01292
0.01815
0.0204
0.02853
0.0175
0.02481
0.01681
0.0232
0.01227
0.03079
0.01788
0.01845
0.02319
0.0152
0.02002
0.02109
0.01912
0.01796
0.01907
0.01606
0.02802
0.02032
0.01976
0.0173
0.02042
0.02806
0.02161
0.01963
0.02156
0.01717
0.01019
0.03167
0.01757
0.01573
0.01694
0.02097
0.02449
0.01434
0.01827
0.02372
0.01348
0.02823
0.01252
0.02018
0.01729
0.02414
0.01356
0.01562
0.01259
0.02231
0.0092
0.02123
0.01042
0.02915
0.02311
0.01913
0.01356
0.02198
0.01817
0.01003
0.01612
0.01793
0.01997
0.01601
0.0285
0.01355
0.01431
0.01942
0.02379
0.0191
0.01658
0.02376
0.01549
0.02716
0.01698
0.00996
0.01431
0.01171
0.02711
0.01659
0.00902
0.01398
0.02252
0.02072
0.02176
0.01464
0.02017
0.02265
0.01256
0.01758
0.02201
0.01338
0.0176
0.01261
0.01723
0.02102
0.01343
0.01509
0.02117
0.01519
0.01828
0.0257
0.03188
0.02017
0.01437
0.01847
0.02383
0.02945
0.02033
0.01433
0.01995
0.01391
0.01817
0.02773
0.01986
0.01465
0.02157
0.01233
0.01743
0.01209
0.01921
0.01626
0.01775
0.01414
0.0198
0.00858
0.01662
0.02091
0.01463
0.01562
0.01677
0.01569
0.02316
0.01112
0.02187
0.02531
0.02037
0.01547
0.01206
0.01583
0.01825
0.01454
0.02164
0.01485
0.00979
0.01624
0.01318
0.00712
0.02074
0.02907
0.01995
0.01368
0.01195
0.01546
0.02062
0.02482
0.01691
0.01768
0.01765
0.02047
0.01092
0.01388
0.02054
0.02081
0.01411
0.01921
0.01977
0.01231
0.01878
0.01565
0.01592
0.01754
0.01187
0.02005
0.02254
0.01322
0.01075
0.02311
0.01874
0.01858
0.01052
0.01381
0.00717
0.01355
0.01891
0.01478
0.02553
0.00957
0.0134
0.01196
0.02784
0.01254
0.01453
0.01926
0.01443
0.01361
0.01361
0.01597
0.00791
0.01868
0.01485
0.01319
0.01368
0.00944
0.01998
0.02211
0.0116
0.01625
0.02179
0.01369
0.01193
0.01463
0.01365
0.0167
0.01619
0.01519
0.01457
0.00929
0.01061
0.01969
0.00977
0.0119
0.00768
0.02016
0.01756
0.01319
0.01591
0.01424
0.02385
0.00837
0.01003
0.01825
0.01518
0.0075
0.0154
0.0142
0.01659
0.00905
0.02458
0.01373
0.01547
0.0153
0.0172
0.0141
0.01087
0.00763
0.01626
0.01102
0.02058
0.01249
0.00218
0.0
0.0
7e-05
0.0
0.00019
0.0
0.0
0.0
0.0
0.0
0.0
0.0
0.0
0.0
0.0
0.01291
0.03502
0.01938
0.01736
0.01772
0.01107
0.01648
0.01287
0.02015
0.01162
0.01595
0.00685
0.01134
0.01867
0.01515
0.01036
0.01204
0.01368
0.01047
0.01532
0.0131
0.01746
0.01021
0.00798
0.01774
0.00966
0.00937
0.01511
0.01633
0.02007
0.01444
0.01449
0.01328
0.01816
0.0095
0.01647
0.01457
0.0131
0.01248
0.01213
0.00867
0.01726
0.02416
0.0113
0.01398
0.01178
0.01331
0.01215
0.01652
0.01464
0.01397
0.00953
0.01813
0.02028
0.01034
0.01312
0.01095
0.01823
0.01148
0.01328
0.00715
0.01387
0.0131
0.01952
0.01155
0.0121
0.01572
0.00687
0.00861
0.01531
0.01668
0.01148
0.01159
0.01368
0.01029
0.01609
0.01015
0.0102
0.01473
0.01415
0.01762
0.00907
0.01782
0.01079
0.01154
0.01468
0.0099
0.01754
0.01096
0.00958
0.01491
0.0079
0.0178
0.01768
0.00977
0.01245
0.00829
0.01719
0.01839
0.00999
0.01009
0.01861
0.01457
0.01179
0.01088
0.01237
0.01004
0.01532
0.01262
0.01211
0.01104
0.01626
0.01769
0.0113
0.0109
0.01049
0.02085
0.01342
0.01061
0.01262
0.01883
0.01079
0.01691
0.00852
0.01755
0.01573
0.01118
0.0154
0.00959
0.0082
0.01224
0.02108
0.0081
0.01161
0.01648
0.0119
0.0159
0.01495
0.01256
0.00938
0.01085
0.0194
0.01009
0.01978
0.00941
0.01021
0.01036
0.00924
0.0107
0.01215
0.00775
0.01069
0.01593
0.01078
0.0084
0.01534
0.00917
0.01355
0.01489
0.01809
0.01767
0.00915
0.01164
0.0206
0.00984
0.01051
0.01245
0.01198
0.02223
0.01356
0.00802
0.01117
0.01096
0.01573
0.01141
0.02036
0.01542
0.01363
0.01719
0.00964
0.00901
0.01536
0.01426
0.0104
0.01389
0.02373
0.01709
0.00858
0.0174
0.0165
0.0116
0.01181
0.01567
0.01015
0.01118
0.01286
0.00932
0.00877
0.01731
0.00903
0.01008
0.00615
0.01666
0.01579
0.01026
0.00974
0.01689
0.00949
0.01711
0.01646
0.01064
0.00727
0.0077
0.01562
0.00999
0.01122
0.02189
0.02147
0.01022
0.00909
0.01227
0.00942
0.01136
0.01114
0.01359
0.01065
0.00929
0.00935
0.01421
0.01172
0.00905
0.0096
0.01716
0.01143
0.00168
0.00741
0.01969
0.01387
0.00914
0.0135
0.0087
0.01721
0.01062
0.01811
0.01341
0.01716
0.00865
0.01122
0.00765
0.00918
0.0209
0.00991
0.01213
0.01015
0.00942
0.00673
0.0222
0.00863
0.0179
0.02086
0.01122
0.00968
0.00899
0.02193
0.01169
0.01072
0.0072
0.01549
0.01649
0.01059
0.00818
0.01581
0.00784
0.00568
0.02317
0.01693
0.01351
0.01596
0.01524
0.0094
0.01348
0.01098
0.01346
0.01246
0.01248
0.01703
0.01536
0.01083
0.0088
0.01199
0.01397
0.01092
0.01016
0.01073
0.01545
0.00867
0.00791
0.01028
0.01111
0.0128
0.01718
0.00748
0.00949
0.02263
0.01282
0.00888
0.00671
0.0082
0.01405
0.01555
0.00987
0.0098
0.01288
0.0079
0.01392
0.02078
0.01443
0.01043
0.01031
0.0127
0.01443
0.00888
0.01129
0.00716
0.00833
0.01565
0.01346
0.00827
0.01201
0.01344
0.01013
0.01705
0.00951
0.01741
0.01153
0.00726
0.00965
0.00778
0.0145
0.00908
0.00767
0.01193
0.0138
0.01535
0.00777
0.01657
0.01343
0.00751
0.01378
0.0127
0.0079
0.02099
0.01236
0.00978
0.00691
0.01234
0.0085
0.01759
0.01005
0.01387
0.00868
0.01503
0.01872
0.00808
0.02568
0.01581
0.01211
0.00934
0.00744
0.01345
0.01285
0.01065
0.01535
0.00937
0.01824
0.00999
0.00299
0.0
0.0
0.0
0.0
0.0
0.0
0.0
0.0
0.0
0.0
0.0
0.0
0.0
0.0
0.0
0.0
0.0
0.0
0.0
0.0
0.0
0.0
0.0
0.0
0.0
0.0
0.0
0.0
0.0
0.0
0.0
0.01773
0.0262
0.01798
0.01868
0.01562
0.01557
0.01098
0.01173
0.00906
0.00791
0.01428
0.01637
0.00936
0.00906
0.01222
0.00986
0.01137
0.00979
0.00938
0.01006
0.00669
0.01574
0.01293
0.01273
0.01186
0.01155
0.01082
0.01027
0.01041
0.01127
0.01391
0.01007
0.01165
0.01201
0.00965
0.01209
0.01206
0.00694
0.0099
0.01458
0.00765
0.01321
0.01604
0.01255
0.01062
0.00934
0.00656
0.01535
0.00955
0.00957
0.00764
0.00704
0.01268
0.00787
0.0104
