0.73123
0.62423
0.5471
0.49555
0.51769
0.54907
0.61635
0.65469
0.6612
0.61351
0.52728
0.46409
0.41428
0.4881
0.38368
0.35817
0.36298
0.39307
0.33476
0.3489
0.3582
0.35684
0.33317
0.39018
0.34807
0.29538
0.29636
0.36887
0.28656
0.29241
0.34702
0.25361
0.18649
0.33829
0.40539
0.16859
0.31373
0.21505
0.60187
0.28832
0.28807
0.24081
0.27873
0.20805
0.1719
0.2609
0.28083
0.1736
0.1857
0.20723
0.25113
0.22934
0.19384
0.202
0.13775
0.12142
0.21425
0.19326
0.07276
0.2565
0.19804
0.19039
0.25969
0.13598
0.16732
0.11615
0.32988
0.10264
0.16104
0.22154
0.11872
0.15682
0.18025
0.21032
0.069
0.18537
0.15867
0.13806
0.11314
0.11712
0.22776
0.15861
0.12588
0.08545
0.17812
0.12069
0.17323
0.09332
0.20054
0.07913
0.14601
0.17129
0.12386
0.07988
0.14744
0.05393
0.28001
0.10408
0.11028
0.14131
0.02646
0.25879
0.13237
0.12004
0.17415
0.06898
0.132
0.16328
0.15175
0.07399
0.15576
0.10699
0.0571
0.1787
0.14221
0.06777
0.09049
0.15975
0.06852
0.12211
0.09225
0.07725
0.10484
0.14961
0.10487
0.08042
0.16545
0.06699
0.13664
0.13565
0.05019
0.12178
0.13553
0.0863
0.06881
0.09573
0.17767
0.06131
0.09662
0.12975
0.06467
0.13506
0.09264
0.09721
0.07543
0.13533
0.06524
0.09606
0.11933
0.14435
0.07885
0.07397
0.12734
0.10813
0.09449
0.07948
0.0548
0.07685
0.13389
0.10733
0.09154
0.02506
0.14836
0.09831
0.03331
0.15723
0.10456
0.02863
0.11901
0.14789
0.05729
0.048
0.04813
0.18626
0.0753
0.06085
0.07248
0.08501
0.16059
0.14089
0.05106
0.08578
0.06397
0.10259
0.13709
0.07727
0.15431
0.14389
0.05435
0.09237
0.07394
0.10261
0.08813
0.06988
0.09736
0.04923
0.08564
0.03578
0.11158
0.09788
0.10651
0.08994
0.04774
0.10782
0.05956
0.07859
0.11615
0.06266
0.08352
0.11374
0.09023
0.08188
0.04944
0.13601
0.10946
0.09679
0.07351
0.07509
0.05005
0.11855
0.11657
0.05997
0.07842
0.09704
0.0381
0.07625
0.11088
0.04985
0.09206
0.04725
0.09942
0.11472
0.05722
0.13452
0.04964
0.08133
0.08265
0.07833
0.07453
0.07429
0.05582
0.11696
0.07583
0.05493
0.08018
0.08639
0.10615
0.14373
0.0648
0.18048
0.06148
0.04171
0.07913
0.10648
0.06569
0.06481
0.14499
0.06091
0.11954
0.03755
0.05696
0.0502
0.1193
0.05664
0.05674
0.10238
0.10206
0.05461
0.05211
0.06436
0.13402
0.03359
0.06442
0.07121
0.11293
0.05987
0.09723
0.04945
0.09072
0.03426
0.12315
0.05677
0.0664
0.08569
0.04765
0.07835
0.07221
0.06701
0.06001
0.07483
0.05288
0.10201
0.07295
0.06657
0.05321
0.08152
0.16536
0.07236
0.07577
0.07151
0.05813
0.02786
0.14843
0.06045
0.05015
0.05515
0.08188
0.1068
0.04449
0.06043
0.09486
0.05207
0.11888
0.03687
0.08216
0.07325
0.09027
0.06085
0.04831
0.0369
0.09198
0.02282
0.08882
0.02937
0.13301
0.09343
0.06617
0.03856
0.0848
0.06677
0.02486
0.05701
0.0651
0.07506
0.05147
0.11405
0.04161
0.04575
0.08473
0.09289
0.07245
0.05647
0.08949
0.05527
0.11435
0.05803
0.02573
0.0502
0.03539
0.10852
0.05297
0.02468
0.05412
0.09612
0.07491
0.09415
0.04654
0.07481
0.08247
0.04036
0.07758
0.07621
0.0399
0.05741
0.04025
0.06802
0.07962
0.04022
0.05178
0.0821
0.05286
0.08885
0.10068
0.13371
0.07519
0.04443
0.0758
0.10654
0.112
0.07431
0.04852
0.0778
0.05181
0.07224
0.11513
0.06646
0.05202
0.08194
0.03689
0.07323
0.03443
0.06669
0.05597
0.06025
0.04853
0.07399
0.02104
0.06484
0.07978
0.04566
0.05311
0.06653
0.05254
0.09624
0.03372
0.09149
0.10173
0.06773
0.05218
0.03694
0.08103
0.05927
0.08824
0.07678
0.04838
0.0264
0.05876
0.04279
0.01814
0.08735
0.13036
0.07428
0.04148
0.03704
0.05948
0.0837
0.0996
0.0595
0.05633
0.06928
0.07068
0.03047
0.05066
0.09672
0.08545
0.04501
0.07084
0.06794
0.03659
0.07081
0.05437
0.05286
0.06834
0.03484
0.07388
0.09704
0.04128
0.0318
0.0979
0.06342
0.07233
0.02862
0.0455
0.01786
0.04703
0.07549
0.06934
0.09472
0.02434
0.04222
0.04322
0.14766
0.03761
0.0529
0.0795
0.04938
0.04952
0.04477
0.05641
0.02119
0.07668
0.05396
0.0434
0.05089
0.02761
0.08564
0.09889
0.03428
0.06719
0.08102
0.04799
0.0422
0.05052
0.04429
0.06493
0.0597
0.06086
0.05475
0.02525
0.03372
0.08069
0.0282
0.04328
0.02044
0.09153
0.07268
0.04093
0.06324
0.04659
0.11955
0.02193
0.02971
0.07057
0.05246
0.01971
0.07291
0.04726
0.06593
0.033
0.09165
0.04851
0.05684
0.05981
0.06576
0.05092
0.03636
0.01895
0.09949
0.03314
0.09512
0.04481
0.00417
0.0
0.0
0.00013
0.0
0.00121
0.0
0.0
0.0
0.0
0.0
0.0
0.0
0.0
0.0
0.0
0.50646
0.17206
0.06622
0.05387
0.05871
0.03229
0.0655
0.04834
0.0792
0.03898
0.05948
0.01782
0.04172
0.09942
0.06069
0.03199
0.04765
0.05211
0.0359
0.07015
0.04321
0.06658
0.02951
0.02342
0.08682
0.03551
0.02695
0.0549
0.08612
0.07389
0.05183
0.0483
0.04312
0.08584
0.02785
0.07495
0.04803
0.05416
0.05117
0.03499
0.02424
0.08028
0.10334
0.03695
0.04884
0.03884
0.0469
0.04819
0.06095
0.05244
0.05118
0.0262
0.08922
0.08211
0.03124
0.05607
0.0386
0.08622
0.03822
0.04558
0.0192
0.05422
0.04755
0.07995
0.03833
0.04669
0.05295
0.01839
0.02496
0.07027
0.07853
0.03582
0.03755
0.06604
0.03067
0.0641
0.03149
0.0312
0.06014
0.0649
0.06146
0.02696
0.07929
0.0355
0.03752
0.05898
0.0289
0.07315
0.0325
0.03247
0.0538
0.02213
0.07664
0.07402
0.02634
0.04499
0.02295
0.09384
0.06987
0.03254
0.03521
0.07032
0.05627
0.03917
0.03888
0.04043
0.03181
0.06592
0.05088
0.04709
0.03521
0.08637
0.06846
0.03732
0.03826
0.03966
0.11239
0.04488
0.0309
0.06251
0.08422
0.03772
0.06609
0.02473
0.08081
0.05782
0.03431
0.07527
0.02782
0.02461
0.05232
0.08799
0.02206
0.05062
0.06565
0.04119
0.06526
0.07035
0.0461
0.02776
0.04666
0.07903
0.03788
0.08068
0.028
0.04641
0.04059
0.03075
0.03494
0.04282
0.0224
0.03896
0.06232
0.03057
0.02445
0.0595
0.03051
0.04864
0.05761
0.0839
0.0601
0.02543
0.04897
0.09857
0.02996
0.03382
0.04911
0.06229
0.09481
0.04677
0.02357
0.03735
0.03996
0.07435
0.04204
0.08749
0.05333
0.06338
0.06398
0.02984
0.02684
0.06155
0.05102
0.03187
0.05766
0.11927
0.05513
0.02637
0.07345
0.0701
0.03711
0.04826
0.06985
0.03362
0.03763
0.04436
0.03104
0.0277
0.07038
0.02903
0.0339
0.01602
0.07493
0.05938
0.03069
0.03388
0.07148
0.03431
0.07405
0.06001
0.03896
0.01942
0.02361
0.07962
0.03285
0.04181
0.10326
0.0811
0.03053
0.02714
0.0597
0.02934
0.03712
0.03848
0.05199
0.04084
0.03101
0.03061
0.05879
0.04169
0.02724
0.03193
0.07351
0.04204
0.00513
0.03893
0.08824
0.04629
0.02786
0.05417
0.02631
0.09661
0.04094
0.07828
0.05807
0.05817
0.02678
0.03692
0.02415
0.03479
0.10152
0.03391
0.04124
0.04476
0.03068
0.02201
0.10116
0.02698
0.09998
0.08291
0.03995
0.03526
0.03689
0.09725
0.04479
0.03528
0.01954
0.086
0.05633
0.03307
0.02567
0.06556
0.02225
0.02862
0.10192
0.06768
0.04346
0.07694
0.0653
0.0293
0.06487
0.04255
0.05644
0.04344
0.04513
0.06948
0.06036
0.03675
0.0278
0.04586
0.0621
0.03665
0.03181
0.05265
0.05844
0.0271
0.02469
0.04038
0.03765
0.05889
0.07362
0.01959
0.04044
0.09794
0.05663
0.02575
0.01914
0.02611
0.06057
0.07423
0.02951
0.04011
0.05297
0.02366
0.05254
0.10381
0.05302
0.03398
0.03381
0.07614
0.05677
0.02965
0.03677
0.02154
0.02748
0.08258
0.05457
0.02386
0.05272
0.04939
0.04002
0.07679
0.0461
0.07401
0.04416
0.02086
0.04917
0.02233
0.07097
0.02769
0.02322
0.04503
0.05606
0.06537
0.02383
0.08065
0.04396
0.02853
0.05783
0.04708
0.03434
0.13904
0.04835
0.03643
0.0191
0.05812
0.02719
0.07248
0.0369
0.05397
0.03525
0.06665
0.08754
0.03445
0.11877
0.05864
0.04232
0.03199
0.02256
0.05931
0.04261
0.03868
0.05801
0.03116
0.1001
0.04017
0.00796
0.0
0.0
0.0
0.0
0.0
0.0
0.0
0.0
0.0
0.0
0.0
0.0
0.0
0.0
0.0
0.0
0.0
0.0
0.0
0.0
0.0
0.0
0.0
0.0
0.0
0.0
0.0
0.0
0.0
0.0
0.0
0.41634
0.1063
0.0669
0.06836
0.05695
0.05242
0.05244
0.04362
0.0279
0.02453
0.06723
0.0694
0.03215
0.02974
0.06307
0.03154
0.04147
0.03713
0.03454
0.03777
0.02007
0.06844
0.05051
0.04426
0.04083
0.04367
0.0391
0.03877
0.03723
0.04095
0.07058
0.03936
0.03696
0.04735
0.03092
0.04877
0.04526
0.02099
0.03469
0.06592
0.02407
0.05853
0.06917
0.04316
0.03988
0.02861
0.02142
0.05861
0.04248
0.03121
0.0263
0.02121
0.05208
0.02839
0.04191
