0.08454
0.05765
0.056
0.05494
0.07057
0.08128
0.10249
0.11579
0.1195
0.10992
0.09577
0.08281
0.06621
0.06737
0.05891
0.05562
0.05582
0.05919
0.05122
0.05428
0.05174
0.05167
0.05493
0.05658
0.05299
0.0471
0.04654
0.0526
0.04736
0.04348
0.05025
0.03999
0.03168
0.04649
0.05423
0.02996
0.04633
0.03561
0.0786
0.04571
0.04268
0.03683
0.04318
0.03458
0.02826
0.03725
0.04261
0.02787
0.03122
0.03362
0.03722
0.03531
0.02835
0.03164
0.02054
0.01799
0.02835
0.02546
0.01352
0.0343
0.02857
0.02706
0.04006
0.02153
0.0249
0.01859
0.04647
0.01712
0.02592
0.0334
0.01863
0.02146
0.02756
0.02849
0.01214
0.02515
0.02362
0.02082
0.01791
0.01707
0.02957
0.02556
0.02068
0.01289
0.02564
0.01804
0.026
0.01517
0.02831
0.01361
0.02294
0.02167
0.02046
0.01373
0.02209
0.01061
0.0355
0.01721
0.01758
0.02038
0.00702
0.03158
0.02274
0.01936
0.02281
0.01289
0.01655
0.02228
0.02085
0.01155
0.02264
0.01686
0.01023
0.02457
0.02242
0.00989
0.01349
0.02502
0.01297
0.01784
0.01353
0.01204
0.01416
0.02131
0.01572
0.0131
0.01982
0.01051
0.01816
0.01848
0.00705
0.018
0.01781
0.01443
0.00961
0.01354
0.02232
0.01176
0.01258
0.01585
0.01191
0.01554
0.01355
0.01401
0.00797
0.01942
0.01122
0.01425
0.01599
0.02078
0.01054
0.01261
0.01616
0.01476
0.01278
0.01206
0.00818
0.00824
0.01588
0.01599
0.01092
0.00404
0.01941
0.01236
0.0065
0.0196
0.01258
0.00543
0.01481
0.01773
0.0107
0.00629
0.00619
0.02427
0.00963
0.0082
0.01054
0.01293
0.01836
0.01851
0.00693
0.01284
0.00923
0.01464
0.01644
0.01055
0.01766
0.01698
0.00873
0.0145
0.00948
0.01336
0.01086
0.01047
0.01414
0.00776
0.01161
0.00506
0.01471
0.01128
0.01311
0.011
0.00674
0.01378
0.00701
0.00709
0.01472
0.00768
0.01269
0.01367
0.01339
0.01089
0.00805
0.01572
0.01145
0.01032
0.00898
0.01018
0.0069
0.0143
0.01419
0.00979
0.00997
0.01221
0.00613
0.01111
0.01174
0.0074
0.0102
0.00782
0.01082
0.01264
0.00919
0.01459
0.00506
0.00818
0.01106
0.00783
0.00903
0.01016
0.0075
0.01297
0.00925
0.00642
0.00961
0.01076
0.01222
0.017
0.00821
0.01925
0.00783
0.00666
0.00853
0.01364
0.01067
0.00731
0.01881
0.00626
0.01369
0.00495
0.00753
0.00678
0.01414
0.0077
0.0077
0.01148
0.01243
0.00629
0.00626
0.00919
0.01495
0.00425
0.00762
0.01008
0.01245
0.00805
0.01074
0.00731
0.0097
0.00471
0.01346
0.00645
0.00727
0.01172
0.00674
0.00707
0.00825
0.0091
0.00761
0.00857
0.00872
0.01035
0.01106
0.00821
0.0062
0.00887
0.01664
0.00821
0.00911
0.00752
0.00742
0.00413
0.01503
0.00852
0.00529
0.00686
0.01001
0.0127
0.00483
0.009
0.01167
0.00654
0.01191
0.00532
0.00887
0.00899
0.00812
0.00876
0.00624
0.00409
0.00978
0.00327
0.00754
0.00489
0.0128
0.00954
0.00887
0.00433
0.00955
0.00746
0.00324
0.00573
0.00823
0.00817
0.00613
0.01202
0.00481
0.00596
0.00885
0.0091
0.00888
0.00761
0.00773
0.0069
0.01096
0.00664
0.00376
0.00668
0.00342
0.01152
0.00661
0.00328
0.00524
0.01233
0.00766
0.00879
0.00621
0.00804
0.00857
0.00438
0.00876
0.00922
0.00462
0.00679
0.00355
0.00682
0.0089
0.00456
0.0063
0.00959
0.00483
0.00908
0.01185
0.01575
0.0071
0.00513
0.00876
0.0128
0.01295
0.0099
0.00598
0.00885
0.00536
0.00581
0.01394
0.00562
0.00612
0.00765
0.0049
0.00831
0.00411
0.00774
0.00874
0.00619
0.00443
0.00909
0.0026
0.00656
0.00834
0.00483
0.00589
0.0073
0.00433
0.00996
0.00396
0.0118
0.01087
0.00746
0.00575
0.00384
0.00644
0.00656
0.0062
0.0098
0.00549
0.00347
0.00674
0.0056
0.00278
0.00864
0.01049
0.00859
0.00456
0.00512
0.00639
0.00956
0.01024
0.00483
0.00757
0.00721
0.00879
0.00311
0.00714
0.00882
0.00791
0.00458
0.00937
0.00739
0.00471
0.00914
0.00649
0.00467
0.00514
0.00422
0.00782
0.01096
0.00552
0.00353
0.00885
0.0061
0.00667
0.00425
0.00446
0.00287
0.00514
0.00759
0.00685
0.0101
0.00332
0.00416
0.00505
0.0094
0.00373
0.00488
0.01006
0.00529
0.00492
0.00456
0.00613
0.00303
0.0086
0.0071
0.00457
0.00527
0.0044
0.00887
0.00842
0.00498
0.0067
0.00857
0.00469
0.00517
0.00445
0.00484
0.00736
0.00517
0.00607
0.00421
0.00369
0.00326
0.00836
0.0039
0.00391
0.00245
0.00925
0.0081
0.00688
0.00715
0.00638
0.0118
0.00315
0.00543
0.00614
0.00628
0.00269
0.00745
0.00586
0.00507
0.00396
0.00891
0.00488
0.00732
0.0052
0.00648
0.00496
0.00352
0.00273
0.00731
0.0035
0.00927
0.00414
0.00023
0.0
0.0
0.0
0.0
0.0
0.0
0.0
0.0
0.0
0.0
0.0
0.0
0.0
0.0
0.0
0.00115
0.00795
0.00578
0.00572
0.00674
0.00384
0.00685
0.00594
0.00769
0.00419
0.00742
0.00204
0.00542
0.00863
0.00611
0.0038
0.00357
0.00475
0.00513
0.00518
0.00537
0.01066
0.00424
0.00238
0.00813
0.00454
0.00296
0.00383
0.00752
0.00745
0.00563
0.00432
0.00407
0.00816
0.00326
0.0071
0.00607
0.00518
0.00486
0.00432
0.00331
0.00802
0.00925
0.00495
0.00459
0.00418
0.00563
0.00494
0.00692
0.00475
0.00475
0.00319
0.01124
0.00527
0.00426
0.00419
0.00533
0.00742
0.00597
0.00509
0.0022
0.0059
0.00577
0.008
0.00438
0.00564
0.00615
0.00325
0.00413
0.00702
0.00829
0.00329
0.0044
0.00643
0.00296
0.00693
0.00426
0.00362
0.00445
0.00609
0.00528
0.00298
0.00704
0.00301
0.00325
0.00652
0.00375
0.00573
0.0035
0.00459
0.0053
0.0023
0.0097
0.00698
0.00352
0.00452
0.0022
0.00728
0.00625
0.00301
0.00446
0.00539
0.00579
0.00532
0.00375
0.00391
0.00402
0.00794
0.00539
0.00411
0.00355
0.00673
0.00567
0.00308
0.00496
0.00302
0.00964
0.00415
0.00334
0.00566
0.00567
0.00465
0.00514
0.00254
0.0067
0.00525
0.00388
0.00575
0.00313
0.00241
0.00363
0.00774
0.00225
0.00415
0.00695
0.00532
0.00672
0.00598
0.00423
0.00344
0.0063
0.00648
0.00373
0.0061
0.00335
0.00405
0.00345
0.00352
0.00393
0.00394
0.00267
0.00328
0.00749
0.00269
0.002
0.00458
0.00216
0.00508
0.0047
0.00697
0.0064
0.0032
0.00502
0.00986
0.004
0.00357
0.0039
0.00513
0.00822
0.00447
0.00203
0.00317
0.00499
0.00737
0.00441
0.00873
0.00486
0.00635
0.00789
0.00243
0.00256
0.00715
0.0053
0.00398
0.00528
0.00866
0.00536
0.00292
0.00553
0.00554
0.00402
0.00534
0.00506
0.00365
0.00464
0.00413
0.00263
0.00282
0.00897
0.00248
0.00349
0.00213
0.00713
0.00416
0.00405
0.00445
0.00576
0.00343
0.00711
0.0073
0.00538
0.00213
0.00328
0.00711
0.00378
0.00432
0.01048
0.00767
0.00292
0.00302
0.0059
0.00321
0.00291
0.00554
0.0067
0.00308
0.00334
0.00463
0.0071
0.0035
0.00292
0.00362
0.00618
0.00302
9e-05
0.00161
0.0082
0.00419
0.0025
0.00387
0.00223
0.00805
0.00501
0.00669
0.00509
0.00566
0.00241
0.00447
0.00211
0.0035
0.00843
0.00287
0.00313
0.00411
0.00352
0.00238
0.00781
0.00227
0.00776
0.00748
0.00458
0.00407
0.00336
0.00932
0.00397
0.00387
0.0025
0.00696
0.00463
0.00396
0.00292
0.00558
0.0023
0.00318
0.00794
0.00507
0.00366
0.00718
0.00465
0.00326
0.00512
0.00408
0.00458
0.00386
0.00389
0.00708
0.00384
0.00322
0.0031
0.00399
0.0039
0.00564
0.00213
0.00324
0.00587
0.0023
0.002
0.00251
0.00265
0.00666
0.00682
0.00258
0.00324
0.00724
0.00546
0.00315
0.00203
0.00307
0.0055
0.00682
0.00312
0.00261
0.00473
0.00284
0.00634
0.00744
0.00476
0.00327
0.00309
0.00657
0.00491
0.0025
0.00469
0.00268
0.00217
0.00779
0.00379
0.00243
0.00334
0.00466
0.00283
0.0061
0.00341
0.00449
0.00453
0.00216
0.00241
0.00392
0.00635
0.00299
0.00177
0.00432
0.00758
0.00421
0.0022
0.00736
0.00367
0.00332
0.00559
0.00487
0.00294
0.00814
0.00437
0.00265
0.00193
0.00419
0.00331
0.00614
0.00311
0.00447
0.00255
0.00468
0.00608
0.00401
0.0079
0.00551
0.00355
0.00368
0.00191
0.00469
0.00388
0.00492
0.004
0.00242
0.00776
0.00408
0.00027
0.0
0.0
0.0
0.0
0.0
0.0
0.0
0.0
0.0
0.0
0.0
0.0
0.0
0.0
0.0
0.0
0.0
0.0
0.0
0.0
0.0
0.0
0.0
0.0
0.0
0.0
0.0
0.0
0.0
0.0
0.0
0.00236
0.00766
0.0062
0.00553
0.0056
0.00611
0.00435
0.00361
0.00335
0.00233
0.00615
0.00602
0.00279
0.00255
0.00596
0.00256
0.00434
0.0032
0.004
0.00336
0.00225
0.00595
0.00667
0.00297
0.00299
0.00386
0.00287
0.00359
0.00382
0.00384
0.00599
0.00268
0.00343
0.00463
0.00224
0.00332
0.00648
0.00204
0.00343
0.00613
0.00235
0.00576
0.00668
0.00486
0.00316
0.00305
0.00148
0.00543
0.00446
0.00261
0.00221
0.00223
0.00449
0.00204
0.00339
