0.22273
0.20433
0.27942
0.26033
0.22172
0.17679
0.19719
0.20412
0.21784
0.22507
0.23302
0.23064
0.22408
0.2178
0.20515
0.1972
0.19398
0.18685
0.18098
0.17575
0.1672
0.15537
0.15088
0.14736
0.14036
0.12922
0.12077
0.11859
0.10521
0.10498
0.09118
0.09052
0.08185
0.08283
0.0752
0.06738
0.06446
0.05853
0.05129
0.04288
0.03714
0.03969
0.03291
0.02925
0.02858
0.02521
0.02858
0.02899
0.02523
0.02369
0.02394
0.02213
0.02659
0.02499
0.02541
0.02665
0.02559
0.02844
0.02657
0.02546
0.02744
0.02886
0.03231
0.02674
0.02471
0.03006
0.0262
0.027
0.0364
0.03063
0.03588
0.03232
0.03398
0.0384
0.03792
0.03819
0.03214
0.03724
0.03688
0.03744
0.04109
0.04242
0.04089
0.03745
0.04108
0.03707
0.03791
0.03956
0.03741
0.03614
0.04357
0.03646
0.03404
0.03575
0.03504
0.035
0.03383
0.03539
0.03636
0.03304
0.03857
0.03725
0.03133
0.02773
0.02977
0.02984
0.03063
0.02669
0.02804
0.02545
0.0284
0.02164
0.02328
0.02615
0.02474
0.02414
0.02607
0.02701
0.02491
0.02467
0.02367
0.02322
0.0199
0.02581
0.02316
0.02502
0.02225
0.02157
0.0212
0.01956
0.01812
0.0273
0.02091
0.0201
0.01762
0.01878
0.025
0.01634
0.01649
0.01948
0.01747
0.01836
0.01447
0.01299
0.01671
0.02194
0.02128
0.01553
0.01576
0.01335
0.01301
0.01949
0.01148
0.01834
0.01512
0.01783
0.01457
0.01233
0.01401
0.0132
0.01435
0.01457
0.01183
0.01462
0.01262
0.01333
0.01143
0.01346
0.01234
0.0078
0.01273
0.01403
0.01132
0.01392
0.01218
0.0114
0.01134
0.00966
0.01525
0.01015
0.01366
0.01266
0.00991
0.01221
0.00914
0.01148
0.01143
0.01375
0.0094
0.01154
0.01041
0.01243
0.01382
0.01329
0.01311
0.01007
0.01063
0.01487
0.01052
0.01127
0.00948
0.01369
0.00753
0.01076
0.01086
0.01216
0.01131
0.0113
0.01216
0.0111
0.00967
0.01012
0.007
0.00978
0.01235
0.01328
0.01126
0.01233
0.00845
0.01467
0.00809
0.01018
0.00866
0.01232
0.00996
0.01084
0.01655
0.0087
0.01137
0.0088
0.01443
0.00718
0.00878
0.00986
0.0093
0.00946
0.0076
0.00864
0.00756
0.01044
0.01051
0.00978
0.01174
0.00692
0.00967
0.0129
0.01358
0.00699
0.0074
0.00901
0.00788
0.0104
0.01016
0.0065
0.01297
0.01044
0.00819
0.00639
0.01126
0.0075
0.00921
0.01005
0.0092
0.0099
0.01045
0.00647
0.01333
0.00934
0.00833
0.00869
0.00978
0.00749
0.00539
0.00606
0.00869
0.00929
0.00801
0.00943
0.00595
0.00734
0.01163
0.00699
0.00862
0.01069
0.01061
0.00761
0.00973
0.00848
0.0143
0.00905
0.00811
0.00928
0.00975
0.00964
0.00876
0.00668
0.00765
0.00992
0.01075
0.00759
0.00698
0.00971
0.00946
0.0064
0.00735
0.00838
0.00827
0.00785
0.01059
0.00847
0.00316
0.01024
0.00598
0.00698
0.00661
0.00714
0.0047
0.00579
0.00863
0.00576
0.00865
0.00802
0.0077
0.00741
0.00603
0.0073
0.00882
0.01155
0.00623
0.00663
0.00956
0.01352
0.00582
0.00727
0.00713
0.00804
0.00712
0.00848
0.01011
0.00855
0.00744
0.00811
0.00931
0.01048
0.00773
0.00847
0.00715
0.00868
0.00885
0.00576
0.00749
0.00781
0.01221
0.00705
0.00751
0.01146
0.00813
0.00839
0.00792
0.01038
0.00812
0.00757
0.00724
0.00955
0.00773
0.01089
0.01295
0.00875
0.01099
0.01132
0.00848
0.01032
0.01317
0.00917
0.00599
0.00855
0.00638
0.01069
0.00851
0.00876
0.01217
0.00618
0.00963
0.01003
0.00974
0.00929
0.00755
0.01149
0.0104
0.00803
0.00832
0.0124
0.01293
0.01198
0.00874
0.00483
0.00746
0.00439
0.00684
0.00654
0.00719
0.01031
0.00908
0.0094
0.01115
0.0068
0.00955
0.01134
0.00924
0.00844
0.01114
0.00629
0.00993
0.00807
0.00584
0.00583
0.01375
0.00729
0.01021
0.00837
0.00731
0.0098
0.00826
0.00685
0.00624
0.01247
0.00939
0.00733
0.00697
0.00547
0.00853
0.00557
0.00674
0.00455
0.01423
0.00683
0.00662
0.00771
0.00634
0.00554
0.00615
0.00604
0.01074
0.00621
0.00677
0.01323
0.00757
0.0078
0.00608
0.00872
0.00799
0.00571
0.00835
0.00506
0.00829
0.00571
0.00628
0.00661
0.00994
0.00613
0.0087
0.00874
0.01183
0.00794
0.00843
0.00867
0.00545
0.00568
0.00963
0.00551
0.00643
0.00782
0.00596
0.00774
0.0073
0.01005
0.01107
0.00876
0.00788
0.00752
0.0099
0.00562
0.00689
0.00635
0.00605
0.00569
0.00702
0.00719
0.00866
0.00806
0.00563
0.00624
0.00652
0.01163
0.00494
0.00723
0.0126
0.0083
0.00619
0.00767
0.00807
0.00874
0.00473
0.00978
0.00479
0.01157
0.0093
0.00797
0.0064
0.00533
0.0086
0.00555
0.01131
0.00501
0.00783
0.00822
0.01177
0.00452
0.00912
0.00999
0.00889
0.00595
0.00432
0.00851
0.00939
0.00688
0.0066
0.01091
0.00556
0.01036
0.00955
0.00382
0.00615
0.00611
0.00664
0.01386
0.00902
0.00613
0.00666
0.00787
0.00697
0.00778
0.00805
0.00533
0.00636
0.00868
0.00857
0.01008
0.00699
0.00829
0.00587
0.00617
0.01142
0.00624
0.0051
0.01106
0.00883
0.00341
0.00569
0.00756
0.00664
0.00604
0.00275
0.00541
0.00444
0.00748
0.00703
0.00563
0.0051
0.00533
0.00532
0.0063
0.0044
0.0063
0.00589
0.00811
0.00469
0.00599
0.0072
0.00674
0.00534
0.0104
0.00381
0.0067
0.00528
0.00638
0.00449
0.00554
0.00528
0.00492
0.00335
0.00473
0.00407
0.00691
0.0062
0.00482
0.0063
0.00604
0.00745
0.00753
0.0052
0.00311
0.00416
0.00359
0.00538
0.00446
0.00477
0.00554
0.00658
0.00556
0.00544
0.00811
0.0064
0.00744
0.00387
0.00657
0.00324
0.00394
0.00534
0.00369
0.00665
0.00629
0.00491
0.00417
0.00494
0.00395
0.00509
0.00424
0.00983
0.00856
0.00575
0.00322
0.00472
0.00533
0.00326
0.00362
0.00651
0.00635
0.00461
0.00674
0.00673
0.0061
0.00394
0.00629
0.00589
0.00542
0.0058
0.00623
0.0042
0.00314
0.0062
0.0087
0.00514
0.00383
0.00467
0.00231
0.00524
0.00503
0.00445
0.00189
0.00535
0.00499
0.00266
0.00479
0.00784
0.00876
0.0094
0.00538
0.00611
0.00593
0.00582
0.00404
0.00617
0.00456
0.00369
0.0092
0.00403
0.00312
0.00199
0.00231
0.00396
0.00688
0.00923
0.00761
0.00573
0.00697
0.00372
0.00292
0.00605
0.00518
0.00719
0.00295
0.00317
0.00356
0.00285
0.00715
0.00346
0.00627
0.00585
0.00619
0.00386
0.00642
0.00576
0.00305
0.00366
0.0043
0.00352
0.0029
0.00309
0.00307
0.00765
0.00585
0.00654
0.00549
0.00659
0.00584
0.00525
0.00608
0.0042
0.00339
0.00507
0.00542
0.00643
0.0053
0.0073
0.00286
0.00444
0.00529
0.00484
0.0045
0.00634
0.00669
0.0066
0.00553
0.00496
0.00441
0.00506
0.00635
0.00522
0.00356
0.00419
0.00571
0.00633
0.00581
0.00751
0.00337
0.00401
0.00397
0.00631
0.00196
0.00322
0.00926
0.005
0.00159
0.00352
0.0092
0.0048
0.00375
0.00155
0.00171
0.0041
0.00568
0.00208
0.00332
0.00727
0.00275
0.00398
0.00604
0.00352
0.00238
0.00517
0.0043
0.00366
0.00486
0.00504
0.0029
0.00564
0.00472
0.00692
0.00449
0.00387
0.0032
0.00586
0.00341
0.00428
0.00291
0.00483
0.00572
0.00244
0.00356
0.00423
0.00338
0.00264
0.00343
0.00657
0.00368
0.0038
0.00284
0.00456
0.0026
0.00195
0.00483
0.00617
0.00507
0.00449
0.0028
0.00304
0.00199
0.00273
0.00214
0.00441
0.00357
0.00265
0.00571
0.00223
0.0049
0.00364
0.00602
0.00236
0.00272
0.00581
0.00309
0.00318
0.00707
0.00572
0.00461
0.00196
0.00538
0.00473
0.00454
0.00368
0.00312
0.00153
0.00302
0.00157
0.00352
0.00381
0.00367
0.00713
0.00818
0.00643
0.00518
0.00398
0.00117
0.00693
0.00408
0.00612
0.00331
0.00317
0.00629
0.00157
0.00738
0.00821
0.00382
0.00262
0.00201
0.00339
0.00621
0.00413
0.00238
0.00611
0.00491
0.00171
0.00751
0.00342
0.00122
0.0049
0.00687
0.00313
0.00393
0.00215
0.00569
0.00184
0.00433
0.00561
0.00634
0.00341
0.00515
0.00369
0.00635
0.00504
0.00403
0.0022
0.00342
0.00429
0.0039
0.00864
0.00312
0.00352
0.00273
0.00421
0.00573
0.00701
0.00736
0.00723
0.00979
0.00525
0.00275
0.00406
0.00378
0.00592
0.00511
0.00283
0.00716
0.00352
0.00805
0.0016
0.0059
0.01018
0.00566
0.00388
0.00386
0.00216
0.00856
0.00486
0.0106
0.00603
0.00776
0.005
0.00334
0.00468
0.00509
0.00688
0.00723
0.00816
0.00628
0.00822
0.00364
0.00743
0.00631
0.00372
0.00892
0.00795
0.00828
0.00628
0.00626
0.00612
0.00656
0.00673
0.00311
0.00505
0.00482
0.00461
0.0106
0.00889
0.00674
0.00695
0.00948
0.00967
0.00665
0.00784
0.01022
0.00878
0.00565
0.00793
0.01286
0.0046
0.00724
0.00622
0.00818
0.00738
0.01402
0.01134
0.00787
0.00367
0.00863
0.00866
0.00382
0.00651
0.01222
0.00797
0.00968
0.01275
0.00796
0.00514
0.0054
0.0069
0.00565
0.00895
0.01022
0.01009
0.00528
0.00394
0.00589
0.0086
0.00889
0.00648
0.0057
0.0096
0.0063
0.01116
0.00832
0.00637
0.00875
0.00863
0.00741
0.0115
0.00477
0.01403
0.00934
0.01091
0.00603
0.00712
0.01027
0.00532
0.00748
0.00773
0.0078
0.00605
0.01043
0.01099
0.01147
0.00969
0.00581
0.0051
0.00882
0.01239
0.01024
0.01156
0.00622
0.01097
0.01208
0.01618
0.00989
0.00693
0.00718
0.01421
0.00761
0.0115
0.01142
0.01815
0.00769
0.00848
0.00778
0.00908
0.01167
0.01294
0.00841
0.00544
0.01033
0.00776
0.0105
0.00796
0.0136
0.00682
0.00718
0.00732
0.00953
0.00631
0.00975
0.01407
0.00736
0.0053
0.00865
0.01464
0.01017
0.01585
0.00556
0.00928
0.00361
0.00808
0.00896
0.01332
0.00845
0.01076
0.01197
0.01052
0.0063
0.00722
0.00888
0.00771
0.00867
0.01233
0.01845
0.00712
0.00757
0.00959
0.00533
0.0063
0.00667
0.01027
0.00512
0.00887
0.00657
0.0049
0.0101
0.00606
0.00941
0.00523
0.00378
0.0037
0.00807
0.01514
0.01175
0.01326
0.0103
0.00757
0.00891
0.00904
0.00835
0.0063
0.01008
0.01083
0.00908
0.00803
0.00317
0.01735
0.01011
0.00443
0.00977
0.00832
0.00977
0.01085
0.00869
0.0068
0.00592
0.00579
0.00676
0.00914
0.00933
0.00842
0.00773
0.01133
0.01007
0.00856
0.01214
0.00976
0.01477
0.00435
0.00774
0.00752
0.00889
0.00934
0.0087
0.00887
0.00624
0.00661
0.01092
0.01033
0.00864
0.00843
0.01087
0.01835
0.01319
0.0134
0.01188
0.01347
0.01097
0.00768
0.00779
0.01024
0.01147
0.01055
0.00879
0.01054
0.01104
0.01073
0.00809
0.00875
0.01366
0.01395
0.00985
0.0103
0.00662
0.00603
0.00599
0.0067
0.00614
0.00977
0.01008
0.00777
0.00565
0.00471
0.007
0.00666
0.01264
0.00713
0.01215
0.00977
0.00593
0.00922
0.00995
0.00669
0.0071
0.01027
0.00652
0.00999
0.00575
0.01082
0.01365
0.00904
0.0079
0.01035
0.01075
0.00774
0.00916
0.01142
0.00778
0.00998
0.00933
0.01316
0.01105
0.01026
0.01872
0.00781
0.0102
0.00533
0.00843
0.0087
0.0077
0.00705
0.00441
0.00697
0.01732
0.01091
0.00405
0.01179
0.01129
0.01398
0.00812
0.0072
0.00363
0.0079
0.00944
0.00569
0.01038
0.0127
0.00789
0.00944
0.00635
0.00568
0.00848
0.00928
0.00583
0.0101
0.00456
0.00621
0.00533
0.00636
0.00929
0.00639
0.00833
0.00862
0.0072
0.00914
0.00782
0.01443
0.00922
0.00745
0.00308
0.01144
0.01022
0.00652
0.00823
0.01201
0.00716
0.01224
0.01039
0.00753
0.01126
0.0057
0.00972
0.00722
0.01006
0.00706
0.01041
0.00753
0.01181
0.00619
0.01273
0.00619
0.00661
0.00926
0.01495
0.00537
0.00459
0.00803
0.00597
0.00833
0.00829
0.00585
0.008
0.01324
0.00792
0.01314
0.00448
0.00695
0.00886
0.00702
0.01129
0.00651
0.00836
0.00959
0.00897
0.00727
0.0055
0.00737
0.00755
0.0076
0.00991
0.00705
0.00896
0.00897
0.00485
0.00641
0.01124
0.00524
0.01095
0.0106
0.01199
0.01583
0.00647
0.00713
0.00839
0.01529
0.0106
0.00609
0.00915
0.0093
0.01163
0.00792
0.00625
0.01426
0.00921
0.0117
0.00668
0.00697
0.00815
0.00833
0.00434
0.00437
0.00497
0.01172
0.00662
0.00857
0.00631
0.00678
0.00918
0.00914
0.00554
0.00469
0.00933
0.01212
0.00458
0.01215
0.00688
0.00595
0.00838
0.00508
0.00809
0.00366
0.01017
0.00795
0.01008
0.00656
0.00413
0.01046
0.00671
0.00702
0.00885
0.01027
0.00722
0.00642
0.0044
0.00638
0.00334
0.00697
0.00481
0.00341
0.00357
0.00282
0.01311
0.00953
0.00498
0.00951
0.00775
0.00671
0.00205
0.00312
0.00686
0.00924
0.00505
0.00771
0.00458
0.0076
0.0058
0.00669
0.00705
0.00734
0.01278
0.00914
0.01102
0.0083
0.00601
0.00713
0.00804
0.00589
0.00587
0.0042
0.00517
