1.38662
1.20554
1.31246
1.16677
1.01277
0.85987
0.93494
0.92351
0.93992
0.94927
0.96919
0.94751
0.91965
0.90124
0.84771
0.82439
0.80781
0.76951
0.75675
0.71622
0.6716
0.63791
0.63019
0.60258
0.56524
0.55079
0.51449
0.49423
0.4628
0.43293
0.42087
0.39304
0.37352
0.37299
0.36155
0.32661
0.31013
0.30389
0.28233
0.24623
0.22367
0.22424
0.24266
0.20533
0.2083
0.19904
0.20607
0.20433
0.19618
0.21467
0.21043
0.20083
0.20175
0.20983
0.20404
0.2274
0.2025
0.20348
0.20231
0.19803
0.19832
0.20702
0.22723
0.1917
0.19723
0.20022
0.21431
0.18727
0.21239
0.22622
0.22417
0.23512
0.23105
0.22682
0.25324
0.22725
0.20284
0.22716
0.22104
0.22923
0.24065
0.23384
0.23834
0.22125
0.23342
0.23095
0.22412
0.22725
0.22122
0.21308
0.22372
0.22217
0.20511
0.20234
0.20038
0.22007
0.19901
0.19048
0.20206
0.18643
0.19713
0.2029
0.19205
0.16477
0.17096
0.16388
0.16212
0.18564
0.16839
0.15268
0.15301
0.14661
0.15614
0.16325
0.15658
0.1529
0.16559
0.15245
0.14855
0.14872
0.1544
0.15627
0.12385
0.17299
0.14831
0.16207
0.13085
0.1401
0.12861
0.13434
0.12308
0.1413
0.13218
0.14315
0.10588
0.12616
0.13333
0.11876
0.11732
0.13377
0.10904
0.11561
0.1167
0.10914
0.11423
0.13115
0.12179
0.11426
0.09153
0.10673
0.10282
0.12083
0.10263
0.12505
0.07999
0.0925
0.08343
0.10325
0.11058
0.09737
0.08662
0.11942
0.09831
0.11284
0.10393
0.09911
0.06629
0.08481
0.09252
0.07597
0.09618
0.09503
0.1055
0.09584
0.0712
0.1089
0.07408
0.08349
0.10256
0.07751
0.08915
0.10287
0.07574
0.07567
0.06592
0.07544
0.08473
0.09381
0.06632
0.09787
0.07548
0.07818
0.09205
0.10072
0.08067
0.07468
0.0815
0.0788
0.08409
0.06761
0.06568
0.07133
0.07448
0.07413
0.0793
0.07777
0.08337
0.08348
0.08242
0.06222
0.07304
0.07893
0.07891
0.07293
0.10199
0.0742
0.07212
0.09128
0.0793
0.08526
0.06123
0.0767
0.06607
0.0841
0.05521
0.05609
0.07531
0.08204
0.06879
0.0844
0.07323
0.06386
0.0781
0.06352
0.07135
0.09064
0.05628
0.07737
0.05371
0.0559
0.07819
0.04989
0.07882
0.05626
0.07
0.07891
0.06919
0.0566
0.05926
0.06469
0.06996
0.07859
0.06614
0.05504
0.06577
0.05822
0.0614
0.06954
0.08925
0.06782
0.04423
0.06419
0.05015
0.08899
0.04919
0.06703
0.08936
0.05167
0.05212
0.05708
0.07733
0.06627
0.05276
0.04456
0.05214
0.06407
0.06868
0.06458
0.04994
0.03694
0.08851
0.0551
0.03922
0.05399
0.06119
0.05187
0.06253
0.04372
0.08339
0.05681
0.07303
0.06504
0.05863
0.07384
0.06741
0.06564
0.06124
0.06022
0.07834
0.06557
0.04662
0.07316
0.06173
0.04532
0.05105
0.06064
0.0562
0.04047
0.06241
0.05335
0.04731
0.06634
0.04228
0.06639
0.05992
0.05195
0.04578
0.04822
0.05696
0.05205
0.09429
0.07194
0.05445
0.0629
0.05027
0.04669
0.04352
0.07004
0.04371
0.05473
0.069
0.0863
0.05581
0.05206
0.05689
0.04523
0.06362
0.07032
0.05803
0.06451
0.05848
0.05514
0.08545
0.04982
0.05242
0.08337
0.06602
0.07531
0.07119
0.05487
0.05234
0.05945
0.08528
0.07248
0.07461
0.04986
0.08072
0.05866
0.07017
0.07654
0.04824
0.05765
0.05177
0.05902
0.06332
0.10897
0.09937
0.06661
0.0684
0.12875
0.05879
0.07171
0.10244
0.06486
0.06341
0.05589
0.04817
0.06132
0.087
0.067
0.10832
0.06559
0.04975
0.07166
0.07234
0.05619
0.04739
0.0499
0.05546
0.05058
0.08054
0.06675
0.0664
0.06315
0.06259
0.05155
0.04739
0.07741
0.06807
0.05585
0.05493
0.09354
0.07575
0.05812
0.06638
0.04993
0.07104
0.08303
0.06524
0.07386
0.07849
0.05064
0.06671
0.07197
0.06391
0.04952
0.07086
0.06902
0.06496
0.05473
0.05964
0.06728
0.08588
0.06331
0.05159
0.06935
0.07467
0.04025
0.04353
0.04665
0.04843
0.05947
0.08131
0.06006
0.10289
0.04952
0.05231
0.05075
0.05905
0.04492
0.05522
0.05279
0.05034
0.0546
0.05479
0.08339
0.0371
0.04226
0.05388
0.05576
0.06418
0.05287
0.07726
0.05047
0.05084
0.06853
0.05803
0.06344
0.04578
0.03648
0.07607
0.08115
0.0642
0.03882
0.0571
0.05911
0.03238
0.05423
0.06718
0.05925
0.05129
0.04653
0.063
0.06325
0.05743
0.0586
0.06245
0.09505
0.07087
0.06059
0.06676
0.04983
0.05169
0.03284
0.03524
0.04583
0.05235
0.05607
0.05541
0.05319
0.05256
0.05409
0.05794
0.08157
0.04761
0.0403
0.06955
0.07559
0.04835
0.04746
0.04717
0.05785
0.05129
0.05141
0.04251
0.06045
0.0802
0.04826
0.04059
0.0819
0.05612
0.06417
0.06772
0.04281
0.0525
0.05428
0.06827
0.04366
0.0439
0.04584
0.05697
0.05327
0.04267
0.03394
0.06021
0.06599
0.06542
0.0619
0.0543
0.04053
0.07456
0.0369
0.05891
0.04652
0.04901
0.07474
0.04911
0.03849
0.05164
0.06389
0.07452
0.05959
0.0564
0.06623
0.05479
0.11349
0.08091
0.06343
0.06389
0.03749
0.05462
0.04713
0.07904
0.02886
0.09248
0.05977
0.03031
0.033
0.09722
0.09278
0.0426
0.04379
0.03226
0.04063
0.05113
0.05518
0.05272
0.05887
0.05251
0.04936
0.0338
0.05091
0.03338
0.05449
0.0438
0.10536
0.04722
0.05319
0.04255
0.04741
0.08111
0.07653
0.0588
0.05036
0.03639
0.04299
0.03361
0.03231
0.04009
0.05896
0.02569
0.06429
0.03548
0.04562
0.0577
0.05136
0.04458
0.04797
0.04234
0.05412
0.06393
0.07144
0.09491
0.03353
0.04551
0.04272
0.05011
0.04462
0.07347
0.08664
0.04429
0.07654
0.03352
0.03316
0.0435
0.029
0.02914
0.02394
0.03467
0.02632
0.08075
0.06811
0.05269
0.08347
0.0777
0.03003
0.03617
0.02433
0.04704
0.04525
0.04068
0.0315
0.03461
0.06255
0.02566
0.05922
0.0347
0.04264
0.07155
0.07315
0.0569
0.04797
0.04243
0.05238
0.02995
0.04021
0.05828
0.04872
0.04082
0.03381
0.04627
0.0581
0.04677
0.02901
0.03285
0.02406
0.04141
0.06212
0.01973
0.06365
0.02783
0.0389
0.05123
0.03821
0.03893
0.06875
0.06712
0.05883
0.05749
0.07909
0.04045
0.04487
0.02998
0.03213
0.03013
0.07533
0.03517
0.04425
0.10749
0.04396
0.02792
0.04091
0.0472
0.08154
0.06078
0.03793
0.04246
0.05418
0.04038
0.03286
0.04504
0.03581
0.04871
0.02256
0.01952
0.05065
0.03883
0.02815
0.0516
0.11832
0.03036
0.04453
0.0233
0.03343
0.02912
0.054
0.04558
0.03869
0.06506
0.04291
0.03372
0.04844
0.05403
0.04554
0.05765
0.03228
0.05238
0.03911
0.02795
0.05071
0.04207
0.09805
0.07218
0.0505
0.08192
0.03835
0.04092
0.06594
0.03486
0.03144
0.03553
0.04237
0.04377
0.06169
0.05375
0.02513
0.07768
0.07102
0.04746
0.02678
0.03601
0.0458
0.04536
0.06084
0.06407
0.03862
0.04089
0.0655
0.06088
0.03279
0.04439
0.08625
0.03494
0.03725
0.05514
0.0628
0.05299
0.02343
0.02663
0.0219
0.03902
0.044
0.02366
0.03897
0.05829
0.05435
0.04293
0.03917
0.02891
0.03987
0.03216
0.03596
0.03049
0.02602
0.0488
0.03604
0.03591
0.02834
0.04886
0.04578
0.01887
0.01682
0.06148
0.04273
0.03003
0.02957
0.0335
0.0697
0.0459
0.04909
0.04556
0.01952
0.02584
0.02953
0.07513
0.03294
0.03551
0.02191
0.03152
0.02533
0.03148
0.03722
0.04423
0.02762
0.02796
0.02035
0.03788
0.02573
0.02922
0.03361
0.04961
0.02793
0.0258
0.02226
0.03029
0.01958
0.04978
0.05124
0.04921
0.02337
0.0379
0.04691
0.01909
0.05796
0.02291
0.03109
0.02021
0.07363
0.02248
0.03972
0.02595
0.02682
0.01445
0.02402
0.02026
0.02287
0.03895
0.03213
0.0556
0.08369
0.06965
0.06592
0.04248
0.02115
0.04939
0.04667
0.05081
0.02683
0.05103
0.07365
0.02885
0.04954
0.07841
0.03782
0.0348
0.01143
0.04104
0.03986
0.02789
0.02794
0.06959
0.05572
0.08485
0.0502
0.04546
0.02411
0.03636
0.05229
0.06762
0.0383
0.01517
0.05964
0.04151
0.06724
0.04524
0.08326
0.02973
0.04469
0.0726
0.07428
0.02745
0.03631
0.03201
0.04611
0.02925
0.0283
0.07379
0.04605
0.04747
0.08067
0.04407
0.06933
0.05803
0.06239
0.05305
0.05956
0.05043
0.03487
0.02779
0.05172
0.04975
0.09207
0.0496
0.04362
0.0387
0.09275
0.03169
0.03429
0.09133
0.07587
0.04221
0.04729
0.04492
0.07938
0.052
0.14636
0.05212
0.10669
0.03126
0.05664
0.0598
0.0365
0.05
0.07256
0.0862
0.07092
0.07476
0.06158
0.06937
0.09156
0.0331
0.06581
0.07253
0.0676
0.06518
0.07864
0.07597
0.07629
0.08541
0.03107
0.04943
0.07793
0.04926
0.14186
0.08383
0.07976
0.05232
0.0894
0.11856
0.07812
0.06665
0.06713
0.06331
0.08943
0.08873
0.08819
0.04366
0.06408
0.05638
0.06185
0.06588
0.10309
0.08203
0.08224
0.05838
0.06304
0.08567
0.05788
0.07233
0.11785
0.11091
0.08503
0.11489
0.06968
0.07387
0.05088
0.09775
0.11065
0.10138
0.12998
0.08106
0.06447
0.05611
0.08515
0.04775
0.10693
0.06565
0.05588
0.0967
0.06599
0.08902
0.0864
0.06333
0.06436
0.11377
0.07516
0.10792
0.06599
0.10585
0.10227
0.15573
0.05734
0.05636
0.11434
0.07583
0.10911
0.07852
0.06271
0.09036
0.07053
0.09333
0.12112
0.07089
0.08144
0.04378
0.11424
0.11995
0.0987
0.14853
0.05792
0.09072
0.13421
0.11323
0.13714
0.07883
0.07143
0.12053
0.10052
0.09911
0.15158
0.12662
0.06365
0.07169
0.09161
0.1061
0.09651
0.07353
0.1101
0.07428
0.076
0.08339
0.0843
0.06335
0.11046
0.04991
0.07439
0.07995
0.10007
0.08879
0.07199
0.11044
0.06763
0.05846
0.06761
0.11515
0.10386
0.1285
0.07151
0.10271
0.09338
0.07594
0.08427
0.08403
0.10837
0.09128
0.07876
0.07248
0.05369
0.11414
0.11497
0.12356
0.07999
0.11211
0.13494
0.08439
0.10617
0.15442
0.07052
0.06591
0.11541
0.10705
0.05672
0.06159
0.06055
0.05808
0.08252
0.06579
0.07649
0.0823
0.04952
0.06458
0.06964
0.0841
0.07526
0.09821
0.09428
0.08126
0.0843
0.08779
0.06779
0.07645
0.0727
0.12489
0.08741
0.06947
0.10455
0.1378
0.10378
0.0711
0.13372
0.07863
0.09479
0.06236
0.07859
0.10442
0.06351
0.07193
0.10268
0.08138
0.0817
0.06745
0.0771
0.09279
0.15283
0.08028
0.09502
0.06367
0.07991
0.05858
0.0772
0.11459
0.05835
0.10224
0.11142
0.0906
0.08993
0.13332
0.07482
0.09014
0.10886
0.08835
0.13372
0.17821
0.08893
0.08068
0.08
0.10877
0.07913
0.07995
0.03419
0.05556
0.09856
0.07631
0.08596
0.08681
0.06905
0.06845
0.07845
0.16288
0.09602
0.06792
0.05767
0.08859
0.07267
0.11138
0.05209
0.06316
0.0848
0.07379
0.11115
0.08902
0.06855
0.03054
0.06473
0.07937
0.13223
0.11249
0.09186
0.10012
0.09186
0.08464
0.09126
0.08007
0.06259
0.09923
0.08095
0.10245
0.04556
0.07863
0.09445
0.10956
0.08589
0.09114
0.09548
0.0584
0.05586
0.11193
0.0799
0.09488
0.05297
0.12058
0.08907
0.08248
0.10379
0.12605
0.06991
0.04868
0.07937
0.0746
0.08262
0.06739
0.05184
0.05881
0.13702
0.10058
0.05576
0.08091
0.07509
0.10573
0.08046
0.06361
0.04073
0.12336
0.06515
0.06399
0.11762
0.09673
0.09589
0.09911
0.05093
0.03668
0.04909
0.04841
0.04767
0.0712
0.04551
0.06098
0.04333
0.04189
0.14058
0.04413
0.11199
0.06563
0.08592
0.14737
0.10646
0.10543
0.07951
0.06709
0.05536
0.07567
0.08038
0.08341
0.09715
0.0927
0.07349
0.09802
0.11388
0.07878
0.07907
0.06532
0.07855
0.0829
0.05738
0.09117
0.12071
0.06173
0.09063
0.12963
0.08687
0.04805
0.04221
0.07983
0.10812
0.04384
0.04981
0.08131
0.0712
0.06634
0.1154
0.07583
0.07934
0.08997
0.12253
0.0753
0.0523
0.06413
0.09393
0.049
0.09686
0.09476
0.0939
0.10078
0.11534
0.06487
0.10925
0.06823
0.0733
0.07259
0.09501
0.07874
0.09013
0.06805
0.07925
0.08967
0.11289
0.0521
0.10374
0.09124
0.11453
0.09822
0.06647
0.09112
0.06982
0.08235
0.12843
0.09446
0.08489
0.10518
0.09839
0.06675
0.04529
0.07874
0.08316
0.07685
0.06422
0.05231
0.06408
0.05694
0.04234
0.06206
0.053
0.07415
0.05799
0.09313
0.07732
0.06013
0.05409
0.08504
0.05624
0.04355
0.0588
0.10052
0.07487
0.08871
0.07703
0.08017
0.04842
0.04308
0.0918
0.0681
0.06285
0.1231
0.09624
0.05678
0.09073
0.11542
0.04678
0.06708
0.06255
0.08125
0.05325
0.08796
0.06617
0.07308
0.04111
0.07378
0.03371
0.07957
0.06323
0.05565
0.0636
0.09241
0.09438
0.08606
0.07825
0.04477
0.03172
0.05338
0.04393
0.08164
0.07677
0.08419
0.07094
0.06956
0.12212
0.1313
0.066
0.05223
0.0847
0.08801
0.09103
0.09562
0.07424
0.04126
0.0453
0.03888
0.06377
0.03703
0.06352
