0.38986
0.37863
0.41982
0.38784
0.33986
0.29331
0.30955
0.30587
0.30786
0.31266
0.31832
0.31413
0.30562
0.30195
0.28757
0.27697
0.27218
0.26124
0.25681
0.24514
0.23038
0.22101
0.21705
0.2082
0.19668
0.18813
0.17804
0.17139
0.16234
0.15349
0.14193
0.13705
0.12947
0.12913
0.1224
0.10934
0.10478
0.10186
0.08981
0.083
0.07504
0.07355
0.07047
0.06441
0.06568
0.06002
0.06112
0.06313
0.05789
0.06184
0.06204
0.06149
0.0609
0.06095
0.0596
0.06233
0.0563
0.05961
0.05863
0.05509
0.06011
0.05918
0.06581
0.05503
0.0545
0.05984
0.05713
0.05706
0.06439
0.05923
0.06607
0.06295
0.06891
0.06535
0.07157
0.07079
0.06214
0.06794
0.06503
0.06431
0.07145
0.07218
0.07384
0.06605
0.07026
0.0671
0.06751
0.06646
0.06496
0.06338
0.06818
0.0668
0.06295
0.05884
0.05906
0.06181
0.0608
0.05658
0.06217
0.05512
0.05911
0.06012
0.0574
0.04926
0.05233
0.04941
0.05199
0.05305
0.04943
0.04574
0.04975
0.04281
0.04434
0.04662
0.04447
0.04524
0.04622
0.05132
0.04486
0.04731
0.04384
0.04524
0.03816
0.04206
0.03781
0.04513
0.03793
0.03934
0.03804
0.03608
0.03589
0.04297
0.03835
0.03698
0.0323
0.036
0.03823
0.03496
0.0334
0.03673
0.03216
0.03064
0.03227
0.02855
0.03376
0.03874
0.03443
0.03109
0.02848
0.03006
0.02768
0.03257
0.02456
0.03291
0.02373
0.02874
0.02296
0.02651
0.02963
0.02789
0.02582
0.03351
0.0275
0.03028
0.02469
0.02557
0.01929
0.02469
0.02592
0.01896
0.02647
0.0272
0.0265
0.02575
0.02245
0.02595
0.02149
0.02221
0.02514
0.02106
0.02452
0.02512
0.02194
0.02298
0.01833
0.01934
0.02541
0.02726
0.01928
0.02386
0.0205
0.02733
0.02242
0.02161
0.02156
0.0201
0.02329
0.02349
0.02361
0.01924
0.02091
0.02083
0.01981
0.02083
0.02209
0.01982
0.02396
0.0229
0.02381
0.01926
0.01873
0.02047
0.02035
0.01893
0.02087
0.02113
0.01983
0.02427
0.01744
0.02229
0.01723
0.02383
0.01587
0.02161
0.01672
0.01724
0.02131
0.01801
0.02006
0.02014
0.02225
0.01471
0.0195
0.01544
0.01883
0.01835
0.01645
0.01907
0.01368
0.01707
0.02176
0.01605
0.01969
0.01496
0.0175
0.02266
0.0219
0.01524
0.01594
0.01671
0.01733
0.01806
0.02131
0.01457
0.01901
0.01525
0.01563
0.01366
0.01854
0.01488
0.01402
0.01533
0.01539
0.01689
0.01448
0.01671
0.0228
0.01528
0.01342
0.01682
0.01878
0.01493
0.01443
0.01353
0.01549
0.01519
0.01607
0.01776
0.01155
0.01129
0.02303
0.01638
0.01265
0.01408
0.01747
0.01446
0.01917
0.01088
0.02178
0.01671
0.01539
0.01789
0.01636
0.01783
0.01592
0.01652
0.01282
0.01577
0.01713
0.01397
0.01356
0.01827
0.01645
0.01245
0.0122
0.01727
0.01635
0.01396
0.01709
0.01549
0.01077
0.01735
0.00899
0.0141
0.01481
0.01446
0.01233
0.01329
0.01353
0.01419
0.0175
0.01607
0.01588
0.0141
0.01329
0.01345
0.01409
0.01787
0.01079
0.01236
0.01752
0.02165
0.01431
0.0163
0.01665
0.01502
0.01131
0.01686
0.0134
0.01641
0.013
0.01406
0.01471
0.01625
0.01471
0.01791
0.018
0.01522
0.01602
0.01342
0.01625
0.01604
0.02184
0.01492
0.01087
0.01662
0.01735
0.01461
0.01567
0.01744
0.01438
0.00996
0.01485
0.01625
0.01575
0.01772
0.01997
0.01756
0.01466
0.02095
0.01611
0.01566
0.02085
0.01632
0.01496
0.01397
0.01143
0.0159
0.01704
0.01838
0.02267
0.01308
0.01636
0.0188
0.01689
0.01607
0.0144
0.01479
0.01555
0.01285
0.01529
0.01765
0.01852
0.018
0.0127
0.01378
0.01574
0.00939
0.01448
0.0145
0.01525
0.01953
0.01505
0.01727
0.01609
0.01279
0.0177
0.01795
0.01551
0.01762
0.01735
0.0122
0.01757
0.01485
0.01444
0.013
0.01729
0.01753
0.01768
0.01393
0.01277
0.0158
0.01859
0.01371
0.00992
0.01922
0.01776
0.01226
0.01274
0.0101
0.0142
0.01403
0.01354
0.0112
0.01977
0.00981
0.0114
0.01269
0.01412
0.01304
0.01286
0.0109
0.01423
0.01562
0.01457
0.01766
0.01055
0.01264
0.01161
0.01344
0.01587
0.01172
0.01502
0.00991
0.01488
0.01737
0.01383
0.01206
0.01295
0.01162
0.01629
0.01867
0.01761
0.01268
0.0145
0.01091
0.00805
0.01262
0.01555
0.01167
0.01166
0.01229
0.01186
0.01414
0.01554
0.01279
0.01741
0.01582
0.01416
0.01526
0.01669
0.01158
0.0119
0.00971
0.01085
0.01187
0.0122
0.01522
0.01421
0.01352
0.01026
0.01406
0.01358
0.01807
0.01165
0.01294
0.01636
0.01684
0.0126
0.01123
0.01279
0.01153
0.01168
0.015
0.01184
0.01793
0.01764
0.01339
0.00915
0.01268
0.01264
0.01069
0.01606
0.01242
0.01249
0.014
0.01524
0.01042
0.01026
0.01237
0.01269
0.01003
0.01063
0.01211
0.01474
0.01399
0.01332
0.0132
0.01295
0.01142
0.01663
0.01011
0.01081
0.01147
0.011
0.01659
0.01378
0.00986
0.01358
0.01331
0.0124
0.0123
0.01326
0.01182
0.0112
0.01654
0.01557
0.01398
0.01035
0.01042
0.01257
0.01073
0.01732
0.00748
0.01195
0.01578
0.00759
0.00632
0.01373
0.01209
0.01063
0.00876
0.00881
0.00816
0.01174
0.01236
0.01227
0.01333
0.00982
0.00916
0.00644
0.01006
0.00699
0.01069
0.01002
0.01465
0.01114
0.01306
0.00959
0.00937
0.00764
0.01422
0.0088
0.0129
0.00906
0.00925
0.00928
0.00864
0.00919
0.01027
0.00608
0.01188
0.00998
0.01025
0.01033
0.01221
0.01028
0.01377
0.00861
0.01348
0.01189
0.01112
0.00927
0.01075
0.01103
0.00972
0.0121
0.00816
0.00772
0.01186
0.00891
0.01502
0.0094
0.01094
0.0092
0.00748
0.00616
0.00623
0.00846
0.00769
0.01389
0.01035
0.01016
0.00915
0.01189
0.00964
0.00977
0.00693
0.01171
0.00958
0.00973
0.00628
0.00865
0.0097
0.00616
0.01076
0.00886
0.01132
0.01346
0.01114
0.01187
0.01067
0.01012
0.011
0.00861
0.00794
0.01109
0.01037
0.00968
0.00817
0.00624
0.0113
0.01156
0.00646
0.00961
0.00417
0.00864
0.01178
0.00636
0.00454
0.00753
0.00932
0.0098
0.0096
0.01019
0.01276
0.01325
0.01046
0.01167
0.00912
0.01096
0.00836
0.00847
0.00856
0.00772
0.01559
0.01048
0.00857
0.00685
0.00883
0.00625
0.01073
0.01322
0.0072
0.01192
0.01044
0.01069
0.00551
0.00881
0.00881
0.01118
0.00771
0.006
0.00597
0.00522
0.01083
0.0116
0.00794
0.00941
0.01028
0.00699
0.00907
0.0087
0.00894
0.00642
0.00971
0.00508
0.00592
0.0098
0.00693
0.0081
0.01044
0.01172
0.00884
0.01145
0.01008
0.00892
0.00859
0.0084
0.00959
0.01091
0.00731
0.01446
0.0062
0.01329
0.00911
0.01061
0.01352
0.01096
0.0058
0.00851
0.00989
0.00894
0.01245
0.00753
0.00808
0.00969
0.01111
0.01023
0.00729
0.00782
0.01067
0.00851
0.00999
0.01511
0.0094
0.00837
0.00801
0.00969
0.00861
0.00739
0.0158
0.00769
0.00416
0.00675
0.01531
0.01286
0.00576
0.00602
0.00527
0.00873
0.00981
0.00628
0.00767
0.01094
0.00707
0.00884
0.00955
0.00562
0.00744
0.00775
0.00469
0.00844
0.00715
0.009
0.01011
0.00865
0.00581
0.01093
0.01049
0.00593
0.00421
0.01073
0.00616
0.00807
0.00707
0.01042
0.00899
0.00915
0.00471
0.00704
0.00383
0.00549
0.00478
0.01368
0.00843
0.00766
0.00605
0.00687
0.00469
0.00493
0.00957
0.01065
0.00775
0.0065
0.00643
0.00935
0.00556
0.0064
0.00613
0.01178
0.00663
0.00623
0.00651
0.00731
0.00603
0.00964
0.01052
0.00808
0.00686
0.00864
0.0045
0.00666
0.01051
0.00672
0.00872
0.00457
0.00964
0.00415
0.00909
0.00687
0.00388
0.0037
0.00577
0.00524
0.00573
0.00841
0.0057
0.0144
0.01764
0.01278
0.01212
0.00803
0.0032
0.01237
0.00807
0.01067
0.006
0.00956
0.01122
0.00504
0.01219
0.0173
0.00816
0.00688
0.00262
0.00712
0.01165
0.00667
0.00702
0.01358
0.0103
0.00884
0.01285
0.0088
0.00449
0.00815
0.01155
0.00859
0.00924
0.00455
0.01158
0.00752
0.00985
0.01224
0.01197
0.00684
0.01213
0.00952
0.00978
0.008
0.00763
0.00574
0.00999
0.00853
0.00792
0.01695
0.01133
0.01048
0.0077
0.01075
0.01362
0.01281
0.01331
0.01249
0.01546
0.00922
0.00834
0.0074
0.01072
0.01029
0.01299
0.00947
0.01196
0.00924
0.01996
0.00718
0.01103
0.01843
0.01459
0.01001
0.01049
0.00807
0.01673
0.01103
0.02373
0.01246
0.01886
0.00843
0.00908
0.01052
0.00956
0.00873
0.01496
0.01588
0.01664
0.01794
0.00999
0.01353
0.01264
0.00832
0.01568
0.0182
0.01648
0.01519
0.01516
0.01349
0.01825
0.01514
0.00813
0.01069
0.00967
0.0132
0.02514
0.01466
0.01665
0.00982
0.014
0.02239
0.01635
0.0148
0.01718
0.01269
0.01287
0.01258
0.02153
0.01219
0.01315
0.0148
0.01488
0.01238
0.02181
0.01946
0.01984
0.01277
0.01677
0.02089
0.01357
0.01925
0.02647
0.0194
0.01872
0.02634
0.01756
0.01652
0.01395
0.02042
0.01317
0.02193
0.01991
0.02084
0.01282
0.01248
0.01679
0.0136
0.02273
0.01584
0.01316
0.01434
0.01601
0.01981
0.01645
0.01308
0.01566
0.01276
0.01646
0.01865
0.01453
0.02064
0.01837
0.03315
0.01457
0.01486
0.02423
0.01437
0.019
0.01737
0.01839
0.02104
0.01803
0.01809
0.02181
0.01944
0.01606
0.01302
0.02278
0.02273
0.02253
0.02107
0.01632
0.02235
0.02513
0.02721
0.02238
0.01688
0.01401
0.02307
0.02539
0.02261
0.02906
0.03181
0.01426
0.01654
0.02062
0.02124
0.02377
0.02139
0.01968
0.01535
0.01909
0.01721
0.02076
0.01777
0.02476
0.01218
0.01833
0.01877
0.02352
0.01662
0.01973
0.02471
0.01711
0.01515
0.01592
0.02461
0.0245
0.02943
0.01462
0.02288
0.01557
0.02049
0.01955
0.02446
0.01988
0.02509
0.01961
0.02064
0.01621
0.01969
0.02213
0.01274
0.0165
0.01963
0.03006
0.01976
0.01965
0.02366
0.01914
0.01615
0.01443
0.02362
0.0135
0.01721
0.0158
0.01364
0.01982
0.01464
0.01796
0.01324
0.01211
0.01354
0.01566
0.02257
0.02169
0.02447
0.0219
0.01743
0.02139
0.0209
0.0175
0.01926
0.01979
0.02722
0.01985
0.01737
0.00949
0.03131
0.02243
0.01461
0.02442
0.02194
0.02301
0.01618
0.0192
0.02678
0.01631
0.01668
0.01446
0.02184
0.01422
0.01642
0.01835
0.02291
0.02298
0.01935
0.02402
0.01911
0.01918
0.01336
0.01935
0.02027
0.01567
0.02083
0.01808
0.02362
0.01664
0.01675
0.0214
0.02078
0.02103
0.02067
0.02331
0.03827
0.02331
0.02107
0.02263
0.02442
0.01828
0.0195
0.00994
0.01811
0.02298
0.01953
0.02083
0.02408
0.01817
0.01852
0.01858
0.02404
0.02387
0.02188
0.01592
0.02454
0.01676
0.01817
0.01643
0.0113
0.01959
0.02213
0.02407
0.02244
0.01895
0.01026
0.01725
0.023
0.02233
0.01613
0.02308
0.02096
0.0182
0.0185
0.01583
0.01503
0.01758
0.02351
0.01981
0.02032
0.01332
0.02225
0.02511
0.01981
0.01803
0.024
0.02346
0.01487
0.01518
0.02673
0.01755
0.02399
0.01618
0.02488
0.02339
0.01975
0.02667
0.02055
0.01912
0.01052
0.0198
0.02019
0.01412
0.0202
0.01562
0.01646
0.03062
0.02218
0.01401
0.01963
0.01618
0.0201
0.02035
0.01693
0.01279
0.01736
0.01769
0.01765
0.02355
0.01987
0.0162
0.02289
0.01501
0.0113
0.01398
0.016
0.01238
0.01922
0.0116
0.01575
0.01053
0.01316
0.02195
0.01136
0.01727
0.01648
0.01433
0.0182
0.01725
0.02805
0.01959
0.01424
0.01485
0.01933
0.01983
0.01845
0.01699
0.02225
0.01643
0.02508
0.02176
0.01904
0.02355
0.019
0.01989
0.01679
0.01511
0.01574
0.02935
0.01655
0.02383
0.01811
0.02313
0.01381
0.01199
0.0216
0.02495
0.00785
0.01464
0.01573
0.01433
0.01768
0.01855
0.01974
0.01888
0.02383
0.02192
0.02256
0.01452
0.01661
0.01735
0.01516
0.02297
0.01607
0.0205
0.01551
0.01896
0.01814
0.01803
0.01537
0.01775
0.01652
0.02549
0.02116
0.02219
0.01899
0.01486
0.01352
0.02998
0.01504
0.01822
0.02073
0.02
0.02561
0.01787
0.01833
0.01663
0.02225
0.01868
0.01635
0.01884
0.02533
0.02205
0.01772
0.01345
0.02317
0.02207
0.02029
0.01711
0.01493
0.01697
0.01375
0.01258
0.01451
0.01462
0.01789
0.01714
0.01153
0.01704
0.01175
0.01526
0.02111
0.01748
0.01112
0.01634
0.02619
0.01756
0.02208
0.01803
0.01868
0.0148
0.01007
0.0161
0.01203
0.0153
0.01901
0.02582
0.01631
0.01186
0.02137
0.01365
0.01797
0.01634
0.01543
0.01409
0.01604
0.01758
0.01649
0.0086
0.01696
0.00945
0.01469
0.01547
0.01088
0.01661
0.02349
0.01022
0.0206
0.01822
0.01446
0.00905
0.01004
0.01498
0.02307
0.01029
0.0149
0.01574
0.01876
0.0165
0.01649
0.01677
0.01498
0.01928
0.01823
0.02534
0.0193
0.01362
0.01146
0.01301
0.01285
0.01631
0.00971
0.01092
