0.66785
0.66679
0.59744
0.63377
0.68118
0.72975
0.70792
0.70819
0.70127
0.69556
0.68825
0.69019
0.69761
0.70414
0.71916
0.72692
0.73267
0.74384
0.74975
0.76071
0.77223
0.78582
0.7899
0.79591
0.8097
0.81455
0.8269
0.83302
0.84391
0.85324
0.86126
0.86657
0.87299
0.87582
0.87749
0.89056
0.9012
0.90128
0.91079
0.91623
0.92863
0.92632
0.92834
0.93542
0.93539
0.93793
0.93688
0.93824
0.93846
0.93958
0.93536
0.93592
0.93697
0.936
0.93453
0.93323
0.93453
0.9413
0.9387
0.94085
0.93846
0.93429
0.93319
0.94459
0.93748
0.93742
0.93408
0.94403
0.94136
0.93639
0.93519
0.92862
0.93229
0.93022
0.92522
0.93269
0.93453
0.93161
0.93288
0.92999
0.93181
0.93253
0.93007
0.93172
0.93456
0.93292
0.93345
0.9319
0.93475
0.93489
0.93318
0.93427
0.93911
0.93782
0.93935
0.93825
0.93886
0.94048
0.93847
0.94396
0.94308
0.94277
0.94592
0.94757
0.95229
0.95005
0.95016
0.94779
0.9466
0.95258
0.95674
0.95644
0.94993
0.95235
0.9522
0.95569
0.95408
0.96017
0.95684
0.95776
0.95489
0.95414
0.96031
0.95594
0.95653
0.95726
0.96033
0.95914
0.96085
0.96068
0.96506
0.96378
0.96308
0.96052
0.96675
0.96465
0.96515
0.96599
0.96789
0.96388
0.96852
0.96756
0.96588
0.96683
0.96874
0.96971
0.96786
0.96881
0.97361
0.97095
0.9701
0.97135
0.969
0.97045
0.97575
0.97574
0.97463
0.97038
0.97322
0.97288
0.97627
0.97174
0.97326
0.97136
0.97006
0.97388
0.97694
0.97634
0.97462
0.97613
0.97622
0.9751
0.9726
0.97555
0.98019
0.97216
0.97735
0.97485
0.97529
0.97609
0.9787
0.97407
0.97732
0.97897
0.98107
0.97749
0.97755
0.97902
0.98076
0.97493
0.97929
0.98207
0.9778
0.97542
0.97883
0.97822
0.97978
0.9796
0.97743
0.97979
0.98074
0.97897
0.97981
0.97959
0.97879
0.98024
0.97961
0.97878
0.98176
0.98203
0.98009
0.98051
0.97785
0.98024
0.97956
0.98216
0.98262
0.97913
0.97827
0.97933
0.98267
0.98301
0.98021
0.98168
0.98643
0.98488
0.98234
0.97734
0.98143
0.979
0.98494
0.98142
0.97995
0.98103
0.98044
0.97748
0.98252
0.98304
0.98328
0.98589
0.98251
0.9872
0.981
0.98284
0.98256
0.98199
0.98682
0.98285
0.98308
0.98121
0.98407
0.98276
0.98519
0.9845
0.9853
0.9841
0.98458
0.9826
0.98256
0.97945
0.9874
0.98565
0.98619
0.98147
0.98532
0.98313
0.97998
0.98642
0.98601
0.98728
0.98285
0.98252
0.98596
0.98683
0.98665
0.98419
0.98331
0.98533
0.98804
0.98879
0.98403
0.98807
0.98979
0.9855
0.99017
0.98755
0.98538
0.98723
0.98328
0.98521
0.98063
0.98435
0.98783
0.98365
0.9831
0.98546
0.98446
0.98618
0.98518
0.98417
0.98788
0.98244
0.98503
0.98729
0.98671
0.98899
0.98614
0.99006
0.98481
0.98795
0.98696
0.98592
0.98812
0.98479
0.98605
0.9869
0.98941
0.98823
0.98506
0.98759
0.98199
0.98443
0.9878
0.98684
0.9864
0.9877
0.98991
0.98683
0.98854
0.98665
0.98332
0.98379
0.98555
0.98687
0.98845
0.99023
0.98237
0.98492
0.98523
0.9846
0.98485
0.98812
0.98378
0.98899
0.98749
0.98381
0.98758
0.97938
0.98431
0.98601
0.98852
0.98669
0.98365
0.98153
0.98443
0.99011
0.98281
0.9868
0.98316
0.98113
0.98882
0.98539
0.98584
0.98889
0.98416
0.98023
0.98268
0.98628
0.98571
0.97475
0.98671
0.98319
0.98101
0.98554
0.98626
0.98488
0.98811
0.98965
0.98249
0.98502
0.98109
0.98524
0.99001
0.98587
0.98484
0.98766
0.98871
0.98828
0.98713
0.98811
0.98088
0.9852
0.98886
0.98585
0.98286
0.9866
0.99052
0.98328
0.98773
0.9859
0.98643
0.98173
0.98027
0.98741
0.98699
0.9879
0.98461
0.98218
0.98378
0.98585
0.98185
0.98447
0.98524
0.98284
0.98331
0.98793
0.98425
0.98547
0.98748
0.98757
0.98406
0.98307
0.98472
0.98373
0.98533
0.98583
0.98196
0.99041
0.9887
0.98992
0.98788
0.98456
0.98406
0.98503
0.9793
0.98757
0.98597
0.98726
0.98508
0.9903
0.98819
0.98647
0.99009
0.98737
0.98809
0.98467
0.99147
0.98994
0.98825
0.9889
0.98726
0.9866
0.9832
0.98625
0.98935
0.98455
0.98751
0.98647
0.99052
0.99156
0.98301
0.98456
0.98977
0.99232
0.98716
0.98768
0.9906
0.98621
0.98673
0.98536
0.98762
0.98824
0.9848
0.98414
0.98854
0.98734
0.98955
0.9823
0.98459
0.98735
0.98647
0.98845
0.98928
0.99067
0.99156
0.98837
0.98745
0.98794
0.98703
0.98879
0.98406
0.98654
0.9864
0.98251
0.98879
0.99242
0.98609
0.98375
0.98939
0.9886
0.98871
0.98755
0.98792
0.98924
0.98889
0.98945
0.98649
0.99028
0.98864
0.98444
0.9869
0.98418
0.98501
0.99047
0.98818
0.98779
0.98472
0.98986
0.98825
0.98827
0.98556
0.989
0.99037
0.99361
0.98693
0.98839
0.98564
0.9887
0.98815
0.99066
0.98952
0.99237
0.98598
0.98961
0.98743
0.98619
0.98997
0.99065
0.989
0.98639
0.98598
0.98907
0.98796
0.98402
0.9869
0.98596
0.98908
0.98669
0.98721
0.99229
0.9868
0.99055
0.9863
0.99126
0.98842
0.98948
0.99162
0.99065
0.98522
0.98531
0.98892
0.98948
0.99123
0.99084
0.98847
0.98983
0.99215
0.98987
0.98708
0.98799
0.99062
0.98793
0.99093
0.98599
0.99089
0.98643
0.99103
0.99077
0.99156
0.98902
0.98658
0.9867
0.98497
0.98942
0.99072
0.99048
0.99216
0.99325
0.99049
0.98536
0.99357
0.9879
0.99316
0.98982
0.98882
0.99105
0.99004
0.99123
0.99079
0.98878
0.99035
0.98678
0.98426
0.99177
0.99086
0.9927
0.98949
0.9884
0.98772
0.98688
0.98866
0.98712
0.99362
0.99278
0.99111
0.9923
0.9907
0.99415
0.99297
0.99362
0.98754
0.98541
0.98837
0.98911
0.98621
0.99388
0.99235
0.99344
0.99117
0.98951
0.99149
0.99219
0.99179
0.98655
0.99282
0.98868
0.9932
0.99102
0.98857
0.98834
0.98932
0.99105
0.99077
0.98864
0.99199
0.99068
0.9906
0.98971
0.99125
0.99261
0.9902
0.99044
0.99022
0.99124
0.99452
0.99245
0.98993
0.98902
0.99487
0.99063
0.99255
0.99295
0.98956
0.99119
0.99229
0.98879
0.98792
0.987
0.98768
0.98815
0.99186
0.98988
0.99295
0.99361
0.99219
0.98829
0.99375
0.99037
0.98957
0.98906
0.99425
0.99397
0.99234
0.98644
0.9912
0.99284
0.99256
0.99028
0.99347
0.99338
0.9932
0.99211
0.9914
0.99435
0.99442
0.98955
0.99339
0.99442
0.98786
0.99073
0.9926
0.99083
0.99617
0.99301
0.99206
0.98877
0.98831
0.993
0.98781
0.98775
0.99295
0.9904
0.99018
0.9909
0.98922
0.99504
0.98814
0.99451
0.99279
0.98981
0.99179
0.98914
0.98918
0.98682
0.98593
0.99047
0.99207
0.98872
0.99368
0.99089
0.99124
0.99087
0.98968
0.99052
0.98712
0.99589
0.98994
0.98747
0.99053
0.99388
0.99232
0.99158
0.99003
0.98937
0.99006
0.9924
0.99255
0.98743
0.99063
0.99377
0.98984
0.98555
0.99427
0.99271
0.98952
0.99032
0.99064
0.99362
0.99419
0.99437
0.99189
0.99203
0.99465
0.99159
0.9911
0.98879
0.98887
0.99182
0.99221
0.98981
0.99456
0.98961
0.99388
0.99383
0.99022
0.99522
0.99347
0.993
0.99541
0.99108
0.99615
0.99638
0.98763
0.99206
0.99369
0.99366
0.99492
0.98638
0.99175
0.98972
0.99302
0.99406
0.9952
0.99355
0.98718
0.99321
0.9928
0.99555
0.99181
0.99278
0.99265
0.9945
0.9928
0.99535
0.99307
0.99742
0.99593
0.99546
0.99452
0.99445
0.99349
0.99495
0.99723
0.99626
0.99552
0.99755
0.9925
0.99549
0.9938
0.99633
0.99474
0.99296
0.99693
0.99281
0.99631
0.99606
0.99624
0.99296
0.99624
0.99517
0.99565
0.99322
0.99769
0.99492
0.99706
0.99739
0.99503
0.99482
0.99338
0.99218
0.99184
0.99181
0.99217
0.99422
0.99482
0.99401
0.99326
0.99431
0.99476
0.99214
0.99309
0.99399
0.99098
0.99458
0.99364
0.99735
0.99404
0.99534
0.99509
0.99554
0.99154
0.99384
0.98777
0.99407
0.99359
0.99471
0.99546
0.99384
0.99199
0.99581
0.99816
0.99176
0.99342
0.99201
0.99448
0.98878
0.99705
0.99493
0.99174
0.99033
0.99622
0.99448
0.99418
0.99258
0.99546
0.99668
0.99323
0.99354
0.99271
0.99016
0.99203
0.99075
0.99157
0.99344
0.99207
0.99272
0.99215
0.99469
0.99436
0.99246
0.99102
0.99087
0.99393
0.99629
0.99424
0.99219
0.99357
0.99504
0.98844
0.99031
0.99359
0.99498
0.99281
0.99239
0.99132
0.98339
0.99224
0.98799
0.99455
0.9887
0.98976
0.99412
0.9906
0.99078
0.9892
0.99167
0.98981
0.98766
0.99126
0.98734
0.99422
0.99155
0.99389
0.99143
0.98947
0.98859
0.9861
0.98764
0.98756
0.99468
0.99131
0.98982
0.99327
0.98428
0.98644
0.98882
0.98885
0.98628
0.98476
0.98881
0.9903
0.99274
0.98989
0.98611
0.98797
0.99034
0.99178
0.98804
0.99071
0.99046
0.99008
0.98582
0.99147
0.99228
0.99058
0.99276
0.98909
0.98979
0.99297
0.98626
0.98604
0.98864
0.98918
0.99022
0.99114
0.9934
0.98835
0.98637
0.98892
0.98631
0.989
0.9911
0.99044
0.98693
0.99238
0.98629
0.99171
0.99177
0.99007
0.9915
0.98816
0.98797
0.99273
0.99018
0.9878
0.98948
0.99179
0.98681
0.98424
0.98793
0.9882
0.99262
0.99043
0.98429
0.98704
0.98646
0.9886
0.99145
0.98379
0.98999
0.98499
0.98818
0.99185
0.98705
0.9942
0.9863
0.98383
0.98531
0.98782
0.99059
0.98391
0.98089
0.98642
0.98343
0.98755
0.98634
0.98596
0.98882
0.98837
0.98168
0.98685
0.99076
0.99037
0.98751
0.98734
0.98642
0.99176
0.98254
0.98813
0.98712
0.98568
0.98831
0.99056
0.98693
0.99239
0.98946
0.98916
0.9855
0.98804
0.99036
0.98549
0.98968
0.99221
0.98914
0.98753
0.98312
0.98514
0.98676
0.98686
0.98632
0.98996
0.98823
0.99091
0.98658
0.98907
0.99018
0.99092
0.99003
0.98485
0.98848
0.98984
0.98608
0.98622
0.98794
0.9884
0.98483
0.98522
0.98988
0.99088
0.98794
0.98832
0.99082
0.99175
0.98988
0.98947
0.9895
0.98976
0.99075
0.98803
0.99137
0.98619
0.98995
0.98904
0.99162
0.98684
0.98501
0.98775
0.99078
0.98796
0.99095
0.99005
0.98714
0.9823
0.98585
0.99065
0.99011
0.98172
0.98563
0.98806
0.98103
0.98966
0.98795
0.98991
0.98761
0.98707
0.98921
0.99045
0.9878
0.98936
0.98929
0.99016
0.9914
0.98734
0.97734
0.98922
0.98725
0.98946
0.98627
0.99138
0.99066
0.98691
0.98941
0.98858
0.98516
0.98799
0.98878
0.98698
0.99149
0.98816
0.98651
0.98759
0.98166
0.98045
0.98961
0.99114
0.9898
0.98563
0.98886
0.9874
0.99252
0.99323
0.9887
0.9874
0.98697
0.98632
0.98944
0.98942
0.98899
0.98243
0.98307
0.98995
0.99059
0.98948
0.99056
0.98514
0.99289
0.98629
0.98657
0.99041
0.98301
0.98828
0.98956
0.99475
0.99031
0.98884
0.98484
0.98678
0.98799
0.98646
0.98868
0.98819
0.98916
0.98853
0.99183
0.98485
0.98739
0.98703
0.99242
0.99156
0.98851
0.98694
0.98928
0.98927
0.98927
0.99192
0.99155
0.98545
0.98882
0.98993
0.99068
0.98335
0.98975
0.98794
0.98211
0.9861
0.99024
0.98961
0.98777
0.98845
0.98849
0.9906
0.99079
0.9891
0.98446
0.98414
0.99079
0.98632
0.98755
0.98918
0.99253
0.98924
0.99383
0.98177
0.99158
0.99151
0.98419
0.98765
0.98795
0.98752
0.99103
0.99352
0.99139
0.99197
0.99426
0.99089
0.99158
0.99169
0.99213
0.99219
0.9841
0.99135
0.98947
0.98837
0.98802
0.98727
0.98532
0.98721
0.98921
0.99073
0.99184
0.9925
0.98853
0.98908
0.98904
0.98957
0.98798
0.98601
0.9867
0.98631
0.98967
0.99089
0.98841
0.98514
0.99062
0.98669
0.98844
0.99067
0.99029
0.98381
0.98848
0.99287
0.99144
0.98779
0.99034
0.99404
0.99299
0.98609
0.99063
0.98838
0.98791
0.99146
0.98937
0.98884
0.98638
0.9918
0.99212
0.99015
0.98519
0.99273
0.98639
0.98861
0.98454
0.98684
0.99141
0.98957
0.9854
0.99129
0.98715
0.98915
0.98718
0.98853
0.98646
0.98983
0.9898
0.98579
0.98793
0.99111
0.98711
0.98857
0.98491
0.98671
0.98775
0.98651
0.98912
0.98541
0.98752
0.99034
0.98574
0.98863
0.98824
0.99425
0.99295
0.9912
0.99063
0.98942
0.99071
0.9912
0.99057
0.98945
0.99071
0.98857
0.9922
0.9874
0.9909
0.98922
0.9886
0.99158
0.99139
0.99093
0.993
0.99335
0.99224
0.99094
0.98963
0.99111
0.9874
0.98855
0.99245
0.99074
0.98754
0.98954
0.98766
0.98543
0.98986
0.99121
0.99099
0.98997
0.99414
0.98912
0.98937
0.98762
0.99107
0.9871
0.9877
0.99122
0.98999
0.98959
0.99256
0.98556
0.98836
0.99193
0.9887
0.98899
0.9901
0.9879
0.99259
0.99416
0.99289
0.99075
0.99382
0.99016
0.98926
0.98959
0.98766
0.98921
0.98867
0.98654
0.98845
0.99103
0.98571
0.98798
0.99051
0.98655
0.98765
0.99295
0.99515
0.99446
0.98847
0.99287
0.99104
