0.97307
1.10622
0.9043
1.1329
0.78555
1.13055
0.86776
1.13561
0.83642
1.14295
0.89726
1.109
0.84857
1.09461
0.89936
1.12158
0.9184
1.0784
0.89256
1.18189
0.81002
1.15033
0.96016
1.1331
1.04557
0.97555
1.15959
0.87319
1.07266
0.89345
1.12738
0.88327
1.10824
0.90776
1.14997
0.90163
1.14747
0.8878
1.09856
0.85753
1.15261
0.89606
1.19457
0.8375
1.13767
0.90439
1.11376
0.87905
1.14403
0.90047
1.11663
0.93882
1.13707
0.92252
1.15213
0.86409
1.14353
0.93854
1.12063
0.80358
1.25504
0.91431
1.13706
0.93276
1.12058
0.92482
1.12687
0.86334
1.16964
0.87133
1.15526
0.90214
1.11913
0.92688
1.13687
0.91197
1.15678
0.89528
1.15927
0.83199
1.16549
0.91844
1.15813
0.87062
1.12477
0.92178
1.15613
0.92597
1.10258
1.02802
1.1048
1.2141
0.83935
1.13872
0.92924
1.17004
0.85929
1.17557
0.90915
1.17633
0.88158
1.16581
0.86643
1.20977
0.97778
1.16234
0.87983
1.19145
0.89683
1.19974
0.89336
1.16519
0.91217
1.18165
0.87173
1.16395
0.95111
1.19248
0.92738
1.17893
0.9029
1.14407
0.91578
1.18125
0.89461
1.19349
0.90366
1.19761
0.9374
1.15585
0.89846
1.1895
0.87188
1.2283
0.98664
1.2236
0.85775
1.20879
0.86047
1.21535
0.94143
1.17424
0.93489
1.21596
0.87113
1.22829
0.98974
1.19884
0.9054
1.14724
1.02151
1.12737
1.28313
0.81051
1.08637
1.01824
1.25241
0.84446
1.22743
0.98227
1.2365
0.93526
1.22468
0.93679
1.18174
0.96256
1.22287
0.92044
1.21701
0.92892
1.22145
0.92502
1.21345
1.05775
1.13699
1.39827
0.7865
1.15346
0.98165
1.19342
0.90235
1.19887
0.91751
1.26379
0.95726
1.2322
0.94173
1.21215
0.89293
1.26072
0.9763
1.2015
1.08377
1.1259
1.35733
0.85792
1.10748
1.03835
1.2148
0.89902
1.24065
0.94373
1.21453
0.95339
1.2513
0.97223
1.21304
0.91641
1.25089
0.98825
1.24381
0.92548
1.22554
0.97493
1.22485
0.91845
1.25794
0.98733
1.25774
0.91238
1.2677
0.95145
1.20225
0.93584
1.2955
0.93995
1.26179
0.98051
1.19053
0.96978
1.31124
0.90669
1.22626
0.96818
1.2626
0.98565
1.21511
0.99059
1.24984
0.97436
1.26424
0.99681
1.26195
0.94418
1.21669
1.04295
1.33063
0.8785
1.28057
0.93369
1.34242
0.94883
1.26128
0.87678
1.34764
0.97042
1.27625
0.98504
1.29496
0.94913
1.31989
0.99737
1.26645
0.92896
1.29134
0.97453
1.25578
1.00414
1.26997
1.07028
1.24574
0.96995
1.41132
0.92485
1.25765
1.01324
1.242
0.99816
1.23137
1.01452
1.25447
0.96712
1.2857
0.98984
1.31119
0.97477
1.22631
1.01631
1.2853
1.00984
1.27587
0.97706
1.33386
0.95834
1.3297
0.97425
1.37785
0.98104
1.30485
0.94814
1.2969
1.01306
1.30482
0.9405
1.29225
0.99354
1.3444
0.90291
1.32352
1.04191
1.30728
1.06431
1.23248
1.02339
1.30681
1.06711
1.43704
0.86622
1.32978
1.0607
1.33138
0.89655
1.38082
1.00332
1.30671
1.00722
1.31794
1.05354
1.32201
0.89145
1.23534
1.09255
1.41349
0.95554
1.29405
0.96535
1.38249
1.01668
1.3397
1.03396
1.34586
0.9962
1.3554
1.07677
1.28842
1.00602
1.34231
1.06316
1.3546
0.99502
1.32919
1.08825
1.45321
0.96788
1.37128
0.99236
1.3208
1.0112
1.35094
1.03623
1.33903
0.94872
1.31408
1.07418
1.34367
0.96811
1.40551
0.98252
1.3586
1.06272
1.31539
1.00495
1.36754
1.0451
1.39086
0.95898
1.32109
1.03219
1.42054
1.02775
1.34696
0.99517
1.37073
1.03637
1.38987
1.02389
1.3301
0.97556
1.39906
1.10816
1.34206
1.24515
1.27004
1.48168
0.86451
1.15179
1.09535
1.41595
0.97362
1.40247
1.02568
1.42005
1.07251
1.38333
1.02844
1.44495
1.02586
1.41186
1.04846
1.37183
0.98816
1.42532
0.99934
1.35998
1.05779
1.39083
1.16491
1.47071
0.99679
1.36739
1.10889
1.37204
1.019
1.42117
1.11632
1.40886
0.98603
1.40624
1.04231
1.43331
1.1031
1.38646
1.12038
1.40307
0.9498
1.46256
1.1063
1.4735
1.04548
1.37838
1.14506
1.42965
0.9917
1.44245
1.06913
1.38852
1.07061
1.38923
1.01791
1.38025
1.00889
1.46381
1.11628
1.3997
1.14262
1.39338
1.09089
1.50817
1.00698
1.37826
1.18686
1.44338
1.06128
1.44332
1.08709
1.41659
1.0701
1.41728
1.00561
1.41763
1.13201
1.45411
1.05677
1.4261
1.02612
1.4344
1.09532
1.39915
1.25106
1.36073
1.42352
0.9672
1.43508
1.1381
1.46008
1.08082
1.44268
1.02892
1.51104
1.06241
1.44895
1.16003
1.4244
0.9772
1.48353
1.13469
1.45526
1.19902
1.50151
0.99331
1.50295
1.11768
1.47676
1.05631
1.48716
1.02318
1.53284
1.13698
1.51637
1.10814
1.51232
1.16135
1.54706
1.0943
1.49011
1.09078
1.50623
1.18286
1.48866
0.96963
1.51632
1.10386
1.50215
1.06483
1.5294
1.05545
1.54049
1.16302
1.50636
1.05462
1.51298
1.13587
1.50737
1.13854
1.48764
1.11295
1.51865
1.1044
1.51369
0.90892
1.56467
1.17201
1.52861
1.08724
1.50706
1.19653
1.5367
1.06814
1.49222
1.20319
1.54295
1.14445
1.52712
1.03377
1.57248
1.13343
1.4751
1.18143
1.53557
0.99726
1.66124
1.07395
1.50994
1.25295
1.51009
1.03122
1.59013
1.18026
1.54805
1.15143
1.48733
1.23141
1.59084
1.19665
1.50093
1.13007
1.56212
1.17652
1.56032
1.13837
1.52949
1.15954
1.53875
1.1903
1.48932
1.00492
1.59707
1.19119
1.57381
1.1515
1.57305
1.12742
1.53047
1.24007
1.63697
1.0304
1.57925
1.20961
1.53655
1.0567
1.60627
1.1817
1.52629
1.27283
1.64831
1.06069
1.54674
1.19086
1.55447
1.22472
1.58867
1.12239
1.57869
1.1995
1.5614
1.17713
1.64563
1.0415
1.64736
1.23949
1.60002
1.21569
1.60333
1.08842
1.61679
1.1859
1.58653
1.17816
1.54591
1.19828
1.60812
1.12337
1.65359
1.15793
1.595
1.23844
1.57862
1.17918
1.55555
1.18354
1.61239
1.24485
1.59711
1.23086
1.59482
1.10161
1.63273
1.20905
1.59653
1.30449
1.6523
1.07797
1.62122
1.18179
1.55331
1.20141
1.62959
1.26172
1.53496
1.22212
1.58318
1.34974
1.62962
1.18291
1.64496
1.21498
1.67692
1.2009
1.62036
1.21998
1.67242
1.22673
1.65232
1.18902
1.62629
1.08599
1.69336
1.24222
1.59104
1.27751
1.69654
1.20695
1.6203
1.19337
1.6303
1.19097
1.6693
1.28477
1.72871
1.21449
1.6015
1.21343
1.67564
1.26336
1.63833
1.32664
1.68675
1.10012
1.60374
1.31509
1.65601
1.26379
1.64791
1.11284
1.66883
1.27873
1.66126
1.25306
1.73728
1.20272
1.66133
1.31508
1.66522
1.10078
1.66226
1.30051
1.62783
1.34022
1.67573
1.13654
1.71275
1.16575
1.63629
1.35797
1.676
1.2159
1.69103
1.2462
1.67044
1.15447
1.79099
1.2729
1.67861
1.2887
1.63183
1.3532
1.74995
1.04903
1.80521
1.28448
1.66189
1.38562
1.70636
1.13072
1.67064
1.23866
1.60228
1.42113
1.68646
1.24179
1.83151
1.24088
1.64364
1.38203
1.66693
1.16066
1.71985
1.21003
1.61084
1.39585
1.68376
1.29598
1.77612
1.22831
1.71971
1.34557
1.67105
1.35204
1.72533
1.11538
1.74544
1.39261
1.75672
1.33143
1.70759
1.28284
1.75223
1.20983
1.7337
1.25613
1.87414
1.29024
1.71865
1.35196
1.6742
1.38551
1.75581
1.09754
1.79567
1.31106
1.66112
1.49551
1.73141
1.21339
1.82433
1.25786
1.71471
1.3826
1.70781
1.09612
1.90445
1.35771
1.71476
1.40029
1.80025
1.15667
1.8719
1.37881
1.75594
1.40452
1.78961
1.15007
1.89539
1.33137
1.67236
1.53825
1.78374
1.0692
1.87911
1.32923
1.70891
1.39402
1.77351
1.22676
1.79265
1.44108
1.78414
1.21069
1.84213
1.2908
1.73645
1.44462
1.79328
1.25366
1.82766
1.36091
1.75839
1.36578
1.80474
1.07426
1.88061
1.45671
1.77081
1.4618
1.77198
1.2485
1.84748
1.38742
1.74678
1.45671
1.84783
1.17371
1.85015
1.28316
1.78377
1.48315
1.76469
1.23471
1.68854
1.2291
1.72732
1.49129
1.81209
1.41676
1.90287
1.24612
1.87843
1.47256
1.79158
1.44257
1.78456
1.23857
1.79503
1.47318
1.79604
1.44459
1.89498
1.18481
1.90374
1.49585
1.84292
1.40774
1.86145
1.23992
1.84345
1.43947
1.82658
1.46028
1.86831
1.21968
1.8726
1.45826
1.82527
1.47186
1.92582
1.22032
1.8194
1.43235
1.80273
1.48291
1.90675
1.16943
1.96099
1.38113
1.79539
1.57072
1.86633
1.2303
1.80785
1.2788
1.69694
1.55801
1.88873
1.44683
1.90844
1.35441
1.83596
1.39168
1.80536
1.53684
1.88568
1.21639
1.88761
1.40569
1.81331
1.57704
1.92843
1.32192
1.78
1.40566
1.8117
1.56279
1.92427
1.17372
1.92877
1.41669
1.92861
1.47487
1.90636
1.40831
1.86795
1.36192
1.85935
1.51292
1.89891
1.44594
1.81723
1.27738
1.85585
1.60704
1.87268
1.45784
1.93064
1.40116
1.90089
1.4211
1.77873
1.46477
1.97281
1.31245
1.91054
1.37456
1.8953
1.55138
1.95725
1.41925
1.96658
1.32181
1.88653
1.53437
1.95608
1.50279
2.01874
1.17856
2.05763
1.44026
1.86329
1.55389
1.96301
1.20946
1.88843
1.3332
1.81192
1.61816
1.98146
1.4664
2.01404
1.35972
1.93701
1.50206
1.8996
1.60673
1.97328
1.34177
1.89721
1.37824
1.88515
1.61506
1.90701
1.48704
