0.5429
0.61909
0.53478
0.61972
0.51547
0.59901
0.51864
0.61823
0.50803
0.60886
0.52689
0.62434
0.5208
0.5933
0.54011
0.62153
0.50946
0.62668
0.50985
0.61513
0.50366
0.60669
0.54692
0.58872
0.55699
0.55376
0.62598
0.51133
0.61663
0.52624
0.62949
0.50803
0.6261
0.50419
0.6215
0.51548
0.6205
0.50908
0.62284
0.52051
0.61628
0.51749
0.61189
0.5256
0.62118
0.51372
0.61751
0.51598
0.61908
0.53234
0.61154
0.53281
0.62678
0.53394
0.61874
0.50499
0.6196
0.52968
0.62839
0.52587
0.60184
0.52116
0.61387
0.52295
0.62533
0.54217
0.62132
0.50841
0.60508
0.52787
0.61814
0.52382
0.62172
0.52873
0.6307
0.5303
0.61874
0.52197
0.6256
0.53564
0.60519
0.52665
0.62928
0.50804
0.62698
0.51254
0.6266
0.5374
0.62856
0.54362
0.59676
0.60272
0.50938
0.60506
0.53225
0.63479
0.52407
0.62492
0.52763
0.62924
0.52372
0.61918
0.52715
0.61702
0.52428
0.63059
0.52853
0.62017
0.53246
0.62684
0.50591
0.63205
0.5429
0.62613
0.50788
0.62642
0.53686
0.6295
0.5167
0.62914
0.53056
0.62915
0.53074
0.62762
0.53026
0.61076
0.53464
0.6256
0.52337
0.63486
0.53196
0.62112
0.52585
0.61416
0.55354
0.62638
0.48886
0.62179
0.55182
0.61204
0.53448
0.64146
0.52699
0.636
0.52254
0.60943
0.55162
0.62918
0.53105
0.62298
0.5389
0.60132
0.61522
0.47877
0.61293
0.57382
0.64635
0.50998
0.62061
0.52993
0.64243
0.53405
0.63137
0.53028
0.63277
0.53521
0.63843
0.54251
0.63191
0.53759
0.64032
0.51184
0.62911
0.56107
0.60908
0.61443
0.47161
0.61478
0.56195
0.63743
0.52631
0.63209
0.54186
0.62945
0.53227
0.635
0.54071
0.64421
0.52156
0.61495
0.54268
0.644
0.57239
0.59941
0.62183
0.50014
0.61901
0.56859
0.65951
0.5184
0.63033
0.53729
0.6359
0.54396
0.64389
0.5245
0.64246
0.5119
0.63328
0.54568
0.64331
0.5373
0.63414
0.53407
0.65373
0.51544
0.62971
0.53417
0.65012
0.50738
0.6404
0.53968
0.65297
0.54103
0.6321
0.51805
0.63216
0.55121
0.63854
0.53856
0.64656
0.52883
0.62216
0.54267
0.65336
0.53465
0.64492
0.54793
0.63907
0.52692
0.64789
0.55248
0.65209
0.51193
0.62749
0.57597
0.65169
0.51608
0.63127
0.55961
0.62195
0.53428
0.65005
0.55341
0.61457
0.52765
0.64913
0.53221
0.65365
0.53492
0.63361
0.5372
0.65633
0.52848
0.64294
0.52963
0.65006
0.54362
0.65609
0.55722
0.65309
0.57319
0.62264
0.49886
0.64442
0.56321
0.65606
0.54811
0.65155
0.52479
0.65301
0.54459
0.65073
0.53825
0.64969
0.55464
0.64662
0.56882
0.6607
0.53341
0.65941
0.54032
0.63848
0.53873
0.65926
0.5493
0.65261
0.53816
0.64762
0.54307
0.63787
0.54733
0.64524
0.52849
0.64383
0.54716
0.66022
0.53631
0.63544
0.54691
0.6456
0.55779
0.66287
0.5494
0.65501
0.57384
0.65397
0.51676
0.62233
0.56783
0.66651
0.54609
0.63997
0.53964
0.65413
0.54858
0.6475
0.56797
0.66309
0.50911
0.61551
0.58771
0.65505
0.53838
0.65232
0.5659
0.64287
0.53264
0.66152
0.55868
0.65081
0.56042
0.64642
0.56421
0.67146
0.53284
0.64701
0.55533
0.67079
0.53974
0.6422
0.57592
0.6543
0.52336
0.65507
0.55616
0.6629
0.5364
0.67518
0.54772
0.65238
0.53439
0.64916
0.57657
0.67752
0.5584
0.65064
0.52918
0.67039
0.55862
0.67499
0.55785
0.656
0.55329
0.66152
0.54961
0.64318
0.56591
0.6696
0.56091
0.65274
0.549
0.65886
0.55818
0.65309
0.55792
0.67196
0.5377
0.64382
0.58808
0.66461
0.60359
0.63475
0.62643
0.49813
0.60506
0.5883
0.66276
0.54078
0.67159
0.55683
0.66371
0.55441
0.67397
0.57087
0.65484
0.5702
0.66582
0.54264
0.67167
0.55918
0.65196
0.53262
0.68325
0.56671
0.66485
0.59385
0.66006
0.52095
0.6622
0.57234
0.68188
0.55557
0.65659
0.55674
0.67123
0.53121
0.66749
0.52779
0.66083
0.56031
0.68506
0.57659
0.66469
0.55104
0.65534
0.56004
0.6804
0.55592
0.66545
0.58099
0.67621
0.55209
0.66172
0.53858
0.68323
0.56514
0.67768
0.57451
0.6684
0.55258
0.66401
0.58364
0.6665
0.58528
0.66747
0.59815
0.67076
0.52447
0.66939
0.58728
0.68388
0.559
0.67213
0.57058
0.67608
0.57176
0.65623
0.54376
0.66889
0.57069
0.68639
0.56767
0.66849
0.56296
0.65857
0.58485
0.67253
0.61288
0.64857
0.64405
0.55934
0.66707
0.58543
0.6945
0.56915
0.68744
0.55785
0.65651
0.56411
0.69667
0.57856
0.68882
0.56571
0.64152
0.56724
0.69232
0.58669
0.69204
0.53668
0.66302
0.57788
0.69163
0.56708
0.6863
0.56092
0.65086
0.58144
0.69771
0.55274
0.68046
0.60019
0.68572
0.54877
0.67768
0.56213
0.68524
0.59402
0.69515
0.53712
0.65474
0.57395
0.69588
0.57054
0.67124
0.54206
0.68647
0.59222
0.68786
0.58361
0.66768
0.56487
0.67887
0.58759
0.69212
0.57071
0.67713
0.5814
0.68086
0.54709
0.62377
0.58715
0.69979
0.55704
0.68537
0.61029
0.70173
0.52497
0.66759
0.59676
0.70318
0.58511
0.69148
0.55505
0.67897
0.57139
0.7004
0.60889
0.70075
0.57321
0.65348
0.55255
0.69556
0.59407
0.69874
0.57906
0.6498
0.57921
0.70353
0.57937
0.68716
0.59544
0.69335
0.57182
0.70776
0.5668
0.66842
0.59489
0.69484
0.58174
0.69299
0.56857
0.69248
0.59222
0.69699
0.5763
0.65593
0.58549
0.70905
0.59209
0.69452
0.58197
0.69444
0.60139
0.69598
0.54834
0.68861
0.59383
0.69298
0.5748
0.68207
0.61204
0.70038
0.61059
0.71237
0.53587
0.69333
0.59004
0.69538
0.60657
0.70799
0.59149
0.67455
0.59342
0.7049
0.59981
0.69336
0.55977
0.67861
0.59489
0.71199
0.59781
0.70679
0.57568
0.6735
0.5866
0.7039
0.58217
0.71299
0.59061
0.71228
0.58721
0.6892
0.5642
0.70959
0.5934
0.703
0.59924
0.70107
0.55514
0.68209
0.61014
0.72129
0.60191
0.70449
0.54764
0.68403
0.61245
0.71208
0.6295
0.71019
0.55387
0.66743
0.61493
0.7055
0.6158
0.70746
0.59444
0.68913
0.55962
0.7018
0.64068
0.7168
0.59624
0.68872
0.59099
0.70838
0.59563
0.71296
0.61122
0.69775
0.57938
0.70862
0.59498
0.70954
0.55877
0.67738
0.60056
0.71398
0.61132
0.72715
0.58163
0.69038
0.60689
0.71913
0.56895
0.70558
0.62188
0.72086
0.59467
0.70649
0.56352
0.70256
0.60768
0.71993
0.62795
0.70362
0.53712
0.70148
0.62946
0.73691
0.60245
0.70951
0.58069
0.68783
0.60138
0.73637
0.60314
0.69636
0.58428
0.72768
0.62343
0.71471
0.55123
0.68015
0.61893
0.72804
0.61546
0.72311
0.57036
0.69179
0.55631
0.72522
0.64007
0.74015
0.57668
0.69488
0.60845
0.72426
0.60067
0.69157
0.59355
0.71855
0.61675
0.72984
0.62067
0.72742
0.57618
0.67368
0.61219
0.72462
0.63053
0.73909
0.58843
0.68977
0.54776
0.72393
0.66214
0.74643
0.59637
0.69549
0.57962
0.72792
0.65133
0.73331
0.58969
0.6888
0.53763
0.72499
0.65598
0.73719
0.61988
0.70536
0.57686
0.72753
0.62306
0.73529
0.64381
0.71574
0.55559
0.69065
0.65434
0.74513
0.61813
0.7327
0.58408
0.70624
0.60479
0.72464
0.61223
0.69806
0.60399
0.73485
0.62205
0.7244
0.651
0.7288
0.56367
0.68139
0.61095
0.74769
0.66168
0.74107
0.60434
0.68932
0.61099
0.74731
0.64988
0.734
0.59119
0.68601
0.63442
0.7501
0.63237
0.73516
0.5788
0.68629
0.62768
0.74603
0.64305
0.73575
0.58031
0.68599
0.63186
0.74285
0.66327
0.72935
0.59093
0.69188
0.60078
0.75112
0.63816
0.72255
0.56064
0.73152
0.65816
0.74228
0.61174
0.69966
0.60139
0.73503
0.65321
0.7429
0.61893
0.71044
0.63687
0.74469
0.64497
0.72445
0.56423
0.67855
0.66817
0.75679
0.63044
0.74301
0.576
0.7206
0.62666
0.75913
0.65243
0.742
0.58957
0.70985
0.58477
0.75309
0.65678
0.75726
0.61821
0.71145
0.52043
0.7034
0.67946
0.75824
0.65372
0.74528
0.59672
0.71511
0.66323
0.75911
0.64587
0.74352
0.55192
0.72433
0.66819
0.75734
0.6491
0.74206
0.58656
0.711
0.68097
0.76223
0.64106
0.72945
0.57901
0.72499
0.66781
0.76095
0.66393
0.74298
0.56524
0.70956
0.64526
0.76713
0.66532
0.73728
0.57134
0.71623
0.64523
0.75808
0.66791
0.75756
0.58138
0.70285
0.62351
0.76249
0.67486
0.75595
0.59252
0.70818
0.53094
0.74648
0.70653
0.75859
0.63713
0.74123
0.60167
0.7165
0.62125
0.77521
0.67886
0.76144
0.58917
0.70302
0.63802
0.76176
0.69206
0.77157
0.61077
0.72382
0.61148
0.77283
0.68938
0.75971
0.58694
0.7194
0.62885
0.75034
0.65057
0.76243
0.66346
0.73445
0.57356
0.74736
0.67036
0.77272
0.65921
0.72141
0.54726
0.72498
0.70396
0.77224
0.64513
0.7514
0.6217
0.75053
0.62407
0.75008
0.66144
0.75074
0.62875
0.72435
0.60871
0.76104
0.68108
0.77009
0.62776
0.71829
0.58309
0.73939
0.68912
0.77345
0.6598
0.75532
0.60267
0.70794
0.62946
0.77548
0.68824
0.76666
0.58744
0.71164
0.5848
0.76226
0.72255
0.76723
0.65106
0.75026
0.61524
0.75342
0.62393
0.78278
0.68522
0.76856
0.60333
0.71153
0.60403
0.76358
0.70407
0.76977
0.65254
