0.45333
0.36635
0.43204
0.35142
0.50658
0.35263
0.44853
0.34879
0.47596
0.35029
0.44669
0.35644
0.4751
0.35339
0.45229
0.35887
0.44309
0.3679
0.45081
0.34587
0.49092
0.35512
0.42216
0.37247
0.40271
0.44152
0.3589
0.46728
0.36345
0.45311
0.35716
0.45297
0.35498
0.45176
0.35197
0.44927
0.34802
0.45627
0.35799
0.46589
0.3591
0.44307
0.34064
0.47119
0.34856
0.46216
0.36209
0.45083
0.35005
0.44694
0.34814
0.46378
0.36653
0.43164
0.34774
0.47114
0.34541
0.43699
0.3526
0.50368
0.33492
0.4198
0.35233
0.451
0.35827
0.42874
0.35036
0.4736
0.34282
0.45971
0.34524
0.46056
0.35379
0.43829
0.34969
0.45132
0.34847
0.45014
0.33984
0.48913
0.3459
0.43487
0.35015
0.46787
0.35477
0.44489
0.33945
0.44727
0.35533
0.42023
0.38597
0.36092
0.50232
0.35193
0.42254
0.34045
0.47815
0.34419
0.44053
0.33868
0.45311
0.34602
0.47324
0.34291
0.4153
0.33963
0.47968
0.33935
0.4447
0.34143
0.45836
0.3382
0.4392
0.34512
0.46126
0.33697
0.44379
0.34348
0.44222
0.34642
0.4564
0.3489
0.44342
0.34241
0.45113
0.33559
0.45119
0.3388
0.44353
0.34516
0.45078
0.33868
0.47963
0.34048
0.40735
0.33751
0.47583
0.32767
0.47185
0.33923
0.43729
0.34425
0.43339
0.33287
0.47769
0.33629
0.40648
0.33998
0.46163
0.35932
0.40966
0.36354
0.35053
0.53787
0.35609
0.39306
0.33189
0.48404
0.33749
0.41455
0.32829
0.44564
0.33624
0.44235
0.33764
0.44199
0.32891
0.4484
0.33612
0.43943
0.33727
0.43679
0.33636
0.40509
0.3621
0.34081
0.52412
0.34011
0.42272
0.33783
0.46232
0.33639
0.4434
0.32461
0.44275
0.3243
0.44334
0.33368
0.46815
0.32119
0.42269
0.34601
0.39531
0.37992
0.33758
0.47678
0.34834
0.40583
0.33704
0.46677
0.32908
0.43643
0.32589
0.43282
0.32734
0.44452
0.3322
0.45414
0.32386
0.41838
0.32846
0.44999
0.33222
0.42029
0.32966
0.46673
0.33866
0.40843
0.32771
0.45539
0.32067
0.43548
0.33045
0.44501
0.32936
0.44064
0.31869
0.43652
0.33795
0.43008
0.32413
0.46711
0.331
0.41616
0.31548
0.43171
0.32817
0.43266
0.33866
0.42824
0.3176
0.42315
0.32162
0.4769
0.33385
0.38902
0.31194
0.46556
0.31689
0.44712
0.32042
0.42185
0.31385
0.47073
0.31689
0.42575
0.31472
0.43067
0.31559
0.44863
0.32438
0.41222
0.32171
0.44947
0.32096
0.43259
0.31892
0.41879
0.32274
0.39922
0.31903
0.42497
0.33721
0.45024
0.31358
0.42899
0.32691
0.42142
0.33162
0.41574
0.31906
0.43742
0.31711
0.43815
0.3126
0.44021
0.32138
0.4102
0.3163
0.42898
0.32344
0.44248
0.30812
0.42602
0.29957
0.42891
0.30673
0.43962
0.3112
0.44161
0.32168
0.41379
0.31657
0.45538
0.31449
0.41373
0.30291
0.46342
0.31915
0.39837
0.31387
0.4281
0.32444
0.41047
0.3068
0.40343
0.31122
0.49096
0.30843
0.39405
0.30562
0.46474
0.3089
0.41858
0.31266
0.42085
0.30832
0.39886
0.3202
0.50464
0.33118
0.37011
0.30336
0.43978
0.30417
0.43881
0.32496
0.406
0.30176
0.42025
0.30116
0.43862
0.31109
0.39901
0.31688
0.42891
0.3145
0.40161
0.30225
0.4288
0.307
0.38715
0.31428
0.44385
0.2935
0.42943
0.31204
0.41924
0.30214
0.41265
0.31251
0.46206
0.30478
0.39748
0.29915
0.43319
0.30802
0.43114
0.29781
0.40678
0.30726
0.43226
0.29991
0.41158
0.2944
0.44871
0.30353
0.40905
0.30811
0.42076
0.30961
0.4265
0.29411
0.41408
0.29617
0.41379
0.31052
0.43784
0.29174
0.39046
0.31264
0.35033
0.3426
0.33657
0.54082
0.34338
0.35999
0.29262
0.43642
0.29749
0.41576
0.29557
0.39469
0.28713
0.4219
0.29167
0.42233
0.29703
0.40856
0.29737
0.42833
0.30288
0.42343
0.29552
0.40759
0.28738
0.38587
0.32793
0.4256
0.2924
0.39684
0.29323
0.42634
0.30271
0.37574
0.29748
0.4341
0.29589
0.43396
0.29374
0.38782
0.29129
0.38566
0.29519
0.46437
0.29771
0.37642
0.28321
0.41678
0.29072
0.38428
0.31387
0.43119
0.30202
0.38749
0.28498
0.41665
0.2901
0.41153
0.29609
0.42841
0.29035
0.39485
0.28362
0.38177
0.29137
0.40969
0.3125
0.43319
0.29211
0.36446
0.28416
0.42617
0.28945
0.40027
0.29642
0.40648
0.29712
0.43124
0.2893
0.37823
0.28382
0.41929
0.29077
0.42769
0.28228
0.40073
0.29725
0.35353
0.3066
0.31448
0.51791
0.28978
0.36349
0.27383
0.40778
0.29555
0.43437
0.27854
0.39534
0.27647
0.3928
0.28765
0.47087
0.2944
0.37009
0.27795
0.37092
0.2767
0.46126
0.27895
0.38688
0.28058
0.40755
0.28127
0.42964
0.28194
0.37418
0.27365
0.405
0.26996
0.37174
0.27956
0.41971
0.28967
0.39722
0.26998
0.36884
0.27472
0.48839
0.28913
0.37818
0.27066
0.40694
0.28847
0.41521
0.26834
0.37191
0.27536
0.40963
0.297
0.39408
0.27095
0.38833
0.27887
0.39861
0.27971
0.40352
0.28475
0.4656
0.27717
0.35482
0.27217
0.41127
0.26788
0.36143
0.29139
0.44913
0.27573
0.35579
0.26518
0.38317
0.27645
0.43785
0.26753
0.38649
0.26763
0.37462
0.27075
0.44099
0.27197
0.40185
0.26915
0.35644
0.28265
0.42077
0.27835
0.36521
0.26637
0.39651
0.27588
0.37543
0.27327
0.3713
0.27522
0.40612
0.27369
0.36032
0.26028
0.40209
0.27736
0.382
0.27273
0.38265
0.28371
0.43702
0.26834
0.36733
0.25725
0.39657
0.26631
0.39006
0.27889
0.35156
0.26149
0.43517
0.25894
0.36615
0.26924
0.43658
0.25518
0.36479
0.26349
0.34468
0.26393
0.4306
0.26532
0.37536
0.26901
0.35859
0.25308
0.41897
0.27847
0.35978
0.26227
0.38228
0.27067
0.45729
0.25807
0.33892
0.25123
0.38254
0.26854
0.41233
0.27027
0.37011
0.25828
0.38319
0.26248
0.3721
0.24769
0.39795
0.27829
0.38309
0.25147
0.37172
0.25736
0.38194
0.28545
0.39617
0.2642
0.34441
0.25253
0.35882
0.28895
0.41734
0.2533
0.36869
0.24749
0.3366
0.26456
0.44043
0.25931
0.36914
0.25776
0.36647
0.2529
0.38119
0.30258
0.39949
0.25314
0.31914
0.25428
0.39131
0.27166
0.36906
0.25572
0.36482
0.24802
0.37122
0.26977
0.36641
0.248
0.37812
0.26273
0.42453
0.25527
0.35523
0.25748
0.34122
0.24491
0.39276
0.25352
0.37467
0.25567
0.39263
0.2467
0.3418
0.24383
0.37769
0.27491
0.37549
0.24701
0.3601
0.24357
0.34384
0.27695
0.43733
0.25184
0.32645
0.2404
0.35797
0.26108
0.42154
0.25239
0.33482
0.24103
0.37877
0.24946
0.37771
0.23665
0.34774
0.26558
0.41649
0.25155
0.33312
0.25444
0.3391
0.25125
0.41233
0.27113
0.38211
0.23585
0.32713
0.2464
0.38837
0.25088
0.34846
0.25244
0.39452
0.24043
0.35812
0.24588
0.35153
0.2536
0.32818
0.2397
0.44833
0.25127
0.33227
0.24229
0.32263
0.23795
0.43127
0.28521
0.36906
0.23564
0.31439
0.24294
0.36847
0.25078
0.37279
0.23616
0.32397
0.24641
0.40375
0.28843
0.37016
0.24101
0.32295
0.24059
0.35508
0.26593
0.37774
0.23472
0.33941
0.23604
0.34994
0.26056
0.43646
0.24371
0.2966
0.23043
0.3581
0.24829
0.36996
0.24225
0.38319
0.2382
0.36066
0.2333
0.35984
0.23491
0.34472
0.24103
0.32492
0.25362
0.45495
0.24037
0.3259
0.22585
0.30957
0.23529
0.4067
0.23991
0.35615
0.21848
0.32769
0.24844
0.4395
0.23336
0.31014
0.22607
0.33499
0.24111
0.41981
0.23948
0.31379
0.22716
0.32586
0.24361
0.42178
0.23103
0.32341
0.23291
0.3022
0.24176
0.4392
0.24637
0.31974
0.21856
0.34098
0.26461
0.37755
0.2215
0.30755
0.2325
0.38985
0.24495
0.35942
0.22891
0.3095
0.23008
0.38835
0.23953
0.3214
0.22261
0.34139
0.24761
0.45389
0.22087
0.27891
0.22447
0.31769
0.24027
0.40735
0.24132
0.30409
0.22241
0.31396
0.23118
0.42144
0.24872
0.3461
0.21486
0.30638
0.22392
0.40175
0.29821
0.38853
0.22684
0.28167
0.21668
0.32607
0.22208
0.38573
0.21827
0.30666
0.22037
0.32827
0.25894
0.39168
0.22781
0.29143
0.21904
0.32317
0.23251
0.41946
0.21579
0.27826
0.21594
0.3376
0.23578
0.41923
0.21477
0.29507
0.21221
0.31668
0.239
0.40925
0.23559
0.2877
0.20709
0.31629
0.23521
0.41869
0.23775
0.30205
0.21366
0.31509
0.22163
0.42384
0.22614
0.31679
0.21294
0.28593
0.222
0.42157
0.30262
0.35714
0.21613
0.26078
0.21462
0.33465
0.23821
0.35881
0.2324
0.32677
0.20943
0.30069
0.21394
0.43632
0.22559
0.3178
0.20465
0.27601
0.20193
0.39293
0.24942
0.31926
0.20297
0.29808
0.21082
0.41879
0.23771
0.31262
0.20998
0.30521
0.20934
0.34004
0.25791
0.35887
0.21202
0.29064
0.19744
0.32684
0.28204
0.41714
0.20966
0.25143
0.20398
0.33497
0.23514
0.32813
0.21461
0.3255
0.21213
0.3146
0.21937
0.36593
0.23358
0.33835
0.20775
0.28083
0.20944
0.3539
0.24805
0.39272
0.21233
0.2712
0.20484
0.3056
0.20711
0.43192
0.21988
0.29451
0.19838
0.28553
0.21567
0.41996
0.26153
0.36174
0.19807
0.25622
0.20218
0.32293
0.21396
0.35558
0.22159
0.30225
0.19584
0.28741
0.2084
0.38101
0.23571
0.35481
0.20036
0.26737
0.21137
0.31877
