1.25754
1.46367
1.16915
1.20887
1.32832
1.35204
1.21781
1.19904
1.29805
1.26978
1.21146
1.25477
1.2871
1.2801
1.20392
1.31033
1.24145
1.22456
1.25282
1.2557
1.32563
1.2236
1.17563
1.19264
1.23071
1.26807
1.3281
1.28857
1.1997
1.21999
1.30098
1.2585
1.2195
1.26149
1.31735
1.24482
1.21084
1.27113
1.23776
1.25731
1.28342
1.22433
1.24979
1.24999
1.20296
1.27987
1.28238
1.2174
1.26892
1.23565
1.13989
1.24272
1.49483
1.19403
1.14816
1.29746
1.27241
1.1971
1.21494
1.31061
1.60413
1.18111
1.12529
1.2482
1.29705
1.1774
1.15765
1.31305
1.29874
1.24428
1.23108
1.26395
1.29488
1.18796
1.24748
1.23247
1.26422
1.23635
1.18936
1.27033
1.31623
1.1792
1.21461
1.28335
1.23136
1.23534
1.21127
1.2182
1.1863
1.19226
1.21078
1.2818
1.40344
1.31593
1.14044
1.14621
1.27007
1.27565
1.21015
1.20395
1.22096
1.22014
1.25666
1.30466
1.17587
1.15688
1.27882
1.31274
1.19749
1.21483
1.27305
1.22696
1.18443
1.25002
1.26862
1.15811
1.20855
1.30293
1.2257
1.1902
1.21774
1.28406
1.20796
1.1834
1.22518
1.21911
1.22304
1.23717
1.21553
1.19621
1.2224
1.20223
1.27089
1.29289
1.13794
1.1336
1.35812
1.21185
1.20946
1.23205
1.18096
1.24109
1.1921
1.18812
1.29267
1.29619
1.11163
1.13448
1.25003
1.2577
1.17684
1.09517
1.17836
1.56774
1.21343
1.05766
1.19524
1.31391
1.29794
1.15579
1.16199
1.20849
1.21455
1.20837
1.1793
1.21225
1.22729
1.18876
1.25186
1.19821
1.19712
1.22264
1.15975
1.14373
1.09607
1.196
1.52486
1.19232
1.12416
1.19793
1.23131
1.2552
1.19684
1.18578
1.21825
1.17809
1.18002
1.19645
1.27172
1.25006
1.14106
1.16672
1.13144
1.06997
1.44551
1.35656
1.11115
1.0754
1.23207
1.2615
1.2967
1.1749
1.13794
1.15447
1.16493
1.22623
1.19764
1.26736
1.21224
1.12825
1.19566
1.241
1.20824
1.15092
1.11184
1.28739
1.32238
1.14225
1.08798
1.27469
1.2103
1.17089
1.15762
1.19427
1.24457
1.2372
1.13661
1.15345
1.19562
1.16168
1.22184
1.30283
1.22899
1.11434
1.10355
1.18213
1.25125
1.15804
1.23326
1.18576
1.14975
1.14522
1.12984
1.32913
1.25714
1.06158
1.1129
1.28152
1.16139
1.16484
1.32097
1.15278
1.08005
1.21408
1.2912
1.19922
1.09097
1.19101
1.13583
1.21618
1.23717
1.13563
1.10312
1.21386
1.24651
1.20592
1.14451
1.12842
1.18979
1.1283
1.04956
1.10412
1.38491
1.32826
1.05242
1.14782
1.17731
1.13024
1.29487
1.20491
1.10357
1.16229
1.13797
1.17132
1.20269
1.15729
1.17714
1.08039
1.16587
1.16866
1.17399
1.18058
1.31034
1.15945
1.07681
1.14068
1.15566
1.20576
1.13032
1.17915
1.19538
1.1414
1.15716
1.26762
1.15904
1.1204
1.14238
1.21338
1.28498
1.13131
1.02501
1.16868
1.17982
1.11186
1.13789
1.0756
1.22906
1.34583
1.20554
1.04641
1.09758
1.19918
1.23279
1.13318
1.12891
1.14216
1.17446
1.07934
1.1258
1.46095
1.22588
1.00697
1.13423
1.19853
1.0797
1.11211
1.33012
1.16096
1.0454
1.13478
1.137
1.13358
1.24885
1.07848
1.10148
1.17022
1.24915
1.1187
1.0552
1.17023
1.13102
1.04301
1.17907
1.24406
1.09808
1.12356
1.17143
1.1488
1.07289
1.12425
1.22024
1.26755
1.10276
1.03476
1.11647
1.13
1.22752
1.21194
1.00183
1.10064
1.09646
1.13121
1.16534
1.12496
1.10666
1.17878
1.17751
1.07157
1.12466
1.13625
1.19769
1.15603
1.14154
1.1025
1.17621
1.09905
1.08553
1.19529
1.16272
1.02911
1.02248
1.02494
0.97437
1.41886
1.67849
1.19747
0.98291
1.03773
1.16259
1.11936
1.12692
1.14218
1.06376
1.09272
1.10077
1.18578
1.09691
1.18739
1.13229
1.04896
1.10288
1.22167
1.18803
1.00197
1.07897
1.05842
1.02144
1.35225
1.20801
1.01133
1.04822
1.09509
1.11995
1.20129
1.07362
1.05233
1.21006
1.12169
1.20999
1.16228
1.05976
1.09139
1.05792
1.07996
1.19303
1.25512
1.02699
1.02698
1.13008
1.06387
1.0284
1.19546
1.14232
1.24517
1.09732
0.94319
1.10461
1.20644
1.08206
1.04644
1.132
1.08672
1.03319
1.14976
1.03917
1.00094
1.02846
1.31927
1.22662
1.06214
0.97532
1.06451
1.12838
1.1439
1.07007
1.05226
1.08164
1.15757
1.18523
1.05951
1.02461
1.06511
1.12654
1.04259
1.11338
1.10989
1.05502
1.02361
0.97123
1.03158
0.97536
1.35565
1.46985
0.98886
0.95804
1.06585
1.0921
1.15572
1.14046
1.05402
0.91263
1.04249
1.08491
1.23449
1.2547
1.01962
0.94788
1.02252
1.01084
1.22962
1.18199
1.0574
1.00357
1.06434
1.05741
1.13763
1.18313
0.98037
0.99567
1.10987
1.08882
0.98022
1.04009
1.18425
1.06994
1.06296
1.01244
1.01654
0.95438
1.30719
1.30771
1.01951
0.92276
1.06216
1.16202
1.14545
0.98128
0.97378
1.03071
1.07336
1.09885
1.08443
1.04288
1.0228
1.09905
1.05084
1.03262
1.05865
1.12058
1.26632
1.1604
0.9523
0.94029
1.11206
1.04039
0.95225
1.03383
1.25524
1.17935
0.94859
0.94866
1.01095
1.05928
1.16506
1.06942
1.03953
0.99521
0.9661
0.98186
1.13321
1.15636
1.10081
0.90251
0.96438
1.12885
1.10766
1.12434
0.98935
0.9439
1.06787
1.02397
0.98297
1.08498
1.02721
1.07131
1.12048
1.10584
0.96945
0.93663
1.06709
1.08558
1.04356
1.00258
1.00128
1.0953
1.13434
1.11143
1.0037
0.92281
1.02722
1.06692
1.03154
1.08129
0.95494
0.96006
1.191
1.02217
0.97075
1.02532
1.14986
1.1048
0.94071
0.93296
0.93428
0.96362
1.18516
1.04214
1.00942
1.00816
0.94859
0.92803
1.05465
1.19558
0.97978
0.97363
0.99398
1.05548
1.22872
1.05765
0.91939
0.87936
1.00659
1.02879
1.08543
1.10798
0.98851
0.93729
1.00823
0.99833
0.98329
0.99072
1.02691
1.09084
1.07444
0.90644
1.00939
0.98392
0.9894
1.07201
1.16185
1.04777
0.8998
0.89167
0.94285
1.06493
1.16185
1.00362
0.95722
0.90079
0.88118
1.01338
1.18422
1.16309
0.94429
0.90819
0.93645
0.92123
1.00747
1.15019
1.13756
0.96632
0.81721
0.919
1.00382
1.11637
1.01352
0.98174
0.9653
0.95044
0.96469
1.04833
1.01539
0.91929
1.00074
0.96396
1.14336
1.10331
0.94841
0.95054
0.91043
0.89008
1.03539
1.11701
0.96849
0.92978
1.10004
0.97419
0.87178
0.91232
0.98946
1.15112
1.09809
0.93712
0.94771
0.88379
0.89785
1.07473
1.23195
0.95468
0.84654
0.88299
0.95366
1.04094
1.12745
1.04508
0.91124
0.85237
1.00014
1.10238
1.03643
0.82754
0.88906
1.06055
1.14944
1.06857
0.88199
0.86283
0.91091
0.97644
1.11941
1.15795
1.07099
0.82948
0.82953
0.93116
1.04588
1.08892
0.93817
0.86475
1.0145
1.04944
0.97872
0.89832
0.90937
0.95381
0.88094
0.91215
1.15393
1.11981
0.89942
0.8531
0.86726
0.85723
1.05363
1.3438
1.10717
0.80601
0.78587
0.87106
0.9588
1.15802
1.03467
0.83929
0.81723
0.90494
1.03819
1.25113
1.11723
0.78303
0.80415
0.93044
0.92603
1.03492
1.04461
0.87309
0.89531
0.84416
0.85882
1.00495
1.21265
1.05184
0.77758
0.81598
0.93296
0.94118
0.99922
0.98448
0.98619
0.92209
0.92871
1.04548
0.9657
0.86401
0.89103
0.94575
0.81142
0.9254
1.22323
1.17466
0.89097
0.73074
0.78392
0.91086
1.02392
1.12992
0.94251
0.82262
0.81482
0.94139
1.11609
1.1216
0.83309
0.73598
0.88158
0.91696
1.098
1.09809
0.84144
0.80516
0.84935
0.89503
1.09713
1.1162
0.85545
0.75052
0.79475
0.96745
1.12961
1.07085
0.90341
0.70178
0.86008
1.06408
1.06153
0.84342
0.78784
0.86835
0.97954
1.07943
0.97684
0.78713
0.78923
0.87139
0.9718
1.10046
0.84711
0.78992
0.84117
1.01379
1.26256
1.06498
0.72743
0.73837
0.85794
0.86987
1.07918
1.12198
0.8252
0.70067
0.82318
0.89381
1.07251
1.11116
0.973
0.73354
0.79347
0.76339
0.97194
1.29132
1.27734
0.88344
0.72184
0.75881
0.80932
0.89183
1.01056
0.97843
0.78995
0.77717
0.82486
1.00284
1.15172
0.95591
0.75165
0.74484
0.82686
0.90214
1.08938
1.03127
0.69978
0.73434
0.87735
0.94332
1.16145
0.93343
0.7552
0.73114
0.78683
0.90208
1.12289
1.07604
0.77565
0.70187
0.79438
0.92022
1.16588
0.98953
0.79345
0.71517
0.77742
0.84261
1.10223
1.09506
0.86183
0.69718
0.74225
0.78167
1.03755
1.43446
1.1548
0.69296
0.65405
0.75844
0.85691
0.92223
0.96985
1.00628
0.86945
0.70272
0.74171
0.79986
1.10823
1.20435
0.86
0.70482
0.69394
0.73963
0.96385
1.22276
0.91046
0.66518
0.72977
0.82908
1.07435
1.02521
0.86016
0.76276
0.79333
0.75132
0.81324
1.05013
1.08555
0.8067
0.73997
0.67409
0.79611
1.10632
1.25976
0.92261
0.63552
0.64773
0.85357
0.91476
0.87762
0.81076
0.88042
0.87626
0.79277
0.87525
0.94
0.96406
0.93171
0.7652
0.70162
0.75972
0.9187
1.09265
1.12108
0.81364
0.67645
0.729
0.7781
0.81499
1.08023
1.08349
0.81422
0.63668
0.71122
0.74446
1.0676
1.29296
1.05081
0.6762
0.60732
0.74801
0.80998
0.8954
0.95984
0.86543
0.83896
0.66651
0.72371
0.79429
0.97705
1.13496
0.99358
0.7507
0.65581
0.72156
0.80275
