0.40333
0.55512
0.38707
0.47943
0.40283
0.51556
0.38586
0.47897
0.38238
0.49488
0.38743
0.50229
0.40424
0.49522
0.39301
0.52133
0.37781
0.4954
0.37733
0.48718
0.39642
0.47533
0.39517
0.44449
0.42668
0.42256
0.50997
0.38801
0.48372
0.38471
0.52065
0.3805
0.49433
0.37402
0.51571
0.38137
0.48046
0.38586
0.49741
0.38814
0.50254
0.37603
0.48053
0.38973
0.47912
0.38896
0.50622
0.37629
0.49365
0.39667
0.45313
0.37676
0.55787
0.38948
0.45899
0.37761
0.50256
0.38146
0.49162
0.40976
0.55223
0.38684
0.44766
0.37677
0.51178
0.39089
0.4655
0.39114
0.5032
0.39409
0.49182
0.37745
0.50983
0.3711
0.50161
0.39064
0.49656
0.37747
0.47753
0.38938
0.50521
0.37274
0.4846
0.37776
0.49738
0.36496
0.48544
0.37511
0.48407
0.37845
0.43984
0.46706
0.41388
0.50808
0.36391
0.46406
0.37312
0.50642
0.37839
0.48379
0.37501
0.48236
0.39037
0.5054
0.36661
0.4713
0.38446
0.50603
0.37842
0.48131
0.37647
0.49005
0.38235
0.49332
0.37197
0.46983
0.37086
0.50786
0.37414
0.47663
0.36844
0.507
0.37796
0.47393
0.3794
0.47219
0.38253
0.48742
0.36186
0.48155
0.38116
0.47158
0.37733
0.49492
0.38604
0.45045
0.3679
0.47512
0.38018
0.47799
0.36566
0.50115
0.36183
0.47665
0.37859
0.4955
0.36881
0.45401
0.375
0.49147
0.36848
0.40876
0.44275
0.38735
0.48445
0.36675
0.47557
0.38556
0.50069
0.35547
0.46782
0.3655
0.47778
0.3691
0.472
0.36683
0.49007
0.37339
0.49534
0.37404
0.47781
0.35474
0.45843
0.37599
0.41372
0.42955
0.39113
0.47196
0.36749
0.48826
0.35924
0.49711
0.38036
0.46898
0.36498
0.47766
0.36406
0.48434
0.38577
0.47767
0.35562
0.46634
0.38109
0.39134
0.51551
0.38307
0.44844
0.35632
0.50791
0.36994
0.50629
0.35327
0.4586
0.3519
0.47404
0.3677
0.48574
0.36943
0.47718
0.35551
0.48063
0.38453
0.4781
0.34851
0.45281
0.37285
0.51148
0.35205
0.44793
0.35027
0.48074
0.35458
0.47468
0.35866
0.48511
0.36759
0.45234
0.36074
0.47977
0.35098
0.4845
0.38334
0.48077
0.35078
0.45226
0.34739
0.49811
0.3645
0.49443
0.3583
0.46488
0.35897
0.45819
0.37225
0.49385
0.36323
0.44791
0.35827
0.46196
0.37345
0.49505
0.3492
0.44314
0.37525
0.48967
0.35994
0.44636
0.34703
0.46367
0.36049
0.48052
0.35067
0.45445
0.35722
0.49276
0.36022
0.4704
0.34233
0.47353
0.35925
0.42583
0.36092
0.50118
0.36769
0.43305
0.3513
0.48838
0.34273
0.51784
0.36243
0.45577
0.33718
0.46147
0.35176
0.48452
0.34578
0.47753
0.34756
0.47335
0.34908
0.48394
0.35782
0.5042
0.34279
0.44111
0.344
0.46138
0.36341
0.45662
0.35422
0.47505
0.34804
0.45873
0.37914
0.46892
0.3468
0.46853
0.35465
0.49725
0.34216
0.41268
0.3519
0.48616
0.33975
0.45132
0.34826
0.47105
0.38567
0.46483
0.33762
0.44727
0.35531
0.48141
0.3412
0.45743
0.34957
0.45736
0.34877
0.46149
0.38824
0.46938
0.34877
0.44485
0.34729
0.44021
0.34715
0.51064
0.34428
0.43055
0.3439
0.45326
0.34459
0.49304
0.34333
0.45698
0.34035
0.48703
0.34877
0.44225
0.34033
0.43623
0.33185
0.45882
0.35602
0.4426
0.33976
0.4821
0.33294
0.44395
0.32864
0.48859
0.36686
0.4484
0.32108
0.46099
0.34309
0.48268
0.34173
0.4209
0.32682
0.45471
0.33931
0.46381
0.34673
0.45354
0.34367
0.4614
0.32733
0.45856
0.34207
0.47932
0.35094
0.46126
0.33755
0.46391
0.33293
0.45519
0.34959
0.44843
0.33415
0.40804
0.35111
0.36278
0.49239
0.41401
0.4692
0.34122
0.42145
0.32789
0.45925
0.34099
0.46375
0.31979
0.44865
0.33654
0.46417
0.3466
0.47731
0.33232
0.43576
0.33733
0.4719
0.33968
0.42568
0.31345
0.42444
0.33047
0.50621
0.34929
0.41609
0.32207
0.46011
0.33546
0.4706
0.3311
0.42919
0.34417
0.45031
0.34169
0.46139
0.32367
0.45023
0.33027
0.43367
0.34425
0.48724
0.31177
0.42337
0.32596
0.42978
0.31744
0.4811
0.3377
0.49193
0.30561
0.40276
0.32087
0.49314
0.33205
0.43083
0.33098
0.43364
0.32008
0.46361
0.3289
0.39865
0.33076
0.50763
0.333
0.43719
0.31051
0.43866
0.33232
0.46514
0.32997
0.43425
0.33888
0.45397
0.33553
0.43694
0.30483
0.44064
0.33889
0.42873
0.32362
0.44694
0.32635
0.41294
0.32258
0.39622
0.36287
0.36692
0.54746
0.31793
0.4076
0.31363
0.45373
0.33641
0.44547
0.31277
0.38978
0.30857
0.45326
0.35633
0.48099
0.30677
0.40074
0.30504
0.41119
0.33836
0.46685
0.32407
0.42289
0.31886
0.43818
0.34137
0.44797
0.30122
0.42087
0.31097
0.43899
0.31322
0.4233
0.34118
0.44067
0.30849
0.41174
0.31227
0.40443
0.35467
0.49699
0.31092
0.39267
0.30484
0.45607
0.31871
0.40914
0.30021
0.42129
0.32488
0.43403
0.31462
0.42762
0.3136
0.45035
0.31463
0.41836
0.32214
0.45442
0.37128
0.4336
0.30066
0.39918
0.29974
0.41939
0.29913
0.43221
0.33664
0.46539
0.29611
0.39755
0.29509
0.43476
0.33522
0.43922
0.30085
0.42241
0.29584
0.41249
0.33667
0.43878
0.30649
0.38577
0.29628
0.46369
0.33768
0.42711
0.29765
0.39808
0.31206
0.41527
0.30753
0.45073
0.30743
0.44769
0.33016
0.43588
0.31019
0.39383
0.30755
0.44267
0.30266
0.41682
0.30066
0.45538
0.34877
0.43186
0.3015
0.39937
0.29982
0.43289
0.3062
0.45265
0.30736
0.39335
0.31529
0.4205
0.29433
0.42435
0.33306
0.4472
0.29471
0.38392
0.28522
0.40419
0.31684
0.43775
0.30589
0.41483
0.29539
0.38951
0.31343
0.47755
0.30569
0.40365
0.30083
0.42471
0.3602
0.42186
0.2835
0.37438
0.28689
0.42941
0.32079
0.43825
0.29673
0.39599
0.28246
0.42698
0.29014
0.41841
0.30409
0.44581
0.31503
0.38512
0.29558
0.40267
0.29837
0.44878
0.32667
0.4173
0.28369
0.37566
0.27945
0.44127
0.3271
0.40387
0.28879
0.3805
0.28144
0.41574
0.33238
0.44792
0.29614
0.38411
0.28437
0.38184
0.29013
0.46582
0.32481
0.40742
0.26889
0.37939
0.29149
0.44154
0.31524
0.41146
0.28907
0.39828
0.2977
0.42622
0.29696
0.38514
0.2961
0.40824
0.32152
0.43552
0.2905
0.40343
0.26688
0.38037
0.29896
0.46399
0.29101
0.39813
0.29955
0.40268
0.27107
0.38699
0.29073
0.48112
0.31074
0.38269
0.28116
0.36797
0.28084
0.43966
0.32327
0.40096
0.26765
0.38381
0.27482
0.43348
0.33571
0.42492
0.26607
0.37045
0.29182
0.43876
0.30701
0.36499
0.27013
0.43391
0.31749
0.4263
0.27599
0.3726
0.26584
0.41083
0.31398
0.46106
0.28654
0.36142
0.25613
0.40302
0.28837
0.44452
0.29025
0.36729
0.30071
0.41035
0.28862
0.38704
0.2724
0.40279
0.26463
0.39076
0.33488
0.429
0.273
0.358
0.2663
0.37463
0.29778
0.5133
0.28545
0.35564
0.26
0.38215
0.27179
0.44519
0.30035
0.36896
0.26015
0.38734
0.29576
0.48013
0.28551
0.34454
0.26032
0.39727
0.28293
0.42065
0.29883
0.37826
0.26103
0.36009
0.26382
0.41753
0.32785
0.41474
0.25917
0.35506
0.27236
0.40688
0.28804
0.4056
0.28495
0.39278
0.28002
0.41157
0.29636
0.38049
0.26077
0.39108
0.25853
0.39357
0.33912
0.44892
0.2674
0.33067
0.25144
0.38608
0.29396
0.43551
0.28421
0.37181
0.25804
0.39688
0.31982
0.4357
0.25834
0.32972
0.25376
0.38876
0.31307
0.42661
0.25999
0.35123
0.25661
0.37955
0.30628
0.42727
0.26706
0.3329
0.25377
0.39602
0.32503
0.42531
0.25381
0.31652
0.25825
0.43184
0.28128
0.36475
0.25407
0.37304
0.28404
0.42731
0.28716
0.34478
0.24897
0.36366
0.27421
0.43553
0.26525
0.35219
0.25505
0.41798
0.34892
0.41288
0.2431
0.3272
0.23973
0.37638
0.28452
0.46393
0.24755
0.31094
0.24969
0.38992
0.29737
0.44783
0.27111
0.32931
0.24279
0.33858
0.28229
0.51702
0.3074
0.36261
0.2468
0.3349
0.24714
0.38797
0.29238
0.39588
0.2541
0.34302
0.24346
0.43473
0.29414
0.39918
0.24483
0.32259
0.24935
0.38916
0.29685
0.41305
0.23634
0.32492
0.25568
0.39524
0.32396
0.39304
0.24833
0.31995
0.23889
0.39195
0.29651
0.43118
0.23799
0.31614
0.24823
0.3807
0.31246
0.40945
0.24812
0.31948
0.23864
0.36851
0.29948
0.42924
0.25777
0.31114
0.23329
0.33736
0.28373
0.52508
0.28096
0.30844
0.23757
0.32497
0.24449
0.39527
0.28144
0.41269
0.24917
0.32516
0.23029
0.35295
0.30202
0.45991
0.26285
0.31801
0.23103
0.32879
0.26063
0.50377
0.25323
0.30616
0.23653
0.36117
0.2939
0.41647
0.26241
0.3253
0.23233
0.32772
0.24915
0.43665
0.28706
0.34943
0.22816
0.30022
0.23997
0.44216
0.32566
0.38488
0.21787
0.28914
0.23783
0.3961
0.2594
0.34973
0.24906
0.39289
0.25096
0.37484
0.27702
0.39387
0.25939
0.34699
0.22794
0.33861
0.2566
0.42748
0.3128
0.35364
0.22503
0.32329
0.22729
0.34849
0.30577
0.42399
0.2343
0.28479
0.2244
0.32443
0.28723
0.49219
0.2908
0.30819
0.21856
0.31942
0.2302
0.38416
0.27541
0.37869
0.23496
0.30778
0.22144
0.35006
0.27311
0.44218
0.27863
0.34052
0.22136
0.31288
0.23211
