0.23417
0.32536
0.28138
0.21795
0.19095
0.21108
0.22822
0.26009
0.28562
0.2833
0.25999
0.24829
0.23026
0.22854
0.19683
0.21597
0.19856
0.21497
0.22023
0.22599
0.23838
0.24232
0.24944
0.2527
0.25801
0.2571
0.25747
0.2592
0.25519
0.25426
0.25581
0.2501
0.25107
0.24171
0.24207
0.24098
0.23363
0.2326
0.23233
0.2268
0.23169
0.22782
0.22668
0.2213
0.22373
0.21133
0.21818
0.21237
0.20647
0.21044
0.20183
0.19492
0.19332
0.19174
0.18908
0.18859
0.18113
0.18086
0.16673
0.16189
0.169
0.16135
0.15405
0.13855
0.16059
0.14854
0.13817
0.12644
0.14204
0.12412
0.1323
0.13419
0.12521
0.13446
0.11584
0.1176
0.12696
0.1284
0.10926
0.11979
0.11704
0.11135
0.10785
0.11369
0.11267
0.10615
0.11427
0.10718
0.11704
0.11192
0.10813
0.10207
0.09899
0.10076
0.09791
0.11666
0.10554
0.08963
0.1075
0.09944
0.07914
0.11033
0.09865
0.10658
0.09176
0.09634
0.0905
0.08595
0.08946
0.10211
0.09145
0.09659
0.09269
0.0956
0.08338
0.09119
0.08181
0.08255
0.08816
0.09
0.07378
0.09645
0.10179
0.0872
0.08304
0.08546
0.07905
0.07906
0.07949
0.08572
0.08173
0.0861
0.07246
0.07874
0.08471
0.07776
0.08482
0.07193
0.0705
0.08546
0.08485
0.07782
0.08473
0.08666
0.07249
0.08267
0.07705
0.07087
0.078
0.06344
0.08081
0.09003
0.0803
0.06847
0.079
0.06639
0.07526
0.06733
0.08194
0.08043
0.07222
0.07855
0.06897
0.06721
0.07357
0.06577
0.07964
0.06334
0.07748
0.06425
0.07217
0.07901
0.06379
0.06675
0.07398
0.07267
0.05245
0.07171
0.0722
0.06249
0.07291
0.05549
0.08184
0.06449
0.06905
0.05917
0.0766
0.04956
0.0697
0.07828
0.06767
0.06546
0.06447
0.07379
0.06737
0.07405
0.06141
0.07437
0.07509
0.05798
0.07573
0.06053
0.06462
0.0702
0.07305
0.0669
0.06131
0.06405
0.06732
0.06733
0.05418
0.07741
0.05679
0.06193
0.06875
0.05703
0.07124
0.06746
0.06433
0.06703
0.06025
0.06472
0.06556
0.05245
0.05802
0.07506
0.04811
0.07729
0.05704
0.06131
0.06227
0.05571
0.06848
0.06136
0.06514
0.06447
0.05516
0.05571
0.05265
0.07473
0.06645
0.04842
0.06486
0.0479
0.06866
0.05726
0.05537
0.05367
0.0586
0.0524
0.05911
0.05308
0.05102
0.04572
0.05228
0.0587
0.06209
0.04485
0.04799
0.05503
0.05637
0.05606
0.0393
0.05638
0.05912
0.04734
0.05707
0.05443
0.04927
0.06369
0.05379
0.05199
0.03885
0.05669
0.05338
0.04393
0.05421
0.05352
0.04522
0.06865
0.05192
0.04397
0.05074
0.05115
0.05134
0.03936
0.05051
0.04407
0.05829
0.033
0.04538
0.05082
0.05562
0.03566
0.04585
0.04324
0.03554
0.05073
0.04292
0.0422
0.04467
0.04841
0.0424
0.03726
0.05059
0.03347
0.05225
0.05138
0.04204
0.04359
0.03725
0.03801
0.05152
0.03612
0.0498
0.03666
0.0434
0.03832
0.04321
0.04901
0.04228
0.0493
0.038
0.04345
0.0329
0.04503
0.04868
0.03732
0.03647
0.04873
0.04098
0.04819
0.03447
0.03129
0.042
0.03645
0.03454
0.03659
0.04219
0.03859
0.03804
0.03534
0.03676
0.03784
0.0382
0.05056
0.03467
0.03889
0.03108
0.04042
0.04012
0.03798
0.03406
0.04304
0.03331
0.04615
0.02874
0.04366
0.03302
0.03792
0.03384
0.03066
0.04166
0.04411
0.03942
0.01772
0.04822
0.04219
0.03778
0.02849
0.04757
0.03509
0.02665
0.04435
0.0305
0.0375
0.04455
0.03533
0.03723
0.02704
0.03803
0.03779
0.04251
0.02712
0.03164
0.03961
0.03399
0.03398
0.0403
0.03013
0.03108
0.02768
0.03284
0.02834
0.04172
0.0319
0.02367
0.04072
0.03209
0.04115
0.02783
0.03485
0.03213
0.03285
0.02771
0.02679
0.03382
0.03128
0.04132
0.03696
0.02962
0.03248
0.026
0.0428
0.02735
0.019
0.03571
0.02966
0.03416
0.02708
0.02909
0.02797
0.02969
0.03272
0.04185
0.02226
0.02568
0.04028
0.03268
0.03338
0.02529
0.02602
0.02901
0.02636
0.02994
0.03096
0.032
0.02647
0.02451
0.02733
0.02498
0.0275
0.03016
0.033
0.03105
0.02273
0.03032
0.01991
0.02649
0.0292
0.02587
0.0298
0.02717
0.03707
0.01627
0.03346
0.02595
0.0338
0.02353
0.03346
0.02156
0.02537
0.03076
0.03473
0.02073
0.033
0.02914
0.03116
0.02556
0.02473
0.02925
0.03204
0.01848
0.03506
0.02843
0.02304
0.01835
0.01823
0.02791
0.03191
0.02121
0.02692
0.03421
0.01329
0.02634
0.02201
0.02956
0.02827
0.02391
0.02553
0.02259
0.03171
0.02914
0.01671
0.03307
0.01989
0.02852
0.02779
0.03395
0.02214
0.02784
0.02375
0.02485
0.01837
0.0273
0.02489
0.01504
0.02856
0.02352
0.02832
0.01993
0.02817
0.02175
0.02575
0.02354
0.02316
0.02882
0.0199
0.02112
0.02057
0.02545
0.02633
0.01727
0.0237
0.02537
0.0218
0.0166
0.02319
0.02112
0.02665
0.0242
0.02337
0.02094
0.0206
0.02263
0.01225
0.02812
0.01462
0.0321
0.02101
0.02278
0.01242
0.02734
0.01829
0.02677
0.02019
0.0241
0.02948
0.02535
0.01028
0.02962
0.01147
0.02753
0.02551
0.02332
0.02303
0.01914
0.0134
0.02506
0.01465
0.02172
0.01733
0.01861
0.02942
0.02073
0.02108
0.02115
0.0188
0.01892
0.01954
0.03206
0.02129
0.02351
0.01803
0.02434
0.01569
0.02521
0.01579
0.02248
0.01884
0.02495
0.0218
0.01434
0.01906
0.02403
0.01717
0.01911
0.02329
0.022
0.01849
0.02525
0.01864
0.01785
0.02137
0.02281
0.02157
0.02574
0.01646
0.02114
0.01297
0.01687
0.02135
0.01142
0.0326
0.01841
0.0126
0.02009
0.02717
0.01415
0.02483
0.0175
0.02652
0.0088
0.01385
0.02319
0.01399
0.02416
0.01594
0.02947
0.01374
0.02369
0.02095
0.02284
0.01228
0.02096
0.01875
0.015
0.02436
0.01848
0.01678
0.01813
0.01697
0.02017
0.02211
0.0192
0.02319
0.01016
0.01701
0.02478
0.01174
0.01802
0.02165
0.02239
0.01022
0.01631
0.02361
0.01525
0.01673
0.01908
0.01048
0.02512
0.01988
0.02088
0.01722
0.00888
0.01466
0.02553
0.01811
0.01449
0.02049
0.01619
0.01333
0.01964
0.01744
0.02
0.01284
0.01961
0.01276
0.02679
0.00908
0.02512
0.01857
0.01876
0.01234
0.02247
0.01468
0.01613
0.02082
0.01694
0.0187
0.01582
0.02263
0.01674
0.01543
0.01509
0.01121
0.01674
0.0135
0.01211
0.01202
0.0277
0.01555
0.00806
0.02277
0.01867
0.01874
0.01717
0.01427
0.0135
0.01903
0.01007
0.02213
0.02197
0.0097
0.02126
0.01824
0.01905
0.01719
0.00957
0.02049
0.00765
0.0223
0.01736
0.01592
0.01555
0.01859
0.02494
0.0147
0.01221
0.0204
0.01205
0.01796
0.01312
0.01887
0.01626
0.01678
0.0177
0.01835
0.0099
0.01623
0.01963
0.01804
0.0086
0.02184
0.01845
0.01532
0.01157
0.01386
0.01694
0.01414
0.01849
0.0157
0.01516
0.01769
0.01543
0.02037
0.01448
0.01105
0.02158
0.01244
0.01592
0.01542
0.01631
0.01507
0.02208
0.01276
0.02079
0.01336
0.01718
0.01726
0.0109
0.01807
0.01625
0.01531
0.01758
0.01781
0.01676
0.01567
0.01685
0.01694
0.01941
0.01986
0.01823
0.01239
0.01679
0.01791
0.01612
0.02009
0.01591
0.01945
0.01373
0.01508
0.01795
0.02248
0.01646
0.01656
0.01983
0.0175
0.01413
0.01871
0.01746
0.01744
0.01257
0.02385
0.02382
0.01337
0.02177
0.01768
0.02123
0.01738
0.01734
0.01539
0.01383
0.01764
0.02106
0.01601
0.01962
0.01422
0.01989
0.01768
0.01844
0.02163
0.01456
0.02639
0.01649
0.01581
0.01978
0.01998
0.01851
0.01789
0.0175
0.01029
0.01818
0.01866
0.01506
0.01573
0.01902
0.02026
0.01998
0.0182
0.01068
0.01557
0.02254
0.01641
0.01814
0.02037
0.01218
0.01658
0.02285
0.0213
0.00946
0.02567
0.01613
0.01622
0.01888
0.01823
0.02163
0.01968
0.01665
0.01981
0.02033
0.01593
0.01467
0.01977
0.02719
0.01428
0.0134
0.02611
0.01866
0.01467
0.01133
0.0138
0.0138
0.01936
0.01794
0.01221
0.02011
0.01115
0.02125
0.00977
0.0203
0.02151
0.02018
0.01315
0.01697
0.02442
0.02251
0.01821
0.01198
0.01433
0.02547
0.02023
0.02164
0.02249
0.01176
0.01718
0.01815
0.02168
0.01258
0.02429
0.01732
0.01744
0.02417
0.01812
0.01334
0.02036
0.01661
0.01823
0.01635
0.02039
0.01968
0.02897
0.01715
0.01225
0.01454
0.02023
0.02094
0.01899
0.01922
0.02187
0.01815
0.01717
0.01896
0.01692
0.01794
0.01615
0.01097
0.02331
0.01331
0.01626
0.02779
0.01768
0.0202
0.01777
0.01755
0.01367
0.02234
0.00854
0.01699
0.03016
0.01747
0.01999
0.01379
0.01744
0.01504
0.02347
0.02267
0.01185
0.01674
0.01831
0.02082
0.02098
0.01269
0.01339
0.02455
0.0151
0.02905
0.0164
0.02096
0.01059
0.02101
0.01955
0.01836
0.01599
0.01948
0.0262
0.01611
0.01311
0.01645
0.01622
0.01997
0.01596
0.01436
0.02013
0.01178
0.02441
0.01361
0.01648
0.01156
0.02308
0.01245
0.01581
0.01481
0.01636
0.01649
0.01917
0.01921
0.01784
0.01915
0.01466
0.02214
0.01615
0.01509
0.01631
0.01218
0.01442
0.01639
0.01903
0.01471
0.01404
0.01835
0.01316
0.01346
0.01962
0.01643
0.01463
0.01866
0.0138
0.01743
0.01173
