5.88125
1.6635
1.67777
2.06777
2.32857
2.25442
2.06588
1.80949
1.63671
1.64886
1.83439
1.97584
2.06214
2.13716
2.39841
2.38367
2.44024
2.33542
2.28266
2.22593
2.1636
2.1036
2.06234
1.99304
1.95893
1.9564
1.91882
1.93167
1.93305
1.9445
1.94769
1.95461
1.98345
2.00988
2.03855
2.05115
2.10957
2.09082
2.11506
2.14875
2.14958
2.1725
2.19055
2.24032
2.23173
2.25963
2.24959
2.29633
2.32779
2.33899
2.41042
2.46965
2.4509
2.51178
2.51491
2.56138
2.63475
2.69831
2.75058
2.75684
2.80312
2.88587
2.91477
2.98847
2.97478
3.001
3.0834
3.17071
3.12699
3.13878
3.22145
3.17094
3.22692
3.3241
3.31577
3.37284
3.34939
3.34553
3.37808
3.45105
3.50336
3.45261
3.47102
3.50196
3.55011
3.53228
3.57551
3.55897
3.58799
3.48897
3.64151
3.65119
3.65278
3.70571
3.72425
3.67629
3.65215
3.70396
3.7444
3.78877
3.85968
3.7557
3.8191
3.82816
3.83169
3.93167
3.9527
3.98312
3.90666
3.9134
3.99327
3.97926
3.9406
4.04755
4.06147
4.01489
4.04407
4.07596
3.97966
4.08577
4.19167
3.96943
4.06823
4.10906
4.17491
4.11012
4.17376
4.24278
4.1656
4.14689
4.16176
4.16886
4.21747
4.21989
4.19929
4.26059
4.30019
4.36016
4.27878
4.23204
4.32622
4.27595
4.29662
4.30004
4.33634
4.34911
4.41721
4.42726
4.34295
4.40214
4.38181
4.33258
4.29435
4.36134
4.34359
4.37957
4.40419
4.47166
4.33285
4.37248
4.5031
4.45937
4.37332
4.4987
4.56134
4.55168
4.48511
4.56248
4.52591
4.55638
4.59085
4.53621
4.50003
4.63379
4.57666
4.60829
4.61077
4.58959
4.70851
4.75071
4.64746
4.69837
4.55893
4.65766
4.75393
4.58701
4.67761
4.7194
4.70689
4.5675
4.67914
4.69927
4.74776
4.63702
4.64009
4.55995
4.74541
4.63219
4.684
4.72841
4.60158
4.72457
4.69129
4.68405
4.7627
4.68629
4.68606
4.68507
4.69209
4.7932
4.73796
4.74064
4.81544
4.80218
4.72513
4.86373
4.71641
4.8008
4.78926
4.8085
4.78599
4.85082
4.84827
4.9076
4.87447
4.81733
4.88204
4.79529
4.98284
4.89841
4.89405
4.91239
4.90404
4.96346
4.78189
4.91723
5.02787
5.02554
5.07839
4.87274
4.89985
4.99549
4.95568
5.07813
5.01793
5.07378
5.05482
5.09144
5.0139
5.18505
5.06485
5.15566
5.16634
5.25298
5.30305
5.06913
5.23562
5.26368
5.27109
5.25304
5.25576
5.14171
5.30623
5.2894
5.25941
5.28034
5.25561
5.19404
5.30005
5.22244
5.26348
5.20711
5.34767
5.29891
5.3784
5.43735
5.2105
5.30452
5.35937
5.23896
5.29601
5.4453
5.35439
5.47338
5.45174
5.40781
5.41472
5.52092
5.36311
5.60477
5.55987
5.54477
5.42644
5.55684
5.56204
5.62113
5.67447
5.61466
5.65805
5.55031
5.65492
5.54419
5.48176
5.69507
5.71338
5.72656
5.54257
5.65458
5.61516
5.57733
5.7487
5.7217
5.6739
5.65435
5.7742
5.75832
5.74896
5.84466
5.84952
5.62769
5.78245
5.75403
5.82452
5.80722
5.97903
5.78927
5.87149
5.88249
5.94446
5.81599
5.76369
5.65533
5.97168
5.95366
5.88254
5.9557
5.9534
6.03586
5.92058
6.04028
5.95686
5.97444
5.91097
6.06154
5.96235
5.77718
6.08603
5.89471
6.08294
5.98843
6.0581
6.04787
6.07101
6.04112
6.12515
6.03572
5.90453
6.04919
6.02977
5.99872
6.24995
6.14195
6.01392
6.16693
6.0253
6.3327
6.04557
5.99939
6.29633
6.27854
6.0368
6.22735
6.34809
6.05116
6.09091
6.27146
6.09713
6.1197
6.26716
6.38347
6.18206
6.2045
6.36343
6.13886
6.26013
6.32696
5.93706
6.34832
6.38468
6.28973
6.36237
6.3116
6.29452
6.32847
6.21838
6.33738
6.42348
6.34057
6.29072
6.25686
6.47169
6.08266
6.33946
6.37173
6.42135
6.5367
6.28833
6.44595
6.25808
6.37108
6.5104
6.52519
6.49638
6.31685
6.44109
6.6363
6.48339
6.4632
6.51923
6.59525
6.54523
6.4295
6.48008
6.53871
6.42077
6.53583
6.46962
6.4716
6.52053
6.6568
6.55572
6.83372
6.62843
6.5335
6.73184
6.76606
6.62826
6.43937
6.77655
6.75766
6.71236
6.62809
6.89636
6.54138
6.69095
6.85504
6.80034
6.70128
6.80052
6.77255
6.79778
6.81603
6.65154
6.44349
7.04841
6.72532
6.77509
6.6178
6.69756
6.79171
6.76918
6.89306
6.73016
6.92662
6.82329
6.72972
6.7162
6.76808
6.79399
6.83616
6.86875
6.92388
6.82541
6.80117
6.74739
7.05244
6.91741
7.10701
6.85657
6.87977
7.0564
6.99121
6.85629
6.89138
6.94798
7.10028
6.83735
7.00157
7.08864
7.00927
6.9619
7.0003
6.87673
6.97255
6.89138
7.16007
6.84575
7.00766
6.8733
7.06373
6.9931
7.3462
6.98553
7.29627
6.9255
7.08507
7.25393
7.02703
7.14474
7.00086
6.99181
6.91801
7.11076
7.05153
6.80974
7.05403
7.20301
7.28016
7.09774
7.2079
7.27776
7.23454
7.35615
7.30955
7.11327
7.31097
7.2051
7.29931
7.23958
7.16421
7.35079
7.2729
7.21995
7.12614
7.28285
7.38283
7.09536
7.43964
7.23485
7.28649
7.15925
7.41578
7.25518
7.39389
7.37651
7.47323
7.40744
7.15394
7.44994
7.38948
7.14002
7.44058
7.33544
7.40682
7.16936
7.50479
7.51943
7.55185
7.2574
7.53011
7.50302
7.49779
7.60162
7.28743
7.59124
7.25331
7.24211
7.59959
7.38144
7.32353
7.11551
7.31382
7.47064
7.13544
7.57323
7.26192
7.37502
7.43966
7.46203
7.67931
7.34852
7.47534
7.69936
7.04701
7.28676
7.48112
7.45375
7.73841
7.33851
7.20606
6.99396
7.72272
7.39697
7.40836
7.44399
7.49834
7.38342
7.95367
7.32537
8.0254
7.47244
7.87919
7.73001
7.49119
7.36587
7.99427
7.50989
7.86505
7.4432
7.69693
7.7046
7.72124
7.81318
7.91748
7.83303
7.59994
7.56249
7.76716
7.53125
7.56088
7.64975
7.74821
7.47325
7.94061
7.78112
7.75546
7.8596
7.83208
7.55048
7.75202
7.91728
7.83077
7.84444
7.80551
7.90018
7.89643
7.85487
7.87904
7.96373
7.86672
7.76735
7.73924
7.88973
7.98051
7.85474
7.85832
7.7628
7.90019
7.79008
8.14697
7.8253
7.69834
7.82012
7.79693
8.08864
7.98133
7.2818
8.17186
8.18455
7.586
7.75667
8.17822
7.81727
7.84672
7.68562
8.11301
7.98152
7.86753
7.96011
7.97158
7.84477
7.92794
7.918
8.09097
7.98387
8.15003
7.81246
7.62422
8.06058
7.80406
8.15734
7.80109
7.89483
8.02044
7.91654
8.13136
7.80356
8.32008
8.10651
8.2312
7.98324
8.11813
8.2751
7.74428
7.8792
8.39199
7.84484
7.99075
8.24968
8.28508
8.08093
8.01807
7.98801
8.17458
7.9958
8.22661
8.04136
8.32779
8.23104
7.608
8.35218
7.82992
7.94489
8.18978
8.2028
8.14512
8.30076
8.02445
8.043
8.10223
7.9589
8.02925
8.45178
8.17071
8.4524
8.27808
8.37978
7.92433
8.29941
8.41114
8.20934
7.85225
8.46157
8.15837
8.02237
8.5369
8.58995
8.52937
8.32244
8.33566
8.22757
8.0885
8.21107
8.35171
7.79574
8.15127
7.87432
8.06408
8.04957
8.37171
8.24559
8.50181
8.21164
8.20339
8.16355
8.49405
8.02225
8.20767
8.10783
8.41827
8.28032
8.0013
8.45648
8.4536
8.49607
8.21848
7.98223
8.36905
8.3124
8.18188
8.31858
7.79482
7.99358
8.5728
8.32914
8.21194
8.27454
8.76322
8.11508
8.93614
8.1854
8.80605
8.52983
8.07349
8.25837
8.53924
8.04389
8.35828
8.23617
8.58704
8.3545
8.57442
8.44817
8.15972
8.2405
8.78028
8.43964
8.04131
9.12289
8.35045
8.39349
8.52424
8.83911
8.35817
8.4243
8.5048
8.49991
8.12887
8.25797
8.61354
8.64527
8.51979
8.1647
8.23804
8.34571
8.66581
8.39719
8.39487
8.6301
8.55607
8.21651
8.38045
8.38542
8.35777
8.31693
8.16939
8.9086
8.64326
8.01085
8.14741
9.3603
8.93817
8.58009
7.96263
8.70943
8.18997
8.59638
8.86047
8.39829
8.02438
8.19251
8.73557
8.31084
8.38238
8.51219
8.484
8.91419
8.92119
8.04176
8.29218
8.29815
8.68008
9.03832
8.4361
8.57106
8.04499
8.48809
8.42637
8.15878
8.19275
8.43098
8.48978
8.77107
8.59015
8.94601
9.08859
8.2328
8.54439
8.73127
8.91471
8.7397
8.5867
8.5342
8.4146
8.82168
8.06192
8.47014
8.45912
8.75575
8.75277
8.50601
8.43439
8.4261
8.73895
8.81464
8.77974
9.04046
8.62636
8.32336
8.53189
8.6121
8.43477
8.54684
8.35601
8.16949
8.56527
8.70975
8.78288
8.48069
8.21034
8.85935
8.43089
8.39907
9.10743
9.14191
8.8267
8.43798
8.78214
8.18739
8.6453
8.88617
8.82716
8.61607
8.62299
8.58351
8.28853
9.00765
8.59168
8.81198
8.92626
8.37272
8.73177
8.64431
9.27615
8.68381
8.53376
8.44566
8.84608
9.23027
8.88475
8.77484
8.73261
8.62886
8.35409
9.23564
8.62173
8.79303
8.85653
8.50818
8.47544
8.33506
8.72861
8.26613
8.99416
8.80341
8.7264
8.96028
8.28667
8.69424
8.40619
8.89781
7.95516
8.02592
8.95858
9.13797
8.96074
8.78552
8.6132
8.54531
8.66968
8.63756
8.56732
8.97771
8.73434
8.98643
8.3877
8.97143
9.62718
9.13439
8.52484
8.49614
9.42394
8.79831
8.8625
8.34492
8.63704
8.58092
8.98281
9.41883
8.69015
8.46822
9.0122
8.48936
8.81499
8.84979
8.70792
9.19171
8.49913
8.59822
8.46008
9.56262
8.50712
8.33124
9.21054
8.6844
8.66454
8.77703
8.66646
9.08044
9.16316
