0.18964
0.21467
0.17244
0.14529
0.17008
0.18785
0.1999
0.19732
0.19241
0.18829
0.18415
0.17317
0.16588
0.14964
0.13515
0.12691
0.11245
0.09892
0.08571
0.07395
0.06678
0.06042
0.05673
0.05125
0.04907
0.04926
0.04461
0.03882
0.03932
0.03489
0.0334
0.03281
0.03586
0.03229
0.03294
0.03732
0.04285
0.04529
0.04362
0.04781
0.04788
0.04377
0.04721
0.04705
0.04178
0.04231
0.04851
0.04381
0.04249
0.03668
0.04071
0.04033
0.03348
0.03584
0.03187
0.03517
0.03421
0.0357
0.03277
0.03372
0.03289
0.03197
0.0288
0.02772
0.02612
0.0249
0.02664
0.02793
0.0244
0.02077
0.02843
0.02262
0.02307
0.02274
0.023
0.02153
0.01883
0.02004
0.02141
0.02095
0.0216
0.0206
0.01849
0.01963
0.02094
0.02067
0.0196
0.02131
0.01765
0.01916
0.01737
0.01875
0.01934
0.01403
0.02212
0.01771
0.01591
0.01963
0.02095
0.01885
0.01776
0.01619
0.01915
0.01473
0.01541
0.01561
0.01826
0.01612
0.01564
0.01482
0.01018
0.01519
0.01822
0.01344
0.01348
0.01303
0.01687
0.01549
0.01655
0.01647
0.01488
0.01262
0.01415
0.01338
0.01426
0.01328
0.0147
0.01303
0.01106
0.01341
0.01689
0.01302
0.01339
0.01084
0.01368
0.01093
0.01329
0.01246
0.01251
0.01121
0.01427
0.01118
0.01377
0.01199
0.01351
0.0138
0.00985
0.0122
0.01388
0.01317
0.01162
0.01108
0.00917
0.0073
0.00791
0.0108
0.01034
0.01041
0.01625
0.01323
0.00859
0.01305
0.01433
0.01071
0.01155
0.01141
0.0079
0.0101
0.00987
0.01101
0.01201
0.01175
0.01026
0.00826
0.00858
0.00968
0.01043
0.01163
0.01003
0.01115
0.00724
0.00621
0.00884
0.01052
0.00892
0.00823
0.00883
0.00712
0.00884
0.01137
0.01046
0.00936
0.01139
0.0078
0.00895
0.00827
0.00988
0.00696
0.00841
0.00953
0.00659
0.00897
0.00853
0.00777
0.00806
0.00854
0.00892
0.01228
0.00984
0.00832
0.01066
0.00937
0.00902
0.00661
0.00829
0.0103
0.00959
0.00967
0.01592
0.01137
0.009
0.01073
0.00885
0.00937
0.00931
0.01404
0.01212
0.01095
0.01113
0.01375
0.00896
0.00886
0.00885
0.00791
0.01172
0.00899
0.0117
0.00832
0.00975
0.01141
0.01041
0.00662
0.00822
0.00792
0.01298
0.00962
0.00724
0.00962
0.01362
0.00812
0.00767
0.0102
0.0084
0.01014
0.00827
0.00779
0.01063
0.01007
0.00925
0.00885
0.01007
0.00844
0.00872
0.00977
0.0073
0.0112
0.00759
0.00996
0.01112
0.00817
0.00979
0.01192
0.00807
0.00932
0.00693
0.00724
0.00635
0.00523
0.00886
0.00968
0.00961
0.00927
0.00799
0.00825
0.00959
0.00813
0.00651
0.00809
0.00904
0.00816
0.00739
0.00806
0.00864
0.00756
0.00944
0.01154
0.00862
0.00764
0.00783
0.00691
0.00666
0.00917
0.00773
0.00952
0.00934
0.00479
0.00912
0.00813
0.00549
0.00678
0.007
0.00791
0.00712
0.00795
0.01083
0.00464
0.00627
0.00874
0.00802
0.0055
0.00625
0.00717
0.0054
0.00752
0.0046
0.00765
0.0073
0.00635
0.0056
0.00617
0.0061
0.00652
0.00665
0.00598
0.00641
0.00899
0.00564
0.00446
0.00766
0.00513
0.00442
0.00486
0.00722
0.00448
0.0041
0.00589
0.00598
0.00856
0.00675
0.00726
0.00767
0.00471
0.0061
0.00709
0.00564
0.00852
0.00441
0.00521
0.00408
0.00543
0.00465
0.00378
0.0049
0.00599
0.00544
0.00812
0.00375
0.00665
0.00528
0.00595
0.00858
0.00513
0.00654
0.00555
0.00603
0.00537
0.00916
0.00835
0.00568
0.00591
0.00696
0.004
0.00237
0.00369
0.00604
0.00536
0.00787
0.00631
0.00451
0.00408
0.00875
0.00454
0.00713
0.00763
0.0036
0.00552
0.00954
0.00766
0.00768
0.00616
0.00598
0.00651
0.00636
0.00767
0.00493
0.00528
0.00744
0.00785
0.00272
0.00476
0.00485
0.0053
0.00667
0.00579
0.00517
0.004
0.00423
0.00612
0.00341
0.00689
0.00557
0.00331
0.00404
0.00546
0.00389
0.00821
0.0046
0.00457
0.00511
0.00237
0.00744
0.00406
0.0083
0.00444
0.00381
0.0042
0.00321
0.00557
0.00482
0.00599
0.00696
0.00582
0.00271
0.00661
0.00568
0.00305
0.00539
0.00391
0.00869
0.00495
0.0023
0.0076
0.00522
0.0073
0.00477
0.00545
0.00347
0.00558
0.00494
0.00351
0.00249
0.00474
0.00279
0.00439
0.00429
0.00297
0.00619
0.00569
0.00412
0.00559
0.00385
0.00379
0.00491
0.00437
0.00371
0.00597
0.00657
0.00319
0.00503
0.00432
0.00281
0.00556
0.00333
0.00304
0.00505
0.00437
0.00339
0.0024
0.00356
0.00398
0.00294
0.00403
0.00245
0.00575
0.00305
0.00886
0.00531
0.00537
0.00548
0.00234
0.00585
0.00614
0.00337
0.00382
0.00459
0.00431
0.00378
0.005
0.00486
0.00414
0.00415
0.00573
0.00698
0.00448
0.00431
0.006
0.00385
0.00475
0.00166
0.00553
0.00344
0.00499
0.00437
0.00436
0.00361
0.00198
0.0027
0.00449
0.00496
0.00512
0.0038
0.00355
0.00272
0.00473
0.00271
0.00151
0.00293
0.00381
0.00468
0.00395
0.00304
0.0056
0.00446
0.00181
0.00365
0.00487
0.00286
0.00132
0.0042
0.00553
0.00769
0.00195
0.00456
0.00776
0.00716
0.00569
0.0056
0.00519
0.00492
0.0051
0.00507
0.00354
0.0023
0.00745
0.00179
0.00501
0.00555
0.00462
0.00576
0.00403
0.00342
0.0047
0.00425
0.00506
0.0052
0.00485
0.00378
0.00347
0.00689
0.00303
0.00477
0.00754
0.00406
0.00297
0.00492
0.00384
0.00297
0.00229
0.00299
0.00369
0.00309
0.00449
0.00484
0.00518
0.00149
0.00676
0.00394
0.00498
0.00362
0.00369
0.00551
0.00425
0.00533
0.00455
0.00505
0.00554
0.00569
0.00329
0.00589
0.00415
0.00369
0.00396
0.00264
0.00656
0.00337
0.00437
0.00383
0.00471
0.00343
0.00578
0.00253
0.00513
0.00416
0.00497
0.00286
0.00288
0.0025
0.0047
0.0017
0.00647
0.00374
0.00283
0.00475
0.00447
0.00347
0.00514
0.00324
0.00429
0.00575
0.00468
0.00359
0.00282
0.00251
0.00333
0.00156
0.00308
0.00198
0.00456
0.00221
0.00481
0.00421
0.00415
0.00208
0.00287
0.00467
0.00471
0.00547
0.00771
0.00223
0.00269
0.00534
0.00479
0.004
0.00451
0.00547
0.00351
0.00232
0.00291
0.0034
0.0063
0.005
0.00507
0.00424
0.0038
0.00355
0.0044
0.0039
0.00506
0.0055
0.00751
0.0053
0.00457
0.00745
0.00441
0.00573
0.00551
0.00339
0.00477
0.00634
0.00468
0.00253
0.00474
0.00629
0.00464
0.0052
0.00569
0.00434
0.00436
0.00475
0.00352
0.00498
0.00684
0.00532
0.00482
0.00743
0.00667
0.00445
0.0027
0.00538
0.00345
0.0061
0.00362
0.00461
0.00256
0.00446
0.0048
0.00408
0.00245
0.00495
0.00443
0.00503
0.00451
0.00232
0.00288
0.00374
0.00474
0.00462
0.00605
0.0019
0.00225
0.00239
0.00437
0.0043
0.00534
0.005
0.00328
0.0049
0.00448
0.00571
0.00324
0.00214
0.00474
0.0053
0.00447
0.00391
0.00302
0.00432
0.00622
0.00356
0.00365
0.00407
0.00427
0.00391
0.00305
0.00245
0.0044
0.00625
0.0031
0.00509
0.00268
0.00473
0.0022
0.00464
0.00317
0.00325
0.00542
0.00503
0.00306
0.00389
0.00422
0.0047
0.00386
0.00357
0.00373
0.00517
0.00325
0.00426
0.00413
0.00371
0.00416
0.0051
0.00288
0.00313
0.00236
0.00423
0.00248
0.00267
0.00259
0.00317
0.00281
0.00242
0.00267
0.00322
0.00562
0.00405
0.0017
0.0031
0.00436
0.00429
0.00227
0.0017
0.00405
0.00555
0.00146
0.00438
0.00443
0.00564
0.00483
0.00295
0.00195
0.00499
0.00107
0.00416
0.00326
0.00423
0.00348
0.00436
0.00484
0.00505
0.00339
0.0035
0.00655
0.00261
0.00245
0.00259
0.00336
0.00438
0.00315
0.0023
0.00277
0.00315
0.00461
0.00398
0.00224
0.00254
0.0031
0.00254
0.00381
0.0042
0.00227
0.00269
0.00528
0.00386
0.00329
0.00463
0.00412
0.00556
0.00369
0.0033
0.00597
0.00328
0.0032
0.00323
0.00213
0.00235
0.00285
0.00421
0.00387
0.00108
0.00176
0.00257
0.00195
0.00401
0.00205
0.00465
0.00122
0.00367
0.00179
0.00431
0.00163
0.00486
0.00201
0.00351
0.00383
0.00165
0.0044
0.00207
0.00166
0.00273
0.0015
0.00261
0.00194
0.00091
0.00191
0.00147
0.00228
0.00114
0.00389
0.00521
0.00279
0.00102
0.0012
0.00062
0.00281
0.00289
0.00076
0.00331
0.00316
0.00139
0.00134
0.00443
0.00328
0.00125
0.00089
0.00195
0.00105
0.00032
0.00137
0.00062
0.00088
0.00344
0.00013
0.00098
0.00212
0.0039
0.00212
0.00212
0.00125
0.00211
0.00108
0.00074
0.00215
0.00321
0.00065
0.00081
0.00219
0.00375
0.00476
0.00134
0.00324
0.00425
0.00142
0.00488
0.00348
0.00148
0.00642
0.00304
0.00265
0.00231
0.00645
0.0058
0.00643
0.00466
0.00299
0.00304
0.00138
0.00347
0.00204
0.00449
0.00359
0.00463
0.0043
0.00456
0.00475
0.00523
0.00401
0.00425
0.00106
0.00505
0.00383
0.00582
0.00729
0.00554
0.00636
0.00399
0.00604
0.00894
0.00376
0.00382
0.0059
0.00146
0.00224
0.00347
0.00375
0.00937
0.00724
0.00918
0.00696
0.00377
0.00362
0.0064
0.00754
0.00378
0.00549
0.0066
0.00884
0.00439
0.00636
0.00362
0.00282
0.00201
0.00707
0.00802
0.004
0.00667
0.00424
0.00301
0.00879
0.00542
0.00896
