1.25492
1.13399
0.91271
0.78211
0.85147
0.88806
0.92117
0.89174
0.86212
0.85334
0.84311
0.78497
0.74723
0.6849
0.62135
0.56179
0.51691
0.4646
0.4164
0.37402
0.34377
0.32013
0.29414
0.29094
0.28512
0.27074
0.25322
0.23739
0.23507
0.22719
0.23526
0.22187
0.23018
0.22468
0.23902
0.24765
0.26916
0.27967
0.27829
0.2941
0.27935
0.28394
0.28123
0.26252
0.23641
0.26823
0.26227
0.23275
0.24558
0.24437
0.23232
0.21952
0.22278
0.21778
0.19729
0.19652
0.20421
0.19588
0.19081
0.1941
0.19053
0.19624
0.16332
0.17682
0.16385
0.15161
0.1622
0.15996
0.16226
0.14227
0.16486
0.14384
0.13532
0.12717
0.1454
0.13777
0.12973
0.13174
0.13948
0.12935
0.12927
0.14995
0.11732
0.13438
0.12202
0.12627
0.15159
0.13598
0.12249
0.11294
0.10868
0.11587
0.11707
0.12319
0.12741
0.11917
0.11091
0.12643
0.11354
0.11079
0.11963
0.09598
0.10469
0.10916
0.12784
0.10863
0.10521
0.08682
0.09614
0.10329
0.09655
0.09652
0.09853
0.09779
0.08803
0.08727
0.1006
0.11466
0.09914
0.08626
0.07836
0.08488
0.09799
0.10013
0.0894
0.08574
0.08706
0.09174
0.07861
0.06613
0.09469
0.08514
0.09267
0.07972
0.0786
0.0775
0.09603
0.08718
0.07509
0.06619
0.0888
0.07839
0.10402
0.08329
0.07643
0.06996
0.07782
0.06614
0.06928
0.0812
0.07941
0.08995
0.06697
0.06331
0.08892
0.07949
0.09032
0.07046
0.0899
0.1076
0.0529
0.07256
0.09186
0.06804
0.08375
0.06411
0.05748
0.0712
0.07465
0.08371
0.0609
0.06089
0.06685
0.06315
0.06514
0.08667
0.05831
0.07469
0.06202
0.06123
0.06732
0.05279
0.05649
0.06431
0.07991
0.06081
0.06006
0.05944
0.06175
0.0598
0.07023
0.0605
0.0584
0.05156
0.05496
0.07508
0.05218
0.06217
0.06666
0.06542
0.05599
0.07424
0.06167
0.06369
0.06151
0.05752
0.05628
0.0805
0.06791
0.06736
0.08836
0.06888
0.07763
0.07714
0.06671
0.09522
0.0631
0.06713
0.07528
0.09772
0.07123
0.07755
0.07744
0.06106
0.09007
0.09756
0.08649
0.09772
0.0802
0.09978
0.08257
0.09868
0.07415
0.06558
0.08156
0.06078
0.09411
0.06946
0.0845
0.08238
0.07354
0.07669
0.06793
0.07392
0.08159
0.0744
0.07443
0.0923
0.08399
0.06607
0.0654
0.06534
0.06955
0.08212
0.07099
0.07131
0.08006
0.08562
0.06321
0.07116
0.06143
0.06813
0.06763
0.07135
0.08655
0.08086
0.06556
0.06297
0.08528
0.06406
0.07911
0.10216
0.06427
0.0674
0.0759
0.07374
0.06519
0.07628
0.07394
0.0583
0.06816
0.05997
0.07293
0.08172
0.08128
0.06994
0.05165
0.0579
0.05463
0.07304
0.06488
0.06466
0.06483
0.04838
0.09293
0.05954
0.05898
0.06622
0.07745
0.04854
0.05614
0.06375
0.05719
0.05663
0.05277
0.06268
0.04506
0.05557
0.04433
0.0488
0.0408
0.06534
0.05676
0.06285
0.073
0.06068
0.04327
0.05397
0.0764
0.05129
0.05975
0.0509
0.07091
0.07296
0.05641
0.06144
0.04311
0.05194
0.05629
0.0506
0.05143
0.04924
0.05972
0.05069
0.04817
0.08978
0.05273
0.0411
0.0578
0.04768
0.03909
0.05027
0.05085
0.05987
0.04276
0.06118
0.06088
0.04037
0.05865
0.05437
0.0463
0.04095
0.04494
0.05358
0.04007
0.08065
0.04991
0.07123
0.06062
0.05479
0.04756
0.04487
0.06185
0.06043
0.04952
0.06984
0.03548
0.05732
0.03566
0.04902
0.06265
0.05064
0.05251
0.04394
0.04289
0.05541
0.05946
0.06416
0.03994
0.05429
0.06577
0.04595
0.03755
0.03239
0.03436
0.05268
0.06348
0.03693
0.05047
0.04281
0.06628
0.06116
0.07334
0.04962
0.03243
0.05535
0.08879
0.05557
0.05852
0.03603
0.02961
0.07787
0.06181
0.04892
0.05275
0.05749
0.0565
0.04565
0.04565
0.05177
0.03282
0.0507
0.04833
0.04927
0.06031
0.04205
0.06919
0.05106
0.03795
0.04938
0.06529
0.04177
0.04828
0.04816
0.03548
0.04436
0.0375
0.05496
0.03346
0.05894
0.06721
0.04917
0.06015
0.04091
0.04585
0.05462
0.03843
0.05308
0.05987
0.04608
0.05483
0.03756
0.05777
0.0588
0.05116
0.06123
0.03815
0.04018
0.06215
0.05262
0.04032
0.05776
0.04963
0.06408
0.09082
0.06536
0.0389
0.06064
0.06271
0.03184
0.04119
0.04664
0.03652
0.04129
0.03826
0.03638
0.0439
0.02989
0.02575
0.05406
0.03398
0.04698
0.03875
0.03129
0.05608
0.06307
0.06672
0.03537
0.04119
0.03928
0.05653
0.04314
0.03561
0.03466
0.06878
0.03303
0.04904
0.05417
0.04882
0.0426
0.0416
0.03191
0.05705
0.05396
0.03965
0.06285
0.05521
0.05655
0.08484
0.04541
0.03868
0.04543
0.04085
0.05364
0.04276
0.05706
0.04168
0.03738
0.04444
0.05324
0.03396
0.07005
0.06156
0.0439
0.06215
0.03356
0.04838
0.02819
0.04114
0.06266
0.04386
0.03949
0.05059
0.03702
0.04967
0.02626
0.02681
0.02023
0.03776
0.04077
0.03487
0.05372
0.03437
0.03604
0.05527
0.04867
0.03706
0.03148
0.04169
0.03673
0.05296
0.05177
0.04934
0.05977
0.06257
0.05546
0.03385
0.03717
0.05085
0.06388
0.04287
0.05297
0.04924
0.07132
0.05668
0.05051
0.04316
0.06403
0.04984
0.07483
0.03922
0.04566
0.03057
0.09913
0.04467
0.02844
0.05182
0.03818
0.03118
0.02482
0.04562
0.06683
0.03522
0.04957
0.03741
0.04946
0.03295
0.04083
0.06267
0.03974
0.04092
0.05932
0.04145
0.03551
0.04772
0.02752
0.05035
0.02562
0.032
0.06175
0.06362
0.0504
0.0495
0.0746
0.05519
0.07014
0.03527
0.07291
0.04219
0.04626
0.04373
0.06405
0.07946
0.04447
0.04947
0.04589
0.06377
0.0435
0.04188
0.03497
0.05094
0.0619
0.0477
0.06467
0.03518
0.04397
0.07019
0.04568
0.05909
0.05237
0.04666
0.05371
0.06039
0.04671
0.04597
0.04777
0.02389
0.05262
0.04442
0.05982
0.06023
0.05475
0.06364
0.06261
0.0696
0.05998
0.0669
0.05621
0.05075
0.05409
0.04321
0.03357
0.03489
0.04764
0.04609
0.03697
0.04042
0.03026
0.01774
0.05252
0.09443
0.03598
0.03588
0.04477
0.04997
0.08485
0.05701
0.06321
0.05005
0.04801
0.07067
0.04516
0.0677
0.05218
0.05596
0.04822
0.04042
0.04592
0.03152
0.03927
0.04283
0.07494
0.07179
0.04247
0.04046
0.0628
0.05992
0.04505
0.03709
0.05728
0.06365
0.03791
0.0513
0.03887
0.064
0.06259
0.03747
0.03327
0.06965
0.07764
0.03033
0.04078
0.05568
0.04214
0.05043
0.07247
0.07872
0.03968
0.04834
0.03863
0.04604
0.05872
0.06095
0.05208
0.06987
0.07573
0.0506
0.03247
0.04446
0.0409
0.03858
0.02965
0.04832
0.0389
0.07702
0.03766
0.04179
0.03621
0.04992
0.05533
0.07414
0.04012
0.02735
0.03277
0.06178
0.05256
0.06529
0.04349
0.05264
0.05297
0.04139
0.06146
0.04245
0.05166
0.05648
0.05604
0.04575
0.04252
0.06705
0.08091
0.05214
0.05648
0.06951
0.04091
0.04475
0.03515
0.07103
0.10033
0.05988
0.03838
0.05347
0.05292
0.04619
0.04298
0.04276
0.04382
0.06014
0.08339
0.07391
0.04033
0.04546
0.03207
0.05208
0.02562
0.04119
0.05288
0.04599
0.0411
0.05219
0.0591
0.06707
0.04087
0.0495
0.04365
0.03999
0.06212
0.06239
0.03924
0.05816
0.03896
0.0486
0.03772
0.04926
0.03366
0.04576
0.04988
0.06469
0.04651
0.06511
0.05423
0.02647
0.02586
0.02771
0.06964
0.03752
0.04059
0.04225
0.05469
0.04458
0.032
0.04107
0.02868
0.06611
0.03061
0.04794
0.03885
0.05576
0.03128
0.05383
0.04432
0.0468
0.03621
0.04548
0.0346
0.05022
0.02852
0.05662
0.04017
0.0609
0.0604
0.06049
0.0437
0.03418
0.03862
0.03872
0.04179
0.05434
0.05826
0.03976
0.02853
0.0472
0.03979
0.03562
0.03117
0.05389
0.06366
0.02562
0.07721
0.03955
0.04563
0.05712
0.05925
0.04058
0.04853
0.03929
0.03431
0.08772
0.04843
0.03807
0.0719
0.04018
0.02931
0.02822
0.02428
0.03646
0.03138
0.04726
0.04655
0.02855
0.03357
0.02351
0.02553
0.03385
0.02914
0.0319
0.05689
0.0499
0.05263
0.02931
0.03766
0.04085
0.01505
0.03429
0.04614
0.03555
0.04183
0.02993
0.03264
0.02701
0.02417
0.03327
0.04265
0.03319
0.03388
0.03923
0.01617
0.0186
0.06902
0.05282
0.03523
0.0351
0.04523
0.02873
0.05405
0.03143
0.04624
0.04543
0.08935
0.01653
0.0474
0.05525
0.05943
0.01835
0.02642
0.02079
0.01802
0.00624
0.02176
0.01764
0.03066
0.08124
0.01767
0.04299
0.04587
0.0549
0.0289
0.02332
0.03675
0.03483
0.03198
0.02246
0.02949
0.0431
0.01237
0.01474
0.04653
0.06156
0.0871
0.04677
0.0738
0.05048
0.07469
0.11581
0.04979
0.02412
0.0936
0.05307
0.04763
0.04934
0.09503
0.07742
0.09581
0.07157
0.037
0.07203
0.03651
0.08536
0.04097
0.08109
0.05883
0.08294
0.06279
0.09031
0.08871
0.09159
0.05316
0.07037
0.04643
0.10247
0.06296
0.0667
0.11155
0.07986
0.08237
0.04206
0.07084
0.12748
0.07531
0.05679
0.11739
0.02956
0.05589
0.079
0.07246
0.07431
0.09619
0.08486
0.05996
0.08286
0.04192
0.10361
0.1017
0.06016
0.0766
0.06295
0.10561
0.06841
0.09196
0.08561
0.07684
0.04513
0.09521
0.08275
0.08377
0.10031
0.09863
0.09202
0.12774
0.08005
0.15556
