0.68085
0.66133
0.72366
0.76364
0.74228
0.72927
0.71403
0.71756
0.72643
0.72918
0.73272
0.74972
0.76187
0.7786
0.80062
0.82097
0.8331
0.85279
0.86986
0.88435
0.89481
0.90172
0.90949
0.91437
0.91566
0.92088
0.92604
0.92812
0.93608
0.9314
0.93207
0.93472
0.93597
0.93642
0.93478
0.93066
0.92723
0.92227
0.92031
0.91884
0.92251
0.92196
0.92292
0.92727
0.92964
0.92762
0.92962
0.93136
0.92853
0.93473
0.93401
0.93954
0.93677
0.93546
0.94404
0.94566
0.94214
0.94652
0.94816
0.94951
0.94728
0.94808
0.95293
0.9516
0.95491
0.95782
0.95438
0.9567
0.96008
0.96108
0.95894
0.95926
0.96334
0.96631
0.96077
0.96314
0.96476
0.96462
0.96194
0.96619
0.96735
0.96125
0.96945
0.96592
0.9688
0.96587
0.96284
0.96691
0.96526
0.96886
0.96957
0.96822
0.97242
0.96858
0.97017
0.96889
0.97239
0.97076
0.97544
0.97461
0.97087
0.97538
0.97367
0.97295
0.96867
0.97439
0.97253
0.97484
0.97652
0.97443
0.97435
0.9762
0.97629
0.97511
0.97569
0.97803
0.97691
0.97318
0.97742
0.97727
0.97831
0.9785
0.97877
0.97535
0.97917
0.97843
0.97877
0.97819
0.9784
0.98314
0.97942
0.9825
0.97856
0.98128
0.97984
0.98128
0.97871
0.98032
0.98083
0.98314
0.97915
0.97893
0.97967
0.97961
0.9824
0.98471
0.98072
0.98406
0.98461
0.98125
0.98223
0.9861
0.98372
0.98464
0.98266
0.9832
0.9793
0.98471
0.98339
0.97865
0.98527
0.98275
0.98148
0.98287
0.98216
0.98555
0.98471
0.98209
0.98386
0.9828
0.98578
0.9865
0.98466
0.9854
0.98344
0.98165
0.98824
0.98283
0.98558
0.98799
0.98354
0.98547
0.98584
0.98754
0.98386
0.9839
0.98448
0.98551
0.98587
0.985
0.98529
0.98885
0.98691
0.98831
0.98929
0.98454
0.98858
0.98426
0.98626
0.9853
0.98679
0.98496
0.9854
0.98477
0.9854
0.989
0.98749
0.98277
0.98672
0.9857
0.97972
0.98523
0.98343
0.98211
0.98648
0.98502
0.98743
0.9854
0.98314
0.98134
0.98585
0.98553
0.98285
0.98548
0.98273
0.98017
0.98426
0.98007
0.98195
0.98182
0.98241
0.9787
0.98375
0.98623
0.98411
0.98495
0.97992
0.98142
0.982
0.97896
0.98324
0.98325
0.98358
0.98338
0.98481
0.98508
0.98499
0.98363
0.98418
0.98663
0.98592
0.98566
0.98501
0.98256
0.98553
0.98223
0.98213
0.98355
0.98481
0.98389
0.9867
0.98293
0.98525
0.98348
0.98534
0.98332
0.98643
0.98538
0.98512
0.98507
0.98332
0.97917
0.98443
0.98541
0.98423
0.98293
0.98514
0.98392
0.98506
0.98712
0.98411
0.9891
0.98715
0.98557
0.9836
0.98529
0.98652
0.98698
0.98689
0.98501
0.98394
0.98689
0.98605
0.99021
0.98184
0.9885
0.98912
0.9842
0.98538
0.98744
0.98863
0.98672
0.98672
0.98763
0.9899
0.98463
0.98897
0.98838
0.98926
0.99124
0.99053
0.98646
0.98782
0.98701
0.98751
0.9871
0.9896
0.9869
0.98477
0.98798
0.98536
0.98985
0.98421
0.98536
0.9872
0.98748
0.98875
0.98826
0.98741
0.99018
0.98839
0.98882
0.98803
0.98977
0.99046
0.98481
0.98981
0.98878
0.9879
0.98913
0.99065
0.98845
0.99052
0.98917
0.99066
0.98688
0.98846
0.99189
0.9874
0.98911
0.99066
0.99199
0.98804
0.98988
0.9917
0.98643
0.9877
0.98842
0.98891
0.98748
0.98985
0.99
0.98617
0.99026
0.99178
0.98768
0.99122
0.9877
0.99135
0.98987
0.98925
0.98822
0.99145
0.99279
0.99128
0.98872
0.9894
0.98948
0.99075
0.98799
0.98807
0.99094
0.99177
0.99165
0.99205
0.99127
0.99264
0.99144
0.99067
0.99191
0.98931
0.98932
0.987
0.98911
0.99168
0.98744
0.98694
0.99093
0.98997
0.99038
0.99123
0.98744
0.9891
0.99224
0.99001
0.98813
0.9898
0.98867
0.98912
0.99096
0.99357
0.99198
0.99025
0.98976
0.98931
0.9913
0.98689
0.98955
0.99222
0.99188
0.98743
0.99029
0.98918
0.9893
0.99309
0.99264
0.99121
0.99084
0.99195
0.98733
0.99005
0.99103
0.98951
0.99084
0.9901
0.98976
0.99054
0.99061
0.9914
0.99185
0.99015
0.99212
0.99022
0.98931
0.99208
0.9872
0.99162
0.99157
0.99126
0.98959
0.99033
0.98974
0.99122
0.98918
0.98708
0.99111
0.99219
0.98789
0.98741
0.99365
0.99147
0.99131
0.99256
0.99063
0.98996
0.99407
0.99217
0.99368
0.9933
0.9896
0.99187
0.9919
0.99268
0.99291
0.98951
0.98994
0.98928
0.99349
0.99003
0.99197
0.9894
0.99433
0.99222
0.99408
0.99002
0.99175
0.99116
0.98923
0.99064
0.99343
0.99374
0.99268
0.98628
0.9923
0.99152
0.99196
0.9933
0.99071
0.98797
0.99189
0.99445
0.99311
0.9927
0.99029
0.99183
0.98966
0.98944
0.99381
0.99097
0.99059
0.99222
0.98853
0.98931
0.99398
0.9902
0.99352
0.99332
0.99404
0.99185
0.98938
0.99249
0.99077
0.99048
0.99238
0.99292
0.99261
0.99397
0.99653
0.99224
0.99301
0.99236
0.99028
0.99151
0.99242
0.98876
0.9886
0.99202
0.99325
0.99146
0.99392
0.98919
0.99033
0.99183
0.98877
0.98872
0.99069
0.99358
0.99136
0.98934
0.99412
0.99191
0.99047
0.99098
0.98829
0.99159
0.9923
0.99167
0.98874
0.98975
0.99036
0.99355
0.99136
0.99371
0.9871
0.99144
0.99384
0.99207
0.99225
0.99332
0.99485
0.99206
0.98656
0.99361
0.99386
0.99204
0.98993
0.99248
0.99254
0.98917
0.99106
0.99376
0.9921
0.99287
0.99118
0.99383
0.99433
0.99024
0.99401
0.99311
0.99207
0.98943
0.99147
0.99004
0.98868
0.98843
0.9884
0.99312
0.98916
0.99047
0.99069
0.99197
0.9883
0.98993
0.99101
0.99147
0.99204
0.98905
0.99202
0.99156
0.99456
0.99376
0.98776
0.99149
0.99016
0.9932
0.99077
0.98887
0.99053
0.98882
0.99031
0.99061
0.98926
0.99004
0.99201
0.99329
0.99069
0.99361
0.99188
0.992
0.98879
0.9898
0.98904
0.99055
0.9899
0.98976
0.99049
0.98867
0.98787
0.99109
0.99051
0.99095
0.99273
0.99365
0.99141
0.99174
0.99417
0.99088
0.99234
0.99587
0.99224
0.98995
0.99474
0.99214
0.99165
0.99197
0.98936
0.99061
0.99059
0.9912
0.99131
0.98951
0.99303
0.9914
0.98941
0.98879
0.99106
0.99168
0.99069
0.99605
0.99415
0.99157
0.99129
0.98898
0.9921
0.99196
0.98939
0.98794
0.99235
0.99576
0.99246
0.99187
0.99247
0.99168
0.99323
0.98974
0.9899
0.99137
0.99341
0.99049
0.98893
0.99407
0.99302
0.99083
0.99197
0.99137
0.98853
0.98938
0.99232
0.9914
0.99353
0.99191
0.99204
0.99227
0.99153
0.9895
0.99021
0.98948
0.99322
0.99278
0.9907
0.99311
0.99351
0.99088
0.99144
0.98875
0.99323
0.99497
0.99342
0.99262
0.9884
0.99089
0.99324
0.99376
0.99463
0.9911
0.99104
0.99045
0.99196
0.99066
0.9907
0.98954
0.991
0.99304
0.99069
0.98951
0.99189
0.98993
0.99306
0.99031
0.9892
0.99105
0.98997
0.98966
0.99348
0.99388
0.99374
0.99022
0.98631
0.99038
0.9922
0.99166
0.98964
0.99408
0.99103
0.99188
0.99182
0.9908
0.98797
0.98918
0.9942
0.99184
0.99254
0.99269
0.99518
0.99035
0.99051
0.9916
0.99081
0.99119
0.99019
0.98982
0.99325
0.99211
0.99159
0.99186
0.99117
0.98946
0.99194
0.98988
0.99253
0.99343
0.99295
0.98963
0.99502
0.99054
0.99221
0.98778
0.9928
0.99008
0.9901
0.99346
0.99511
0.99381
0.98963
0.99194
0.99267
0.99369
0.99354
0.99123
0.99408
0.99096
0.99388
0.99288
0.99429
0.99286
0.9935
0.99226
0.99399
0.99373
0.99271
0.99411
0.99272
0.99345
0.99418
0.99374
0.99554
0.99404
0.99443
0.99261
0.99075
0.992
0.99363
0.99389
0.99439
0.99393
0.99297
0.98968
0.99117
0.99384
0.99488
0.99174
0.99443
0.99254
0.9948
0.99246
0.99165
0.99574
0.99315
0.99373
0.99238
0.99075
0.99139
0.99263
0.99143
0.99337
0.99333
0.98894
0.99204
0.9948
0.99031
0.99541
0.99392
0.99495
0.99486
0.99323
0.99668
0.99481
0.99108
0.99429
0.99387
0.99541
0.99572
0.99353
0.9955
0.99521
0.99086
0.99248
0.99225
0.99638
0.9936
0.99338
0.99676
0.9941
0.99451
0.9925
0.99407
0.99392
0.99515
0.99461
0.99689
0.9944
0.99378
0.99417
0.99374
0.99256
0.99648
0.99705
0.99101
0.99372
0.99484
0.99306
0.99378
0.99315
0.99314
0.99591
0.99209
0.99533
0.99108
0.99662
0.99252
0.99447
0.99263
0.99664
0.99522
0.99783
0.99638
0.99899
0.99679
0.99656
0.99592
0.99318
0.99644
0.99383
0.99336
0.9946
0.9949
0.99589
0.99485
0.99558
0.99629
0.9968
0.9966
0.99594
0.99781
0.99687
0.99383
0.99401
0.99094
0.99385
0.99162
0.99418
0.9927
0.99327
0.99441
0.99681
0.99229
0.99497
0.99416
0.99224
0.98974
0.99288
0.99163
0.99174
0.99467
0.99145
0.99526
0.9922
0.99554
0.99408
0.99313
0.99149
0.99204
0.9913
0.98978
0.98903
0.99363
0.99299
0.9928
0.99044
0.99416
0.99283
0.99183
0.99189
0.99425
0.99427
0.99236
0.99019
0.99212
0.99266
0.99313
0.99453
0.99389
0.99029
0.99049
0.99315
0.99039
0.99028
0.99214
0.99154
0.99459
0.98973
0.99249
0.9918
0.99057
0.99361
0.98951
0.99083
0.99128
0.98952
0.99227
0.99324
0.98911
0.99016
0.98881
0.99089
0.99106
0.99016
0.98897
0.99091
0.98832
