3.60906
2.35269
3.00395
3.55495
3.24841
3.00606
2.75269
2.71285
2.77078
2.82098
2.89719
3.07757
3.19172
3.4203
3.66566
3.96801
4.28502
4.63776
4.98856
5.3364
5.65829
5.96896
6.1817
6.43259
6.51077
6.72851
6.96023
7.19953
7.35671
7.51525
7.64707
7.80277
7.72967
7.8709
7.89133
7.82747
7.64453
7.46731
7.43947
7.40046
7.31637
7.34347
7.36357
7.40427
7.54101
7.53054
7.49066
7.62191
7.64036
7.8372
7.75239
7.86922
7.96907
7.99851
8.17888
8.20824
8.20303
8.20518
8.39634
8.4628
8.5081
8.52743
8.68908
8.74441
8.9311
9.0793
9.00586
9.10537
9.24119
9.39589
9.41388
9.40075
9.54206
9.60495
9.64742
9.69383
9.89192
10.03322
9.90373
10.0301
10.0766
10.07967
10.14595
10.14138
10.1974
10.33085
10.21049
10.22994
10.31928
10.33689
10.48752
10.55652
10.48865
10.68383
10.71661
10.65091
10.77667
10.7162
10.7432
10.84414
10.97288
11.03872
10.99801
10.96938
11.04856
11.07221
11.09665
11.32487
11.26462
11.31312
11.45378
11.40812
11.41607
11.4438
11.50774
11.51796
11.42776
11.4044
11.49514
11.58995
11.61379
11.68779
11.56936
11.74347
11.7003
11.86361
11.86802
11.8118
11.95045
12.08386
12.07418
12.11189
12.18552
12.32647
12.15327
12.15882
12.15201
11.88221
12.24859
12.55546
12.26512
12.38109
12.261
12.38678
12.4298
12.57803
12.57883
12.60972
12.7452
12.44211
12.60997
12.74435
12.78483
12.94101
12.99392
12.87663
12.94739
12.98545
12.93604
12.64483
13.07131
12.81623
12.94273
12.99782
12.87024
13.23869
13.32419
13.19763
13.15729
13.20774
13.09027
13.21116
13.31257
13.11034
13.19394
13.22691
13.37821
13.2935
13.54402
13.3213
13.52738
13.45822
13.51951
13.45294
13.48386
13.54212
13.63101
13.78857
13.81964
13.72999
13.70844
13.86267
13.89641
14.11523
13.93637
13.8974
13.8741
13.82021
14.05764
13.74866
14.23034
14.14074
14.02135
14.19758
14.04279
14.12335
14.23543
13.96405
14.13763
14.32307
13.94583
14.15512
14.32118
14.32336
14.29623
14.05603
14.45711
14.38159
13.93959
14.08409
14.34271
14.06073
14.19318
14.26795
14.04153
13.91756
14.24915
13.99827
14.1287
14.04503
14.22234
14.27116
14.1681
14.62282
14.52786
14.31899
14.02804
14.02801
14.14212
14.16359
14.24427
14.43111
14.28231
14.3886
14.25922
14.38797
14.54668
14.62989
14.50062
14.55175
14.56968
14.53408
14.48362
14.71022
14.53457
14.50727
14.65854
14.45534
14.58297
14.87531
14.67305
14.6073
14.2732
14.71958
14.4055
14.71995
14.97731
14.70387
15.07143
14.81851
14.55904
14.35979
14.7972
14.84296
14.79904
14.771
14.83182
15.19445
14.76942
14.7994
14.7653
14.90528
14.97506
15.09932
14.63214
15.06951
15.24168
15.36228
14.98262
14.90686
15.17619
14.99133
15.09073
15.73988
15.28522
15.39265
15.26097
15.13105
15.32292
15.38654
15.50595
15.26903
15.15838
15.30072
15.43589
15.53926
15.36657
15.38449
15.62852
15.8849
15.44676
15.69397
15.66879
15.65623
15.76009
15.61575
15.92436
15.71911
15.63533
15.86294
15.73098
16.14706
15.56225
15.84911
15.90252
15.86543
15.56288
15.82814
15.83411
16.31636
16.49449
16.18861
16.33214
15.82763
16.26424
15.90515
16.21073
16.61366
16.22555
16.26004
16.16889
16.62394
16.17001
16.33753
16.69579
16.70726
16.39062
16.35215
16.46055
16.31934
16.38267
16.85226
16.30634
16.34986
16.3321
16.15982
16.58303
16.58168
16.59242
16.36611
16.8227
16.8998
16.52089
16.57125
16.79452
16.71689
17.27386
16.88966
16.72374
17.0991
16.99228
16.39381
17.05506
17.51612
16.88203
17.14181
16.84021
16.74194
17.08128
16.94383
17.35792
17.36799
17.37877
17.27327
17.11989
17.61642
17.69599
17.42657
17.03131
17.33738
17.03202
17.43946
16.50439
17.11337
17.45665
17.0546
17.27001
17.44369
16.90623
17.34116
17.28462
17.39166
17.23613
17.26561
17.12306
17.30151
17.49896
17.46122
17.61911
17.35032
17.87037
17.86941
17.62311
17.67742
17.41389
17.4462
17.88351
17.48586
17.64641
17.50766
17.51679
17.72444
18.56842
17.70403
18.11366
17.88989
17.95011
18.06705
17.91869
17.68242
17.75127
17.82587
17.71564
18.17192
17.83347
18.1484
18.36617
18.04512
17.90363
18.27482
17.41724
17.9022
17.85723
17.83676
18.24854
18.22967
18.17769
18.66881
18.30612
18.38375
18.33615
18.20812
18.28046
17.74094
17.93074
18.1139
18.38374
18.21203
17.91442
18.30633
18.24022
18.95192
18.61876
18.55996
18.5975
19.19041
19.02657
19.02217
18.67143
19.03547
19.03743
18.4066
18.81536
19.04576
18.12516
18.84552
19.03523
19.37496
18.75543
18.95792
18.69281
18.82066
18.66807
19.34461
18.76946
19.74269
19.48993
19.06982
19.14151
19.27153
19.36535
19.06695
19.17885
18.94969
19.40563
19.27329
19.405
19.2722
19.46356
19.43613
19.80738
18.97667
19.83352
19.57096
19.35332
18.85284
18.72021
18.43916
18.88905
19.04927
19.4124
19.17236
19.15648
19.80051
19.41372
18.75493
19.49526
18.91005
19.65391
19.51104
20.54988
20.04768
19.35734
20.15615
19.32041
19.98672
20.06793
20.86616
19.29434
19.83245
19.40395
20.06151
19.72989
19.90726
20.37251
20.2167
20.33561
20.14094
19.85544
20.6274
20.27075
20.20498
20.05069
20.10174
19.58245
19.71447
19.7536
19.83025
18.97638
20.78472
19.88688
19.45801
19.52954
19.6557
19.48512
19.61916
20.2408
19.04357
19.97846
20.33881
19.83051
19.9339
20.82618
19.81138
19.81561
19.61872
19.55717
20.61569
19.96504
20.25334
20.23
19.55548
19.89747
19.8954
20.14964
20.08318
19.74944
19.93901
19.22634
19.41621
20.02364
19.51006
19.89668
20.74308
20.04827
20.63491
20.06032
20.79194
20.69668
19.89871
19.91986
19.72949
20.42052
20.01653
20.80599
19.63836
19.90742
19.73583
20.8535
20.63634
20.7123
19.76826
20.59563
20.48401
20.22737
20.42187
20.19689
21.06201
20.79632
20.40371
21.18911
19.91067
20.43096
20.47086
21.12531
20.05076
21.17645
20.67404
20.9203
21.11676
21.50737
20.53494
21.35713
20.96508
21.08043
20.68079
21.80431
20.93178
20.76003
21.45034
21.38703
20.52692
20.9483
20.9524
20.74702
20.42854
19.90537
20.07287
20.5063
20.33989
20.25653
21.0401
20.67298
20.35015
20.98475
21.18675
20.99667
20.80089
21.99605
22.09003
20.70275
21.93943
22.28344
21.25839
20.71782
21.11927
21.02667
21.00394
21.18467
22.07776
21.22471
20.77908
20.56368
20.77972
20.74644
20.54601
20.98676
20.87888
21.61683
21.82522
21.32715
20.86564
20.74824
21.18548
20.83437
21.05033
21.05353
21.92282
22.1713
20.83006
20.33566
20.45252
20.51625
20.82719
20.77641
21.24894
21.54475
21.37077
20.82434
20.85116
21.70208
22.08769
20.93773
21.88293
21.59816
20.32412
20.71182
21.50337
21.32651
20.90883
21.18262
21.49767
21.08363
21.31644
20.79143
21.33938
20.68449
21.57697
21.55723
20.96984
20.70758
21.66261
21.44476
21.6854
20.76866
21.3669
22.01364
21.90415
21.2478
21.45617
21.11638
21.35113
22.65522
22.83825
21.01955
21.07167
21.17172
21.51898
21.14717
21.33807
21.35942
21.11176
21.01349
20.76751
21.34807
20.98645
20.04384
21.80338
21.9495
21.43719
21.42168
21.15281
21.05228
20.96678
21.62634
21.55148
20.57227
20.16539
21.22359
21.84233
20.38914
20.73716
21.87091
21.18774
21.71011
22.66425
22.34032
22.06646
21.64773
21.83423
21.47079
21.69603
21.26772
21.69519
21.37948
22.67586
22.09361
21.62481
20.73211
21.8566
21.16838
21.07428
22.05054
21.3092
22.19442
21.78544
21.88552
22.25153
21.79451
21.99479
21.92125
21.53152
22.26375
22.33728
21.98411
21.75752
21.85941
21.99184
21.97585
22.15014
22.5151
22.8026
22.56427
21.72053
22.26968
22.78503
22.65437
22.5333
21.75881
22.97357
22.58329
23.18486
22.96354
23.70384
22.91572
22.80207
22.82485
23.35571
23.37794
22.90838
22.61767
22.18516
23.18398
22.0065
22.44981
22.21575
23.6751
22.49294
22.82968
23.5744
23.72282
22.87714
23.37875
22.65834
22.7075
22.59782
22.02994
22.63187
22.9376
23.09589
22.59069
23.09207
23.88244
23.46566
22.69667
23.18813
23.06421
22.73884
22.57715
23.18547
23.40631
22.82617
22.11819
22.16208
23.04261
23.35824
23.14934
22.60806
24.14692
22.47826
23.97968
24.02392
23.37356
24.24512
23.61851
24.35219
24.65258
22.43995
23.63336
24.86687
24.96961
24.93458
24.26418
23.7424
24.05835
23.9673
24.05508
24.03544
24.19096
23.87991
23.49667
24.92301
24.47708
24.16249
23.95702
24.84542
24.68756
26.64079
24.40483
26.15367
26.31881
25.29572
26.99196
26.8142
25.82274
27.54662
27.72807
27.19016
25.63984
27.78474
28.27906
26.6638
27.37934
27.24594
28.46262
29.71208
27.19063
27.33506
34.48546
34.97913
27.38461
25.61737
30.59131
29.83632
31.49012
32.35276
42.07423
34.30048
31.16819
33.5332
30.96588
33.36437
33.16371
29.54782
30.79489
31.94536
28.71682
33.31151
32.63211
31.89366
31.84744
33.21753
32.41808
33.61309
32.13601
29.97605
30.51923
28.87876
29.74813
29.14454
30.11136
32.51468
29.93914
30.57353
36.57544
27.67472
33.2971
31.30791
30.04143
26.7641
26.40845
25.51206
27.51531
32.07456
30.95721
31.45354
27.286
29.23265
31.54193
28.41382
27.27684
26.33933
29.21508
25.69473
25.37994
27.33954
29.77841
29.04469
25.60175
29.95509
28.27817
27.32879
27.88554
27.38735
29.85814
26.11134
27.3309
28.00985
25.98492
27.35902
31.07477
26.38128
29.49553
26.94206
26.21488
24.81819
25.03875
25.59782
27.47289
25.94852
25.33295
27.06703
26.10808
25.31639
25.34604
24.53285
24.69516
26.85552
26.96272
27.98658
28.69417
26.42807
25.24691
24.85506
26.31684
26.82751
25.87993
25.17343
25.56937
23.81948
