0.36522
0.36175
0.30155
0.25919
0.27473
0.28171
0.29339
0.28764
0.28085
0.27839
0.27236
0.25546
0.24562
0.22574
0.2054
0.18768
0.17106
0.15228
0.13698
0.12207
0.1111
0.10318
0.096
0.09143
0.08629
0.08427
0.07806
0.07156
0.06971
0.06551
0.06621
0.06368
0.06781
0.06647
0.06604
0.07108
0.07561
0.07643
0.07827
0.08683
0.07874
0.07908
0.08256
0.07744
0.06884
0.07596
0.07794
0.07055
0.07081
0.06983
0.06475
0.06766
0.061
0.06182
0.05817
0.05901
0.05989
0.05831
0.05478
0.05611
0.05663
0.05442
0.04822
0.04698
0.04545
0.04593
0.04733
0.04527
0.04145
0.04054
0.04629
0.03715
0.03937
0.0379
0.03868
0.03939
0.03465
0.03254
0.03669
0.03336
0.03642
0.03761
0.034
0.03416
0.03588
0.03432
0.03433
0.03718
0.03287
0.03244
0.03014
0.03237
0.03415
0.03092
0.0328
0.03005
0.02877
0.03305
0.02926
0.029
0.03
0.02695
0.02694
0.02838
0.02826
0.02727
0.02751
0.02389
0.0269
0.0276
0.02316
0.02452
0.02635
0.02491
0.02313
0.02259
0.02625
0.02834
0.02633
0.02294
0.02119
0.02328
0.02586
0.0244
0.02261
0.0219
0.02176
0.02355
0.02027
0.01928
0.02336
0.02166
0.02242
0.02124
0.01907
0.01934
0.02208
0.02225
0.01927
0.01877
0.02257
0.01969
0.02206
0.0205
0.01998
0.02207
0.01892
0.01699
0.0202
0.01942
0.0186
0.02264
0.01734
0.01758
0.01683
0.01869
0.01852
0.01765
0.02322
0.02351
0.01496
0.01819
0.02388
0.01651
0.01784
0.01703
0.01402
0.01693
0.01916
0.01959
0.01921
0.01608
0.01755
0.01627
0.01507
0.01599
0.01414
0.01638
0.01435
0.01742
0.01413
0.01288
0.01318
0.01677
0.01678
0.01271
0.01332
0.0154
0.01515
0.01485
0.01672
0.01726
0.01524
0.01315
0.01405
0.01611
0.01415
0.0133
0.01704
0.01497
0.01365
0.01707
0.01644
0.01379
0.01582
0.01523
0.01232
0.01675
0.01748
0.01489
0.01789
0.01658
0.01524
0.01528
0.01823
0.01838
0.01514
0.01712
0.01789
0.02235
0.01909
0.01973
0.01659
0.01649
0.02
0.02001
0.02061
0.01995
0.0185
0.02106
0.01508
0.01996
0.01715
0.01502
0.02064
0.01582
0.02172
0.01288
0.01621
0.01618
0.01732
0.01669
0.01604
0.01313
0.01964
0.01891
0.01639
0.01881
0.02044
0.01619
0.01528
0.01693
0.01681
0.01887
0.01784
0.01458
0.0156
0.01805
0.01477
0.01645
0.01614
0.0142
0.01582
0.01643
0.01834
0.01666
0.01276
0.01546
0.01659
0.01267
0.01621
0.02052
0.01504
0.01473
0.01662
0.01482
0.01309
0.01186
0.01746
0.01433
0.01448
0.01364
0.01815
0.01621
0.0149
0.01585
0.01178
0.01326
0.01189
0.01669
0.0139
0.01441
0.01432
0.0124
0.01727
0.01674
0.01416
0.01306
0.01797
0.0109
0.01324
0.01334
0.01111
0.01375
0.0141
0.01171
0.01055
0.01423
0.01141
0.01022
0.01062
0.01136
0.01156
0.01308
0.01499
0.01274
0.0094
0.01133
0.0141
0.01086
0.01263
0.01358
0.01237
0.01298
0.01047
0.01182
0.01027
0.01001
0.012
0.01045
0.00963
0.01176
0.01251
0.01094
0.01071
0.01606
0.01071
0.00859
0.01323
0.0096
0.00881
0.01
0.01141
0.01125
0.01007
0.0112
0.01342
0.01108
0.01064
0.00995
0.01066
0.01013
0.0087
0.00953
0.00965
0.01427
0.0092
0.0118
0.0127
0.0093
0.00955
0.00892
0.00834
0.01217
0.01206
0.01564
0.00806
0.00994
0.00819
0.00829
0.01189
0.00994
0.01157
0.00926
0.01002
0.01206
0.01138
0.01372
0.00902
0.00969
0.01352
0.01033
0.00805
0.0077
0.00781
0.00795
0.01337
0.00828
0.01212
0.01014
0.01595
0.01107
0.01278
0.01051
0.00884
0.01069
0.01506
0.01245
0.01117
0.00812
0.00707
0.01142
0.00979
0.01198
0.00957
0.00939
0.01172
0.00915
0.00764
0.01007
0.00905
0.00806
0.00921
0.00999
0.013
0.00923
0.01058
0.00925
0.0086
0.01125
0.01239
0.00643
0.00717
0.00784
0.00846
0.01004
0.00635
0.0096
0.00793
0.00842
0.01069
0.01131
0.01275
0.00799
0.00833
0.00786
0.00591
0.01031
0.01193
0.01055
0.01096
0.00899
0.00984
0.01112
0.00993
0.00936
0.0092
0.00886
0.00897
0.00961
0.00827
0.01024
0.01048
0.01194
0.01412
0.01379
0.00713
0.01082
0.0097
0.00713
0.00729
0.00924
0.00667
0.00661
0.00611
0.00787
0.00856
0.00898
0.00579
0.00847
0.00643
0.0068
0.00835
0.00566
0.00731
0.00839
0.00949
0.00647
0.00689
0.00988
0.00847
0.00896
0.00564
0.0077
0.01336
0.00637
0.00453
0.00781
0.00737
0.00719
0.00907
0.00735
0.00796
0.01009
0.0067
0.01294
0.0099
0.01002
0.00975
0.00882
0.00992
0.01077
0.00804
0.00959
0.00849
0.0113
0.00607
0.00711
0.00831
0.00912
0.00551
0.0111
0.00889
0.00585
0.01203
0.00896
0.00435
0.0065
0.00566
0.01058
0.00722
0.00586
0.0082
0.00873
0.00619
0.00459
0.00501
0.00589
0.0077
0.00928
0.0071
0.00853
0.00631
0.00751
0.0062
0.00548
0.00749
0.00784
0.0091
0.00722
0.00898
0.00907
0.01013
0.00954
0.00937
0.01087
0.00656
0.0056
0.00888
0.00994
0.00953
0.00651
0.01049
0.01219
0.01146
0.00933
0.009
0.01009
0.00734
0.01011
0.00941
0.00667
0.00599
0.01479
0.00813
0.00623
0.00892
0.00695
0.00643
0.00582
0.00947
0.00693
0.0078
0.01075
0.00887
0.00895
0.00738
0.00854
0.00959
0.00735
0.00922
0.0138
0.00817
0.00542
0.00822
0.00681
0.00859
0.00479
0.00751
0.01345
0.00965
0.00844
0.00912
0.01098
0.00651
0.00987
0.00836
0.00937
0.00759
0.00718
0.00766
0.00787
0.01067
0.00857
0.00987
0.00956
0.01092
0.00887
0.00733
0.006
0.00886
0.00952
0.00635
0.01047
0.00613
0.00786
0.00938
0.00586
0.00753
0.00938
0.00874
0.00722
0.01047
0.00781
0.00892
0.00578
0.00334
0.00925
0.00756
0.00741
0.00746
0.00796
0.01047
0.01013
0.01129
0.00968
0.01138
0.00897
0.01009
0.01011
0.00916
0.00564
0.00701
0.00956
0.0088
0.00931
0.00496
0.00574
0.00438
0.00868
0.00827
0.0068
0.00587
0.00986
0.00767
0.01247
0.0074
0.01151
0.00616
0.00715
0.01027
0.00869
0.01115
0.00913
0.01003
0.01008
0.00579
0.0067
0.00743
0.00777
0.00724
0.01146
0.00952
0.00865
0.00658
0.00961
0.00831
0.00897
0.00871
0.01138
0.01355
0.00658
0.01194
0.00801
0.01046
0.00943
0.00674
0.00655
0.01244
0.01051
0.00636
0.00855
0.01223
0.00713
0.00671
0.0103
0.00828
0.00754
0.00606
0.00828
0.00916
0.01092
0.00821
0.00547
0.01326
0.01275
0.00828
0.00571
0.00879
0.00747
0.00767
0.00622
0.00714
0.00613
0.00994
0.00702
0.00911
0.00659
0.00817
0.00679
0.01255
0.00743
0.00445
0.0061
0.01015
0.01
0.01043
0.00718
0.00616
0.00773
0.00527
0.01051
0.00937
0.00861
0.00706
0.00789
0.00821
0.00912
0.01128
0.00765
0.00663
0.00704
0.01095
0.00684
0.0089
0.00841
0.00871
0.01206
0.00906
0.00649
0.0097
0.00913
0.00802
0.00617
0.00565
0.00823
0.00861
0.0073
0.01073
0.00741
0.00787
0.00513
0.01073
0.00581
0.00611
0.00844
0.00837
0.00619
0.00745
0.00964
0.01137
0.0083
0.00911
0.0072
0.00771
0.01036
0.00772
0.00725
0.00788
0.00493
0.00847
0.00547
0.00646
0.00803
0.00679
0.00713
0.00708
0.0075
0.00645
0.0077
0.00424
0.00566
0.00489
0.01062
0.00537
0.00628
0.0069
0.00998
0.00766
0.00658
0.00641
0.00486
0.01068
0.00344
0.00957
0.00769
0.00925
0.00642
0.00686
0.00631
0.00839
0.00511
0.00775
0.00729
0.00662
0.0058
0.01037
0.00923
0.01069
0.0077
0.00948
0.00904
0.00686
0.00701
0.00733
0.00665
0.0083
0.00741
0.00533
0.00595
0.00778
0.007
0.00624
0.00476
0.00627
0.0071
0.00615
0.00586
0.00896
0.00487
0.00702
0.01
0.0082
0.00909
0.00705
0.00637
0.01075
0.00708
0.00699
0.00972
0.00799
0.00535
0.00709
0.00426
0.00572
0.00738
0.00952
0.00865
0.00571
0.00497
0.00458
0.00465
0.00642
0.00591
0.00753
0.00543
0.00608
0.00609
0.00697
0.00656
0.00798
0.00301
0.00577
0.00768
0.00441
0.00669
0.00509
0.00423
0.00441
0.0045
0.00607
0.00565
0.00398
0.00524
0.0049
0.00346
0.00296
0.00722
0.0098
0.00587
0.00324
0.00735
0.0033
0.005
0.00576
0.00399
0.00783
0.0068
0.0025
0.00551
0.00718
0.00991
0.0036
0.00273
0.00398
0.00234
0.00093
0.0049
0.00327
0.0039
0.0094
0.00157
0.00378
0.00498
0.00824
0.00454
0.00429
0.0043
0.00512
0.00567
0.00422
0.00604
0.00688
0.00247
0.00209
0.00745
0.00946
0.01003
0.00683
0.00792
0.00742
0.00726
0.01094
0.00792
0.00418
0.01456
0.00957
0.00786
0.00657
0.01472
0.01272
0.01464
0.01261
0.00625
0.00876
0.00674
0.00748
0.00764
0.00725
0.00809
0.01059
0.00874
0.00952
0.0118
0.01247
0.0077
0.00907
0.00538
0.01117
0.00788
0.0102
0.01483
0.01158
0.01152
0.00728
0.01082
0.01572
0.01208
0.00927
0.00973
0.00413
0.01028
0.00962
0.01066
0.01358
0.01352
0.01589
0.0115
0.0102
0.00886
0.01568
0.01425
0.01026
0.01116
0.01269
0.01434
0.01265
0.01325
0.01158
0.01063
0.00761
0.0154
0.01427
0.01238
0.01258
0.01234
0.01209
0.02226
0.01416
0.01834
