0.50125
0.50099
0.49639
0.50672
0.50005
0.50093
0.50131
0.50135
0.49992
0.50045
0.50084
0.50393
0.50183
0.50161
0.50109
0.50036
0.49962
0.50163
0.50137
0.5012
0.49958
0.50244
0.50261
0.50007
0.5008
0.50226
0.5004
0.50108
0.50194
0.49994
0.50243
0.50007
0.50107
0.50151
0.501
0.50293
0.50173
0.49991
0.50079
0.50023
0.50175
0.50032
0.50076
0.50007
0.50121
0.50094
0.50117
0.50005
0.50023
0.50155
0.50122
0.50076
0.50087
0.5003
0.50025
0.50084
0.50054
0.49941
0.50023
0.50122
0.50047
0.50042
0.50172
0.50094
0.50081
0.49979
0.50211
0.49969
0.49921
0.50095
0.50063
0.49973
0.50192
0.50171
0.49964
0.50121
0.50072
0.50025
0.50034
0.50111
0.49998
0.49966
0.50024
0.50091
0.50021
0.49925
0.49937
0.50089
0.50112
0.50035
0.50109
0.50035
0.5012
0.50048
0.49925
0.50014
0.5009
0.5012
0.50123
0.49982
0.49972
0.49958
0.50052
0.50144
0.50106
0.50031
0.49946
0.5002
0.50027
0.49985
0.49988
0.50154
0.50028
0.5005
0.50152
0.50021
0.49995
0.50058
0.49941
0.49907
0.50145
0.49977
0.49921
0.50007
0.50048
0.50041
0.50055
0.50032
0.49939
0.50011
0.50144
0.50039
0.5001
0.5005
0.50064
0.50091
0.49977
0.49952
0.49995
0.49954
0.50027
0.49977
0.49956
0.50083
0.4998
0.49988
0.50062
0.49993
0.50004
0.49977
0.49912
0.50001
0.5003
0.50054
0.49969
0.49883
0.5012
0.49915
0.49813
0.49946
0.50268
0.49879
0.49796
0.50156
0.50022
0.50229
0.50024
0.49967
0.49939
0.4992
0.50092
0.49976
0.49979
0.49965
0.50072
0.5007
0.50065
0.49838
0.49949
0.50012
0.50047
0.49976
0.50017
0.50106
0.4993
0.50049
0.49963
0.50056
0.50037
0.49943
0.49984
0.50068
0.50179
0.5002
0.49882
0.50007
0.49999
0.50091
0.50067
0.4973
0.50051
0.50064
0.49866
0.49981
0.50028
0.4996
0.5
0.49989
0.4995
0.50135
0.50048
0.49907
0.49853
0.50195
0.50074
0.49879
0.49798
0.50323
0.49903
0.49931
0.50093
0.50033
0.49982
0.5013
0.50078
0.49843
0.4992
0.50122
0.50047
0.49951
0.50028
0.49931
0.4997
0.4993
0.50038
0.50147
0.49977
0.499
0.50073
0.50059
0.50035
0.49938
0.49992
0.4998
0.49915
0.49993
0.50079
0.50001
0.4994
0.49919
0.49951
0.50088
0.5023
0.49803
0.49747
0.50242
0.50083
0.49665
0.50231
0.49928
0.49959
0.50131
0.49948
0.49984
0.50014
0.49959
0.4999
0.50055
0.49787
0.5
0.50094
0.49706
0.50049
0.5023
0.49746
0.50097
0.50116
0.49637
0.50174
0.50108
0.49902
0.50071
0.49955
0.49902
0.50061
0.50134
0.499
0.50012
0.49963
0.50015
0.50015
0.4996
0.50029
0.50032
0.49915
0.50092
0.50115
0.50024
0.49979
0.49906
0.50376
0.49642
0.50105
0.5003
0.49689
0.50291
0.49953
0.49906
0.50108
0.49998
0.49883
0.5006
0.49962
0.49912
0.50026
0.49923
0.50035
0.49908
0.49925
0.50041
0.50028
0.49984
0.50022
0.50012
0.50028
0.49929
0.49905
0.4983
0.50161
0.50029
0.49833
0.49907
0.50101
0.49939
0.49834
0.50257
0.49782
0.49953
0.5025
0.49894
0.50014
0.5006
0.49849
0.50091
0.49955
0.49988
0.49978
0.50111
0.49801
0.49936
0.50214
0.49854
0.50041
0.50022
0.4982
0.50162
0.49929
0.50015
0.49963
0.50011
0.49997
0.50069
0.50067
0.4988
0.5004
0.49969
0.49823
0.50206
0.49914
0.49924
0.49966
0.50107
0.50067
0.50018
0.49844
0.50219
0.4985
0.50044
0.49978
0.50185
0.49849
0.50158
0.49967
0.49977
0.49965
0.50053
0.49933
0.50043
0.49974
0.50046
0.49935
0.50025
0.50021
0.50079
0.50032
0.49864
0.50078
0.49917
0.49915
0.50158
0.50002
0.49992
0.5009
0.5007
0.49984
0.49894
0.4997
0.50074
0.50087
0.49956
0.49959
0.50074
0.49875
0.49962
0.50133
0.49865
0.49962
0.50167
0.49877
0.49797
0.50108
0.50078
0.49769
0.5011
0.5016
0.49684
0.49981
0.50153
0.49767
0.49869
0.50152
0.4973
0.50079
0.50057
0.49837
0.50131
0.49905
0.49948
0.49953
0.49985
0.50058
0.50011
0.49992
0.49953
0.49983
0.4989
0.5007
0.49968
0.50014
0.50012
0.50096
0.4995
0.50058
0.49949
0.50038
0.49956
0.50023
0.50032
0.49995
0.50005
0.49918
0.49893
0.49941
0.50013
0.50098
0.49947
0.49853
0.5002
0.50128
0.49898
0.49814
0.50241
0.49981
0.4973
0.50264
0.50028
0.49683
0.50026
0.50089
0.49831
0.50122
0.50009
0.49963
0.50063
0.50228
0.49811
0.49955
0.50109
0.49877
0.49995
0.50042
0.50078
0.49953
0.50039
0.50019
0.50016
0.50036
0.49955
0.49989
0.50025
0.49964
0.49974
0.50192
0.49914
0.50016
0.50089
0.49935
0.49989
0.50039
0.49971
0.49962
0.49941
0.49953
0.49911
0.50063
0.49958
0.49986
0.49928
0.50073
0.50091
0.49967
0.50025
0.50026
0.49998
0.49957
0.49931
0.49945
0.501
0.49822
0.49793
0.50053
0.50159
0.50008
0.49824
0.50117
0.49962
0.49911
0.50065
0.49974
0.50028
0.49973
0.50055
0.49986
0.49937
0.5002
0.49994
0.49911
0.49953
0.49957
0.5021
0.49998
0.50075
0.49898
0.49998
0.50011
0.49919
0.49964
0.50076
0.50026
0.49953
0.5002
0.50039
0.50062
0.50013
0.50015
0.5
0.49988
0.50006
0.50065
0.4994
0.50027
0.50008
0.49999
0.49936
0.49969
0.50007
0.4983
0.49982
0.50069
0.49858
0.49989
0.50025
0.50066
0.49949
0.49986
0.50097
0.50017
0.4995
0.50049
0.49961
0.49966
0.50011
0.49963
0.50059
0.49941
0.50001
0.49969
0.50042
0.50067
0.49901
0.50106
0.49966
0.49935
0.50048
0.50016
0.49838
0.49939
0.50055
0.49975
0.4988
0.50023
0.5005
0.50091
0.49936
0.50048
0.5
0.50017
0.50002
0.49977
0.49963
0.50086
0.50011
0.49983
0.50031
0.49767
0.49981
0.50106
0.50127
0.49836
0.49892
0.50059
0.50089
0.49756
0.50106
0.50034
0.49862
0.49992
0.50071
0.50074
0.49978
0.49886
0.50006
0.49941
0.49974
0.49854
0.49998
0.50045
0.49906
0.49945
0.50155
0.5004
0.49928
0.49962
0.50112
0.50087
0.49871
0.50018
0.50005
0.50063
0.50047
0.49998
0.49976
0.50007
0.49989
0.50009
0.501
0.49881
0.49942
0.50022
0.49967
0.49922
0.50001
0.50105
0.50018
0.50004
0.49925
0.50046
0.4999
0.50024
0.49913
0.50043
0.49881
0.50046
0.50122
0.50047
0.49801
0.50031
0.49996
0.49942
0.49908
0.50044
0.49971
0.5001
0.50034
0.49962
0.50071
0.49997
0.49885
0.5006
0.50025
0.49995
0.50031
0.50004
0.49992
0.49911
0.49969
0.50013
0.49977
0.49988
0.50059
0.50005
0.49924
0.50092
0.49959
0.50019
0.50034
0.49963
0.49989
0.50082
0.49953
0.49968
0.50004
0.50046
0.50041
0.50012
0.50045
0.49908
0.50053
0.50053
0.50104
0.50017
0.49962
0.5007
0.49974
0.49982
0.50115
0.50121
0.49896
0.49905
0.50068
0.49954
0.50023
0.49981
0.49962
0.49936
0.49932
0.4996
0.49961
0.50027
0.49982
0.49976
0.49954
0.50008
0.50122
0.49979
0.49976
0.50086
0.49925
0.50015
0.49943
0.49999
0.49885
0.50022
0.50025
0.49917
0.50082
0.5001
0.50035
0.49931
0.49986
0.49943
0.5004
0.50008
0.49984
0.49996
0.50024
0.49946
0.50073
0.50008
0.50027
0.50043
0.49879
0.49965
0.50007
0.50057
0.49993
0.49986
0.50027
0.50014
0.50081
0.49906
0.50026
0.49983
0.50042
0.49963
0.50105
0.49931
0.50061
0.49994
0.49933
0.49997
0.5013
0.49949
0.49935
0.49996
0.49982
0.50021
0.49945
0.50045
0.49954
0.49951
0.50007
0.50011
0.49956
0.49952
0.49979
0.49968
0.5003
0.50067
0.50009
0.49944
0.4993
0.49952
0.49942
0.49932
0.50039
0.50008
0.49951
0.49967
0.50127
0.49938
0.50139
0.50013
0.50031
0.50023
0.4999
0.49944
0.49922
0.5004
0.50062
0.49998
0.50019
0.49998
0.49967
0.50013
0.49952
0.50044
0.50095
0.50031
0.49946
0.50034
0.49914
0.49974
0.4999
0.49942
0.49939
0.49991
0.49957
0.49981
0.4996
0.49964
0.49987
0.5004
0.49993
0.49987
0.50018
0.4999
0.50016
0.50038
0.50018
0.49966
0.50024
0.50058
0.50017
0.49945
0.49995
0.50023
0.50006
0.50063
0.50011
0.50017
0.50054
0.49985
0.50046
0.49966
0.50029
0.49905
0.49946
0.4996
0.49952
0.50012
0.50026
0.49912
0.4994
0.49983
0.49958
0.49998
0.50023
0.49964
0.5001
0.50035
0.50009
0.50079
0.49923
0.49995
0.50009
0.50038
0.50009
0.50006
0.49965
0.49986
0.50069
0.50102
0.50058
0.49999
0.49958
0.49953
0.50096
0.50009
0.49976
0.49956
0.49945
0.50032
0.4993
0.49992
0.49935
0.50048
0.501
0.49947
0.49953
0.49973
0.50002
0.50058
0.49951
0.50005
0.5008
0.49985
0.49982
0.50013
0.49986
0.50026
0.50006
0.50038
0.50016
0.50015
0.49957
0.49945
0.49999
0.49952
0.50034
0.49967
0.49959
0.50039
0.49967
0.49969
0.50044
0.50002
0.50019
0.49996
0.49927
0.49979
0.49995
0.5005
0.4999
0.4997
0.49952
0.50086
0.49932
0.49962
0.49937
0.50014
0.50009
0.49995
0.49972
0.50109
0.50016
0.50069
0.50004
0.50005
0.49951
0.50053
0.50009
0.49999
0.4994
0.49902
0.49989
0.50021
0.49957
0.4996
0.49946
0.50065
0.49948
0.5001
0.49914
0.50024
0.49869
0.50005
0.49934
0.50021
0.49965
