0.5057
0.50319
0.49924
0.50769
0.50117
0.50207
0.50344
0.50292
0.50121
0.4998
0.50229
0.50383
0.50441
0.50157
0.50283
0.50053
0.50033
0.50166
0.50204
0.50184
0.50029
0.50203
0.50345
0.50035
0.50064
0.5028
0.50072
0.50086
0.50233
0.5003
0.50246
0.50034
0.50082
0.50187
0.50089
0.50317
0.50134
0.50048
0.50075
0.50043
0.50141
0.50068
0.50108
0.5002
0.50157
0.50097
0.50159
0.50006
0.50031
0.50085
0.50144
0.50029
0.50128
0.5004
0.50006
0.50081
0.5009
0.49966
0.50022
0.50102
0.50088
0.50068
0.50103
0.50149
0.50107
0.50016
0.5016
0.49978
0.49886
0.50106
0.50082
0.49971
0.50158
0.5014
0.5006
0.50097
0.50107
0.50041
0.50061
0.5009
0.50033
0.50009
0.49996
0.50074
0.50041
0.49927
0.49912
0.50103
0.50112
0.50056
0.50084
0.50045
0.50103
0.50033
0.49986
0.50031
0.50086
0.50107
0.5009
0.50024
0.49984
0.49933
0.50068
0.501
0.50095
0.50069
0.49999
0.50028
0.50014
0.49988
0.49987
0.50192
0.50031
0.50028
0.50198
0.50038
0.50051
0.50084
0.49972
0.49881
0.50141
0.49964
0.49939
0.50011
0.5006
0.50096
0.50003
0.50067
0.49949
0.49976
0.50134
0.50056
0.50024
0.50036
0.5007
0.50081
0.49989
0.49994
0.50006
0.49974
0.50007
0.49977
0.4996
0.50028
0.49993
0.5002
0.50063
0.49952
0.50037
0.49979
0.4989
0.50061
0.50025
0.50074
0.4998
0.49915
0.50085
0.49859
0.49926
0.50065
0.50233
0.4984
0.49848
0.50126
0.49988
0.50203
0.50052
0.49938
0.49909
0.4997
0.50118
0.49935
0.49953
0.49935
0.50099
0.50049
0.50072
0.49859
0.49917
0.50031
0.50053
0.50025
0.50073
0.50019
0.49879
0.50159
0.50019
0.50017
0.49994
0.49993
0.50031
0.50129
0.50133
0.4995
0.49918
0.50046
0.49997
0.50021
0.49994
0.49813
0.50099
0.50026
0.49849
0.5001
0.50011
0.49946
0.49991
0.49966
0.5001
0.50117
0.50027
0.49871
0.49947
0.50266
0.49921
0.49888
0.50005
0.50282
0.49805
0.50024
0.50146
0.49991
0.49972
0.50223
0.49962
0.49829
0.49987
0.50125
0.49983
0.49967
0.50047
0.49891
0.49973
0.49967
0.5008
0.50157
0.49985
0.49925
0.50077
0.50037
0.49988
0.49949
0.50006
0.49957
0.49936
0.50049
0.50095
0.49939
0.49958
0.49944
0.50021
0.5014
0.50153
0.49777
0.49874
0.50383
0.49919
0.49795
0.50211
0.49867
0.50017
0.50107
0.49961
0.50024
0.49964
0.50009
0.50024
0.49964
0.49886
0.50131
0.49949
0.49727
0.5014
0.50121
0.49743
0.50264
0.49981
0.4967
0.50254
0.50011
0.49968
0.50065
0.49904
0.49903
0.50151
0.50046
0.49926
0.50027
0.49937
0.50036
0.50024
0.49968
0.50006
0.49998
0.49927
0.50095
0.5012
0.49965
0.50018
0.50017
0.50264
0.49624
0.50269
0.49883
0.49867
0.50229
0.49915
0.49934
0.50124
0.49959
0.49923
0.50045
0.50003
0.49931
0.50011
0.49944
0.50008
0.49928
0.49962
0.50041
0.50003
0.49971
0.5003
0.50027
0.5008
0.49896
0.49873
0.49912
0.50202
0.49991
0.49767
0.50075
0.50161
0.4979
0.50056
0.50166
0.49774
0.50071
0.5016
0.49896
0.50122
0.49969
0.49879
0.50097
0.49898
0.5009
0.50027
0.50023
0.49872
0.5004
0.50095
0.4989
0.50138
0.49899
0.49955
0.50069
0.4996
0.5006
0.49927
0.50027
0.4998
0.50083
0.50039
0.49888
0.50016
0.49963
0.4986
0.50228
0.49891
0.49934
0.50022
0.50112
0.50076
0.49949
0.50016
0.50123
0.49832
0.50132
0.49992
0.5011
0.49942
0.50168
0.49925
0.49998
0.50007
0.5002
0.49976
0.50065
0.49969
0.50036
0.49917
0.50032
0.50033
0.50056
0.50019
0.49926
0.50051
0.49876
0.50033
0.50156
0.49949
0.50029
0.50124
0.50073
0.49969
0.49898
0.50003
0.50112
0.50028
0.49949
0.50035
0.50029
0.49845
0.50016
0.50114
0.49826
0.50017
0.50194
0.49852
0.49891
0.5012
0.4999
0.49873
0.50171
0.5004
0.49708
0.50145
0.50077
0.49702
0.50082
0.49999
0.49805
0.50148
0.49968
0.49868
0.50152
0.49887
0.49985
0.49886
0.50026
0.501
0.49954
0.50027
0.49967
0.49991
0.49864
0.50085
0.49962
0.50044
0.4998
0.5012
0.49975
0.50066
0.49946
0.50008
0.49952
0.50085
0.50027
0.49952
0.50035
0.49939
0.4992
0.49937
0.5005
0.5006
0.49935
0.49901
0.50081
0.50063
0.49878
0.499
0.50284
0.49895
0.49821
0.50299
0.4993
0.49741
0.50103
0.50007
0.49908
0.50162
0.49897
0.50017
0.5017
0.50127
0.49851
0.50026
0.49997
0.49946
0.49973
0.50092
0.50064
0.49961
0.50044
0.50021
0.50047
0.50009
0.49949
0.50032
0.50038
0.49899
0.50037
0.50177
0.49878
0.50123
0.50033
0.49933
0.50016
0.5005
0.49967
0.49988
0.49939
0.49922
0.49946
0.50067
0.49918
0.50021
0.49977
0.50069
0.50046
0.49998
0.50032
0.50015
0.50035
0.49933
0.49985
0.49938
0.50036
0.4982
0.49848
0.50119
0.50134
0.49939
0.49877
0.50161
0.49899
0.49939
0.50113
0.49967
0.50005
0.49979
0.50061
0.49987
0.4995
0.50036
0.50023
0.499
0.49948
0.49968
0.50265
0.49965
0.50081
0.49928
0.50016
0.49992
0.49908
0.50006
0.50083
0.49966
0.49957
0.5
0.50071
0.50089
0.50031
0.50001
0.49995
0.49973
0.50054
0.50059
0.49912
0.50071
0.50047
0.49991
0.49956
0.49963
0.49972
0.49821
0.50039
0.50026
0.49805
0.50094
0.50034
0.50048
0.49941
0.50032
0.50088
0.49982
0.49976
0.50043
0.49987
0.49981
0.50005
0.49977
0.5001
0.49966
0.50015
0.4996
0.50004
0.50048
0.49929
0.50113
0.49942
0.49952
0.50051
0.49986
0.49868
0.4994
0.50051
0.49933
0.49911
0.50015
0.5004
0.50109
0.49937
0.50039
0.50012
0.49992
0.50006
0.50014
0.50008
0.50123
0.50062
0.50003
0.49939
0.49816
0.50095
0.50088
0.5009
0.49864
0.49978
0.50052
0.50018
0.49802
0.50169
0.49982
0.49878
0.50045
0.50067
0.50049
0.49984
0.499
0.5006
0.49928
0.49896
0.49923
0.50022
0.49985
0.49893
0.50005
0.5016
0.49985
0.49953
0.50042
0.50118
0.50075
0.49861
0.50076
0.5004
0.50048
0.50018
0.50036
0.49963
0.49965
0.50019
0.50023
0.50075
0.49885
0.49951
0.50032
0.499
0.49966
0.50018
0.50135
0.49996
0.50044
0.49928
0.50075
0.4998
0.50069
0.49871
0.50074
0.49907
0.50099
0.50089
0.50004
0.4981
0.50114
0.49954
0.49918
0.49947
0.50065
0.49985
0.5
0.50044
0.49955
0.50052
0.4995
0.49957
0.5006
0.50039
0.50003
0.50015
0.50017
0.49964
0.49904
0.5
0.50051
0.49941
0.49995
0.50058
0.50008
0.49967
0.5013
0.49945
0.49956
0.50023
0.50013
0.5001
0.50087
0.49902
0.49983
0.50057
0.50034
0.50053
0.50023
0.50064
0.49915
0.50069
0.50065
0.50077
0.49999
0.49983
0.50084
0.49994
0.50009
0.50098
0.50131
0.49881
0.49943
0.50069
0.49977
0.50014
0.4999
0.49987
0.49901
0.49917
0.49991
0.49979
0.50002
0.50017
0.49982
0.49974
0.50015
0.50089
0.49996
0.50008
0.5006
0.49954
0.50054
0.49978
0.49987
0.49883
0.50007
0.50042
0.49921
0.50063
0.50014
0.5004
0.49941
0.49966
0.49916
0.50051
0.50006
0.49972
0.49957
0.50087
0.4999
0.50141
0.49953
0.5002
0.50008
0.49894
0.49977
0.50031
0.50061
0.49984
0.49957
0.5004
0.49996
0.50086
0.49911
0.50017
0.49967
0.50076
0.49972
0.50086
0.49902
0.50066
0.49993
0.49972
0.50001
0.50146
0.49987
0.49914
0.49979
0.49978
0.50057
0.49963
0.50027
0.49952
0.49987
0.50011
0.50026
0.49951
0.49961
0.49959
0.49971
0.50061
0.50084
0.50021
0.49956
0.49923
0.49991
0.49923
0.49937
0.50028
0.50039
0.49967
0.49944
0.50134
0.49968
0.50131
0.50016
0.50045
0.50025
0.49995
0.49902
0.49908
0.50083
0.50075
0.5
0.50032
0.50014
0.4996
0.50065
0.49972
0.50029
0.50071
0.50007
0.49969
0.50048
0.49926
0.49957
0.49999
0.49958
0.49942
0.49996
0.49968
0.49962
0.49981
0.49957
0.49997
0.50039
0.50004
0.49994
0.50028
0.49983
0.50045
0.50075
0.49996
0.4997
0.50012
0.50041
0.50012
0.49938
0.50006
0.50034
0.50019
0.50058
0.50032
0.50028
0.50062
0.49979
0.50038
0.49985
0.50003
0.49922
0.49978
0.49953
0.49962
0.5001
0.50048
0.49927
0.49956
0.4996
0.49995
0.50026
0.50019
0.49975
0.49991
0.50041
0.49985
0.50066
0.49938
0.50005
0.50041
0.50047
0.49997
0.5001
0.49952
0.50013
0.50064
0.5009
0.50063
0.49973
0.49971
0.49942
0.5012
0.50019
0.49946
0.49965
0.49923
0.50056
0.49923
0.50008
0.49942
0.50013
0.50104
0.49976
0.49976
0.49968
0.49994
0.50067
0.49949
0.49967
0.50112
0.4998
0.49981
0.50038
0.49988
0.50034
0.49992
0.50017
0.50004
0.50038
0.49957
0.49959
0.49988
0.49941
0.50077
0.49979
0.49955
0.50029
0.49985
0.49973
0.50033
0.50039
0.49973
0.5
0.49935
0.49997
0.49992
0.50059
0.49983
0.49986
0.49933
0.50078
0.49937
0.49992
0.49936
0.50037
0.49992
0.50017
0.49954
0.50109
0.5003
0.50064
0.49973
0.50019
0.49968
0.5007
0.49988
0.49987
0.49954
0.49917
0.49995
0.50024
0.49949
0.49991
0.49915
0.50075
0.49944
0.50037
0.49928
0.50023
0.49866
0.5002
0.49958
0.50026
0.49973
