0.49946
0.49743
0.49407
0.50248
0.49661
0.49915
0.49784
0.49895
0.49754
0.49695
0.50004
0.50068
0.50123
0.4977
0.49974
0.49799
0.49734
0.49855
0.49904
0.49936
0.49797
0.49935
0.50049
0.49797
0.49764
0.49981
0.4986
0.49813
0.49998
0.49802
0.50019
0.49877
0.49861
0.5002
0.4988
0.50125
0.49974
0.49891
0.49903
0.4989
0.49944
0.49875
0.49932
0.49839
0.50021
0.49943
0.50005
0.49904
0.49887
0.4995
0.50039
0.49894
0.4997
0.49901
0.49876
0.49937
0.49932
0.49807
0.4987
0.49948
0.49955
0.49913
0.50019
0.49985
0.49954
0.49907
0.50044
0.49867
0.4984
0.49977
0.49956
0.49843
0.50059
0.50054
0.49919
0.49982
0.49983
0.49957
0.49955
0.5
0.49913
0.49909
0.49935
0.49995
0.49962
0.4981
0.49846
0.49994
0.50022
0.49934
0.50021
0.49944
0.50004
0.49934
0.4992
0.49925
0.50012
0.50016
0.50033
0.49902
0.49889
0.4986
0.49992
0.50023
0.49996
0.49988
0.4992
0.49968
0.49973
0.49931
0.4994
0.50118
0.49975
0.49956
0.50114
0.49965
0.49932
0.50026
0.49921
0.49828
0.50042
0.49873
0.49882
0.49922
0.49977
0.50005
0.49959
0.49983
0.49861
0.49916
0.50047
0.49986
0.4994
0.49958
0.50021
0.50022
0.49947
0.49914
0.49934
0.49932
0.49934
0.49892
0.49878
0.49986
0.49946
0.49941
0.49989
0.49909
0.49971
0.49926
0.49848
0.50007
0.49996
0.50025
0.49902
0.49881
0.5003
0.49807
0.49858
0.49981
0.50148
0.49797
0.49794
0.50086
0.49965
0.50124
0.49976
0.49888
0.49872
0.49946
0.50077
0.49912
0.49894
0.49911
0.5008
0.49979
0.50003
0.49801
0.49881
0.49983
0.50026
0.49985
0.50027
0.50006
0.4986
0.50093
0.50014
0.49987
0.4995
0.49945
0.49977
0.50103
0.50099
0.49929
0.49898
0.50016
0.49974
0.49989
0.49968
0.4978
0.50058
0.49964
0.49819
0.49993
0.50001
0.49902
0.49972
0.49903
0.49996
0.5008
0.49983
0.49846
0.49894
0.50221
0.49867
0.49801
0.49977
0.50232
0.49772
0.49976
0.50117
0.49944
0.49929
0.5022
0.49949
0.49782
0.49937
0.50102
0.49936
0.49897
0.50016
0.49857
0.49931
0.49924
0.50019
0.50122
0.49976
0.49896
0.50056
0.50017
0.49962
0.4992
0.49964
0.49942
0.499
0.49979
0.50065
0.49918
0.49918
0.49905
0.49998
0.50114
0.50114
0.49759
0.49794
0.50349
0.49905
0.49764
0.50195
0.49832
0.49989
0.5006
0.49943
0.49995
0.4993
0.49969
0.50009
0.49937
0.49834
0.50097
0.49905
0.49696
0.50125
0.50106
0.49707
0.50238
0.49965
0.49655
0.50241
0.49994
0.4991
0.50058
0.49883
0.49906
0.50119
0.49998
0.49905
0.49999
0.49924
0.50011
0.49998
0.49952
0.49977
0.4995
0.4991
0.5008
0.50094
0.49941
0.5001
0.50019
0.50247
0.49613
0.50255
0.49857
0.49857
0.50177
0.49884
0.49926
0.50104
0.49943
0.49898
0.50016
0.49953
0.49921
0.49981
0.49927
0.49969
0.499
0.49922
0.50025
0.4998
0.49988
0.49994
0.50012
0.50055
0.49864
0.49851
0.49886
0.50163
0.49954
0.4974
0.50013
0.50113
0.4978
0.50027
0.50167
0.49755
0.50046
0.5013
0.49855
0.50114
0.49962
0.49884
0.50077
0.49875
0.50031
0.49993
0.50001
0.49817
0.50024
0.50058
0.49887
0.50117
0.49883
0.49931
0.50044
0.49929
0.50037
0.49928
0.49998
0.49956
0.5009
0.50016
0.49884
0.5001
0.49951
0.49832
0.50206
0.49858
0.49932
0.50012
0.50099
0.5004
0.49923
0.49969
0.50084
0.49827
0.50097
0.49975
0.50088
0.49917
0.50134
0.49895
0.49983
0.49976
0.50007
0.49967
0.50048
0.49943
0.50007
0.49922
0.50031
0.50018
0.50062
0.50025
0.49916
0.50036
0.49842
0.49985
0.50147
0.49925
0.50009
0.50091
0.50053
0.49956
0.499
0.49984
0.50091
0.49998
0.49928
0.50012
0.5002
0.49831
0.49993
0.50113
0.49822
0.50014
0.50171
0.49813
0.49871
0.50098
0.49985
0.49848
0.50152
0.50024
0.49695
0.50125
0.50047
0.49686
0.50048
0.49977
0.49768
0.50137
0.49966
0.49868
0.50129
0.49868
0.49969
0.49876
0.5001
0.50077
0.49934
0.49973
0.49971
0.49978
0.49848
0.50069
0.4996
0.5004
0.49971
0.50103
0.49964
0.50055
0.49956
0.50004
0.49948
0.50078
0.50012
0.4995
0.50004
0.49898
0.49925
0.49915
0.50014
0.50013
0.49919
0.49903
0.50052
0.50032
0.49879
0.49879
0.50262
0.49892
0.49803
0.50291
0.49903
0.49722
0.50098
0.49985
0.49888
0.50141
0.49908
0.50008
0.5014
0.50106
0.49831
0.5
0.50007
0.49923
0.49941
0.50055
0.50051
0.49925
0.50043
0.50013
0.50044
0.49972
0.49933
0.50011
0.5002
0.49897
0.5003
0.50173
0.49837
0.50115
0.50022
0.49925
0.5003
0.50044
0.49956
0.49966
0.49937
0.49927
0.49919
0.50061
0.49913
0.49975
0.49962
0.50062
0.50043
0.49981
0.50018
0.49996
0.50011
0.49909
0.49978
0.49935
0.50018
0.49807
0.49811
0.50101
0.50097
0.49942
0.49869
0.50164
0.49868
0.49943
0.50097
0.49966
0.49992
0.4999
0.50054
0.49961
0.49921
0.50034
0.49992
0.49895
0.4994
0.49954
0.50242
0.4995
0.50071
0.49912
0.50015
0.49977
0.49912
0.50007
0.50064
0.49972
0.4994
0.49999
0.50055
0.50068
0.50033
0.49989
0.49977
0.49968
0.50028
0.50053
0.49914
0.50047
0.50022
0.49987
0.49951
0.49939
0.49955
0.49812
0.50035
0.49986
0.49801
0.50066
0.50024
0.50036
0.49947
0.50003
0.50072
0.49972
0.4996
0.50023
0.49995
0.49983
0.50003
0.49946
0.50018
0.49951
0.50018
0.49949
0.50025
0.50041
0.4992
0.50099
0.49954
0.4995
0.50046
0.49966
0.49854
0.49941
0.50041
0.49929
0.49918
0.50023
0.50033
0.50096
0.49937
0.5004
0.50008
0.50006
0.49971
0.49997
0.50003
0.50116
0.50069
0.49956
0.49937
0.49799
0.50071
0.50072
0.50046
0.49853
0.49961
0.5006
0.50028
0.49789
0.50174
0.49968
0.49863
0.50032
0.50054
0.50043
0.4997
0.49885
0.50044
0.4992
0.49894
0.49923
0.50008
0.49985
0.4988
0.50011
0.50157
0.4998
0.49938
0.50034
0.50102
0.50067
0.49862
0.50053
0.50023
0.50029
0.5002
0.50038
0.49947
0.4997
0.50015
0.50004
0.5006
0.49883
0.49945
0.50037
0.49889
0.49963
0.50013
0.50135
0.49963
0.50056
0.49922
0.50077
0.49965
0.50045
0.49865
0.50073
0.49897
0.50094
0.50077
0.49999
0.49803
0.50135
0.49941
0.49913
0.49945
0.50034
0.49968
0.50013
0.50029
0.49962
0.5005
0.49935
0.49933
0.50077
0.50027
0.49999
0.49995
0.50009
0.49962
0.49895
0.49982
0.50037
0.49929
0.49988
0.50027
0.49998
0.49951
0.50108
0.49949
0.49948
0.50028
0.50004
0.50011
0.50083
0.4989
0.50001
0.50044
0.50037
0.50039
0.50007
0.50043
0.49883
0.50049
0.5006
0.50083
0.50006
0.49965
0.50074
0.49969
0.49982
0.5008
0.50119
0.49873
0.49941
0.5007
0.49971
0.50014
0.4998
0.49977
0.49892
0.49918
0.49985
0.49954
0.50021
0.49999
0.49981
0.49954
0.49996
0.50093
0.49976
0.50003
0.50053
0.49936
0.5005
0.4996
0.49981
0.49871
0.50001
0.50027
0.49901
0.50045
0.5002
0.50002
0.49945
0.49988
0.49904
0.50046
0.50015
0.49976
0.49941
0.50072
0.49977
0.50121
0.4997
0.50011
0.50011
0.4989
0.49958
0.50036
0.50048
0.49982
0.49942
0.50029
0.49996
0.50068
0.49908
0.49991
0.49967
0.50068
0.49942
0.50068
0.49901
0.50061
0.49983
0.49957
0.49992
0.5014
0.49978
0.49915
0.49996
0.49997
0.50047
0.49961
0.50041
0.49934
0.49975
0.50007
0.50024
0.4994
0.49953
0.49962
0.49961
0.50049
0.50071
0.49995
0.49951
0.49905
0.49983
0.4995
0.49941
0.50043
0.50029
0.49956
0.49967
0.50117
0.49935
0.50126
0.50024
0.50036
0.50009
0.50001
0.49893
0.49894
0.50057
0.50074
0.50013
0.50019
0.50003
0.49944
0.50066
0.49976
0.50018
0.50087
0.49995
0.49979
0.50052
0.49931
0.4997
0.49998
0.49923
0.49959
0.4999
0.49933
0.49948
0.49968
0.49976
0.4999
0.50024
0.50007
0.49987
0.50012
0.49973
0.50031
0.50066
0.50002
0.49969
0.50007
0.50036
0.50017
0.49942
0.5003
0.50033
0.50012
0.50057
0.50017
0.50026
0.50065
0.49966
0.50043
0.49964
0.49997
0.49923
0.4997
0.49946
0.49959
0.5001
0.50039
0.49925
0.49933
0.49966
0.49982
0.50031
0.50018
0.49966
0.49988
0.50037
0.49994
0.50052
0.49912
0.50009
0.50023
0.50055
0.50013
0.50013
0.49969
0.49988
0.5007
0.50081
0.5007
0.49994
0.49974
0.4994
0.50111
0.50031
0.49959
0.49962
0.49915
0.50039
0.49912
0.49993
0.49945
0.50035
0.50074
0.49976
0.49959
0.49956
0.49989
0.50074
0.49952
0.4998
0.50106
0.49969
0.49969
0.50022
0.49988
0.5005
0.49996
0.50018
0.49985
0.50039
0.49963
0.49941
0.49993
0.49945
0.50052
0.49982
0.4994
0.50027
0.49965
0.49973
0.50043
0.50034
0.49978
0.49996
0.49922
0.49993
0.49977
0.50056
0.49992
0.49975
0.49938
0.5008
0.49936
0.4997
0.49919
0.50034
0.49975
0.49998
0.4994
0.50116
0.50006
0.50057
0.49963
0.50008
0.49984
0.50055
0.50004
0.49993
0.49945
0.49924
0.50001
0.5003
0.49963
0.49978
0.49893
0.50079
0.4992
0.50033
0.49931
0.50017
0.49867
0.50009
0.49931
0.50026
0.4999
