0.69162
0.69195
0.70126
0.68058
0.69384
0.6921
0.6926
0.69126
0.69425
0.69298
0.69215
0.68603
0.69021
0.69077
0.69162
0.69302
0.69453
0.69062
0.6911
0.69137
0.69456
0.68889
0.68852
0.69355
0.69211
0.68913
0.69284
0.69147
0.68973
0.69369
0.68872
0.69346
0.69148
0.69062
0.69163
0.68778
0.69015
0.69381
0.69204
0.69315
0.69014
0.69295
0.69207
0.69342
0.69116
0.69171
0.69126
0.69347
0.69311
0.69047
0.69116
0.69206
0.69182
0.69296
0.69303
0.69186
0.69247
0.69472
0.69306
0.69107
0.69258
0.69266
0.69009
0.69162
0.69188
0.6939
0.6893
0.69412
0.69508
0.69156
0.69224
0.69404
0.68968
0.69007
0.6942
0.69104
0.69202
0.69296
0.69277
0.69122
0.69347
0.69411
0.69298
0.69162
0.69302
0.69494
0.69468
0.69167
0.69122
0.69275
0.69126
0.69273
0.69104
0.69249
0.69492
0.69316
0.69163
0.69104
0.69099
0.69378
0.69399
0.69425
0.69238
0.69055
0.69132
0.69279
0.69454
0.69302
0.69288
0.69368
0.69368
0.69037
0.69284
0.6924
0.69036
0.69295
0.69349
0.69225
0.69457
0.69524
0.69051
0.69384
0.69499
0.69329
0.69243
0.69259
0.69232
0.69276
0.69461
0.69316
0.69048
0.69257
0.69315
0.69236
0.69209
0.69155
0.69382
0.69431
0.69346
0.69428
0.69284
0.69381
0.69422
0.6917
0.69376
0.69361
0.69213
0.69349
0.69326
0.69382
0.69516
0.69336
0.69277
0.69227
0.69397
0.69569
0.69096
0.69509
0.69719
0.69453
0.68809
0.69586
0.69744
0.69023
0.69291
0.68879
0.69286
0.69399
0.69456
0.69498
0.69155
0.69384
0.6938
0.69407
0.69192
0.69196
0.69204
0.69659
0.69436
0.69311
0.6924
0.69386
0.69303
0.69125
0.69481
0.69241
0.69411
0.69226
0.69265
0.69451
0.69368
0.69201
0.68982
0.69307
0.69574
0.69323
0.69342
0.69159
0.69207
0.69883
0.69239
0.69211
0.69603
0.6937
0.69277
0.69415
0.69334
0.69355
0.69434
0.69067
0.6924
0.69524
0.69639
0.68953
0.69196
0.69586
0.69762
0.68694
0.69534
0.69477
0.69151
0.69268
0.69371
0.69077
0.69184
0.69651
0.69497
0.6909
0.69243
0.69431
0.69278
0.69473
0.69394
0.69473
0.69258
0.69039
0.6938
0.69533
0.69187
0.69216
0.69263
0.69455
0.6935
0.69373
0.69504
0.69347
0.69175
0.69333
0.69454
0.69495
0.69433
0.6916
0.68877
0.69732
0.69851
0.68862
0.69186
0.70007
0.6887
0.69476
0.69413
0.69068
0.69433
0.6936
0.69303
0.69412
0.6935
0.69224
0.69762
0.69344
0.69153
0.69925
0.69238
0.6888
0.69845
0.69148
0.69109
0.70065
0.68987
0.69121
0.6953
0.69189
0.69422
0.69532
0.69214
0.69068
0.69532
0.69306
0.69406
0.693
0.69299
0.69409
0.6928
0.69269
0.69498
0.69145
0.691
0.69284
0.69374
0.69525
0.6859
0.70056
0.69136
0.6929
0.69962
0.68754
0.69427
0.69519
0.69116
0.69336
0.69565
0.69209
0.69403
0.69505
0.69276
0.69482
0.6926
0.69514
0.6948
0.69247
0.69274
0.69361
0.69283
0.69304
0.69273
0.69472
0.69523
0.69675
0.6901
0.69274
0.69665
0.69524
0.69131
0.6946
0.69676
0.68822
0.69777
0.6943
0.68834
0.69541
0.69302
0.6921
0.69638
0.69155
0.69422
0.69355
0.69372
0.69107
0.69728
0.69459
0.68907
0.69621
0.69246
0.69287
0.69691
0.69009
0.69469
0.69295
0.69401
0.69306
0.69336
0.69189
0.69196
0.69568
0.69247
0.6939
0.69684
0.68918
0.69501
0.69479
0.69396
0.69116
0.69196
0.69299
0.69646
0.68895
0.6963
0.69242
0.69372
0.68964
0.6963
0.69013
0.69395
0.69375
0.69399
0.69223
0.69462
0.69241
0.69379
0.69237
0.69458
0.69278
0.69286
0.69172
0.69265
0.69602
0.69173
0.69497
0.695
0.69014
0.69324
0.69343
0.69147
0.69185
0.6936
0.6954
0.69388
0.69178
0.69154
0.69414
0.69408
0.6918
0.69576
0.69401
0.69061
0.696
0.69403
0.68993
0.69574
0.69735
0.69111
0.69177
0.69792
0.69111
0.69016
0.69966
0.69375
0.69029
0.69802
0.69602
0.69034
0.69869
0.69168
0.69214
0.69654
0.69066
0.69517
0.69429
0.69423
0.69356
0.6921
0.69305
0.69341
0.69417
0.69359
0.69547
0.69186
0.6939
0.69298
0.69304
0.69133
0.69428
0.69209
0.69428
0.6925
0.69414
0.69283
0.69262
0.69338
0.69318
0.69493
0.69541
0.69447
0.69302
0.69132
0.69433
0.69622
0.69286
0.69073
0.69534
0.69705
0.68849
0.69371
0.69872
0.68804
0.69278
0.69965
0.69277
0.69151
0.69665
0.69082
0.69312
0.69406
0.69206
0.68877
0.69705
0.69417
0.69111
0.69573
0.69338
0.69242
0.69169
0.69419
0.69246
0.69287
0.69294
0.69254
0.69414
0.69346
0.69275
0.69398
0.69379
0.68942
0.69498
0.69293
0.69146
0.69454
0.6935
0.69248
0.69381
0.69399
0.69442
0.6942
0.69504
0.69201
0.69411
0.69354
0.6947
0.6918
0.69144
0.69391
0.69276
0.69273
0.6933
0.69411
0.69463
0.69435
0.69127
0.69685
0.69741
0.69222
0.69011
0.69315
0.69679
0.69091
0.69403
0.69503
0.69197
0.69377
0.69271
0.6938
0.69216
0.69355
0.69452
0.69285
0.69338
0.69506
0.69422
0.69414
0.68907
0.69328
0.69175
0.69529
0.69328
0.69301
0.69487
0.694
0.69175
0.69275
0.6942
0.69288
0.69247
0.692
0.69298
0.69294
0.69327
0.69349
0.6931
0.69194
0.69444
0.6927
0.69309
0.69325
0.69452
0.69387
0.69311
0.69665
0.69364
0.69193
0.69614
0.69352
0.69275
0.69195
0.69427
0.69355
0.69132
0.69292
0.69424
0.69226
0.69402
0.69392
0.69303
0.69398
0.69206
0.69443
0.69323
0.69388
0.69244
0.69194
0.69524
0.69112
0.69392
0.69454
0.6923
0.69296
0.69649
0.69447
0.69216
0.69379
0.69566
0.6928
0.69228
0.69144
0.69453
0.69228
0.69326
0.69294
0.69322
0.69372
0.69404
0.69157
0.69308
0.69364
0.69271
0.69796
0.69371
0.69117
0.69076
0.69654
0.69543
0.69208
0.6915
0.69816
0.69113
0.69259
0.69602
0.69343
0.69181
0.69177
0.69369
0.69554
0.69312
0.69442
0.69379
0.69617
0.69331
0.69242
0.69514
0.69436
0.69015
0.69247
0.69471
0.69404
0.69102
0.69151
0.69583
0.69289
0.69315
0.69196
0.6923
0.69328
0.69371
0.69311
0.69345
0.69306
0.69125
0.69563
0.69441
0.69279
0.69391
0.69481
0.69323
0.69116
0.69287
0.69316
0.69474
0.69233
0.69344
0.69276
0.69498
0.69239
0.69562
0.69234
0.69084
0.69236
0.69729
0.69267
0.69334
0.69443
0.6951
0.69238
0.69382
0.69305
0.69257
0.694
0.69185
0.69335
0.69557
0.69206
0.69276
0.69336
0.69265
0.69317
0.69341
0.69503
0.69386
0.69297
0.69371
0.69349
0.69205
0.69316
0.69475
0.6914
0.69407
0.69287
0.69257
0.69399
0.69347
0.69161
0.69424
0.69391
0.69319
0.69232
0.69243
0.693
0.69235
0.69506
0.69217
0.69217
0.69117
0.69292
0.69402
0.69183
0.69375
0.69358
0.69092
0.69081
0.69533
0.69516
0.69186
0.69416
0.69278
0.69361
0.69399
0.69453
0.69462
0.69404
0.69403
0.69273
0.69361
0.69373
0.69415
0.69307
0.69082
0.69365
0.69373
0.69153
0.69474
0.69295
0.69438
0.69327
0.69554
0.6928
0.69274
0.69489
0.69162
0.69305
0.69253
0.69461
0.69351
0.69439
0.69244
0.6931
0.69357
0.69334
0.69275
0.69435
0.69181
0.69308
0.69271
0.69239
0.69569
0.69396
0.69312
0.69212
0.69339
0.69354
0.69271
0.69297
0.69163
0.69513
0.69275
0.69358
0.69239
0.69398
0.69113
0.69462
0.69201
0.69337
0.69458
0.69333
0.69065
0.69426
0.69454
0.69336
0.69362
0.69283
0.69434
0.69234
0.69417
0.69422
0.69311
0.69302
0.69412
0.6942
0.69365
0.69389
0.69264
0.6919
0.69306
0.69436
0.69464
0.69419
0.6944
0.69465
0.69249
0.69308
0.69422
0.69391
0.69072
0.69448
0.69045
0.69297
0.69263
0.69277
0.69348
0.69444
0.69485
0.69244
0.69198
0.69327
0.69286
0.69329
0.69391
0.69298
0.6942
0.69234
0.69134
0.69263
0.69432
0.69257
0.69499
0.69378
0.69345
0.6944
0.69445
0.69341
0.6941
0.69363
0.69404
0.69396
0.69351
0.69242
0.69338
0.69348
0.69285
0.69343
0.6929
0.69247
0.69286
0.69391
0.69273
0.69207
0.69289
0.69433
0.69333
0.69278
0.69312
0.69197
0.69302
0.6929
0.69217
0.69355
0.69232
0.69391
0.69268
0.69515
0.69432
0.69403
0.69419
0.693
0.69272
0.69499
0.69443
0.69357
0.69408
0.69329
0.69279
0.69395
0.69304
0.69253
0.69307
0.69167
0.69476
0.69331
0.69304
0.69245
0.69306
0.69311
0.69395
0.69353
0.69186
0.69118
0.69206
0.69326
0.69408
0.69417
0.69132
0.69306
0.69375
0.69414
0.69436
0.69261
0.69464
0.69338
0.69453
0.69228
0.69125
0.69428
0.69417
0.69376
0.69319
0.69208
0.69422
0.69313
0.69163
0.69353
0.69358
0.69297
0.69349
0.69271
0.6931
0.69248
0.69291
0.69294
0.6941
0.69434
0.69325
0.69419
0.69256
0.6939
0.69407
0.69246
0.6939
0.69384
0.69235
0.69319
0.69287
0.69332
0.6947
0.69365
0.69334
0.69225
0.69344
0.69384
0.69421
0.69152
0.6946
0.69399
0.69449
0.69295
0.69306
0.69333
0.69381
0.69106
0.69291
0.69187
0.69317
0.69313
0.69422
0.69218
0.69306
0.69325
0.69445
0.69522
0.69349
0.69287
0.69413
0.69404
0.69433
0.69195
0.69427
0.69302
0.69495
0.69276
0.69586
0.69314
0.69456
0.69281
0.69396
