1.40123
1.39974
1.39868
1.39872
1.3973
1.39395
1.40001
1.39601
1.39602
1.39359
1.3924
1.39425
1.39426
1.39606
1.39396
1.39272
1.39373
1.39403
1.39381
1.3926
1.39223
1.39293
1.3935
1.39227
1.39347
1.39338
1.3916
1.39279
1.39201
1.3918
1.39176
1.3904
1.39172
1.39061
1.39148
1.39111
1.39051
1.39043
1.3907
1.39029
1.39126
1.39117
1.39075
1.39082
1.38989
1.3903
1.39034
1.38927
1.39012
1.38991
1.38935
1.38992
1.39028
1.38996
1.38973
1.39002
1.39028
1.3903
1.39011
1.39012
1.38978
1.39014
1.38875
1.39034
1.39011
1.38919
1.3894
1.38927
1.38799
1.38958
1.38955
1.38961
1.38906
1.38874
1.38988
1.38928
1.38947
1.38865
1.38907
1.38875
1.38934
1.38889
1.38816
1.38853
1.38848
1.38924
1.38822
1.38912
1.38877
1.38939
1.38817
1.38895
1.3889
1.38891
1.38823
1.38904
1.38837
1.38877
1.38807
1.38937
1.38881
1.38837
1.38841
1.38846
1.38887
1.3885
1.38852
1.38809
1.38772
1.38799
1.38782
1.38841
1.38798
1.38831
1.38854
1.38827
1.38923
1.38803
1.38787
1.38787
1.38884
1.38868
1.38801
1.38871
1.38852
1.38868
1.38774
1.38853
1.38856
1.38796
1.3885
1.38814
1.38844
1.38834
1.38779
1.38795
1.38761
1.38836
1.38821
1.38762
1.38825
1.38846
1.38838
1.38759
1.38769
1.38831
1.38824
1.38758
1.38807
1.3878
1.38765
1.38785
1.3874
1.38773
1.3883
1.38742
1.38787
1.38785
1.38833
1.38858
1.38869
1.38773
1.38786
1.38757
1.3872
1.38837
1.38825
1.38777
1.38749
1.38727
1.38762
1.38723
1.38796
1.38722
1.38714
1.38817
1.38812
1.38788
1.38745
1.3877
1.38726
1.38758
1.3877
1.38706
1.38721
1.38817
1.38688
1.38737
1.38768
1.3877
1.38785
1.38732
1.38751
1.38733
1.38722
1.38735
1.38729
1.38748
1.38734
1.38754
1.38766
1.38806
1.38733
1.38703
1.38693
1.38763
1.38711
1.38796
1.38698
1.38749
1.38764
1.38728
1.38799
1.38774
1.38794
1.38862
1.38771
1.38784
1.38744
1.38777
1.38732
1.38764
1.38757
1.38683
1.38711
1.38772
1.38776
1.38718
1.38766
1.38808
1.3873
1.3874
1.38753
1.38754
1.38796
1.38738
1.38689
1.38727
1.38709
1.38711
1.38719
1.38723
1.38753
1.38699
1.38744
1.38809
1.38728
1.38713
1.3875
1.38747
1.38719
1.38724
1.38759
1.38713
1.38849
1.38758
1.38734
1.38741
1.38703
1.38737
1.38719
1.38758
1.387
1.38718
1.38732
1.3874
1.38691
1.38724
1.38776
1.38752
1.38777
1.38736
1.38699
1.38709
1.38749
1.38737
1.38719
1.38709
1.38696
1.38708
1.38787
1.38679
1.38709
1.38667
1.38739
1.38768
1.38706
1.38716
1.3869
1.38713
1.38713
1.38695
1.38733
1.38766
1.38695
1.3869
1.38713
1.38712
1.38683
1.38668
1.38719
1.38702
1.38722
1.38753
1.38706
1.3878
1.38726
1.38679
1.38705
1.38698
1.38715
1.38719
1.38758
1.38678
1.38716
1.38692
1.38739
1.38717
1.3874
1.38693
1.38705
1.38623
1.3873
1.38691
1.38709
1.38726
1.38711
1.38723
1.38744
1.38743
1.38716
1.38803
1.38761
1.38695
1.38749
1.38673
1.3872
1.38723
1.38729
1.38742
1.38678
1.38674
1.38657
1.38714
1.38708
1.3878
1.38726
1.38705
1.38769
1.38693
1.38744
1.38669
1.38702
1.38699
1.38711
1.38721
1.38717
1.38699
1.38654
1.38716
1.38705
1.38644
1.38703
1.38663
1.38668
1.38684
1.38714
1.38704
1.38725
1.38658
1.38678
1.38684
1.38736
1.38715
1.38763
1.3875
1.38672
1.38731
1.38692
1.38712
1.38712
1.38726
1.38719
1.38691
1.38724
1.38685
1.38675
1.38691
1.38709
1.38716
1.38647
1.38662
1.38689
1.38651
1.38646
1.38681
1.38691
1.3873
1.3876
1.38679
1.38705
1.38697
1.3872
1.38693
1.38681
1.38653
1.38697
1.38696
1.38717
1.38698
1.38701
1.38677
1.38684
1.387
1.38659
1.3867
1.38665
1.38701
1.38735
1.38699
1.38701
1.38674
1.38713
1.38702
1.38706
1.38691
1.38712
1.38731
1.38704
1.38752
1.3873
1.3874
1.38676
1.3866
1.38658
1.38702
1.38691
1.38683
1.38682
1.38689
1.38701
1.38696
1.3876
1.38643
1.38679
1.38687
1.38685
1.38657
1.3866
1.38676
1.38688
1.38678
1.38675
1.38631
1.38661
1.38661
1.38674
1.38687
1.38662
1.38719
1.3874
1.38648
1.38702
1.38731
1.38751
1.38686
1.38654
1.38713
1.38723
1.38653
1.38708
1.38708
1.38669
1.38704
1.38679
1.38723
1.38699
1.38669
1.38704
1.38699
1.38695
1.38638
1.38682
1.38725
1.38707
1.38697
1.38706
1.38636
1.38701
1.3872
1.38728
1.38678
1.38724
1.38654
1.3867
1.38659
1.38728
1.38682
1.38692
1.38686
1.38656
1.38667
1.38665
1.38736
1.3867
1.38673
1.38664
1.38625
1.38663
1.38671
1.38692
1.38655
1.38644
1.38708
1.38663
1.38664
1.38743
1.38683
1.38665
1.38661
1.38686
1.38683
1.38691
1.38699
1.38698
1.38662
1.38656
1.38692
1.38686
1.38731
1.38691
1.38732
1.38654
1.38674
1.38645
1.38718
1.38643
1.38687
1.38656
1.38681
1.38633
1.38667
1.38706
1.38711
1.38659
1.38714
1.38664
1.38673
1.38682
1.38704
1.38682
1.38671
1.38682
1.3865
1.3868
1.38641
1.38653
1.38692
1.38645
1.38688
1.38657
1.38686
1.38692
1.38645
1.38674
1.3869
1.38659
1.387
1.38658
1.38645
1.38697
1.38696
1.38657
1.38659
1.38699
1.38683
1.3867
1.38661
1.38743
1.38665
1.38717
1.38673
1.38676
1.38641
1.38709
1.38684
1.38671
1.38681
1.38687
1.38634
1.38647
1.38657
1.38715
1.38633
1.3868
1.38645
1.38676
1.38613
1.38671
1.3867
1.38677
1.38627
1.38654
1.38661
1.38695
1.38678
1.3865
1.38672
1.38664
1.38639
1.38636
1.38669
1.3868
1.38651
1.3865
1.38661
1.38628
1.38724
1.38685
1.38666
1.38671
1.38645
1.38754
1.38666
1.38691
1.38712
1.38689
1.38746
1.38674
1.38689
1.38638
1.38637
1.38685
1.38643
1.38681
1.38683
1.38679
1.38677
1.38661
1.38677
1.38683
1.3868
1.38667
1.38658
1.38653
1.38682
1.38664
1.38681
1.38642
1.38661
1.38665
1.38685
1.38673
1.38684
1.38668
1.38649
1.38696
1.38684
1.38684
1.38643
1.38646
1.38681
1.38639
1.38656
1.38685
1.38682
1.38655
1.38662
1.38639
1.38674
1.38656
1.38663
1.38655
1.38715
1.38626
1.38659
1.38645
1.3868
1.38697
1.38661
1.38651
1.38671
1.38663
1.3868
1.38666
1.38676
1.38618
1.38681
1.38664
1.38656
1.38714
1.38683
1.38625
1.38683
1.38637
1.38658
1.38689
1.38704
1.38619
1.38677
1.38658
1.38694
1.38666
1.38653
1.38669
1.38686
1.38676
1.38673
1.38661
1.38711
1.38671
1.38679
1.38691
1.38641
1.38665
1.38638
1.38669
1.38647
1.38658
1.38686
1.38621
1.3868
1.38644
1.38679
1.38682
1.38692
1.38712
1.38684
1.38658
1.38639
1.38639
1.38688
1.38671
1.38696
1.387
1.38681
1.38669
1.38664
1.38656
1.38645
1.38662
1.38648
1.38667
1.38669
1.3867
1.38652
1.38663
1.38703
1.38618
1.38688
1.3865
1.38689
1.38685
1.38646
1.38689
1.38662
1.38669
1.38685
1.38659
1.38687
1.38664
1.38673
1.38658
1.38679
1.38689
1.38687
1.3864
1.38726
1.38639
1.38603
1.38675
1.38657
1.38631
1.38642
1.38682
1.38679
1.38683
1.38693
1.38616
1.38666
1.38645
1.38661
1.38689
1.38641
1.38681
1.38656
1.38682
1.38672
1.38649
1.38686
1.38656
1.38703
1.38649
1.38665
1.38706
1.38684
1.3865
1.38656
1.38671
1.3868
1.38675
1.38666
1.38666
1.38645
1.38625
1.38611
1.38671
1.38652
1.3862
1.38685
1.38673
1.38656
1.38652
1.38669
1.38664
1.38639
1.38667
1.38671
1.38677
1.38698
1.38657
1.38684
1.38663
1.38596
1.3865
1.38626
1.3867
1.38671
1.38606
1.38688
1.38715
1.38657
1.38632
1.38667
1.38679
1.38647
1.38683
1.38687
1.38701
1.38648
1.38621
1.38674
1.38671
1.38682
1.38649
1.38642
1.38669
1.38618
1.38676
1.38631
1.38643
1.38645
1.38627
1.38657
1.38721
1.38614
1.38662
1.38719
1.38677
1.38674
1.38612
1.38667
1.38675
1.38643
1.38662
1.38677
1.38666
1.38674
1.38663
1.38632
1.38648
1.38656
1.38656
1.38638
1.38638
1.38601
1.38653
1.38661
1.3865
1.38677
1.38652
1.38643
1.38674
1.38638
1.3869
1.38663
1.3865
1.38664
1.38664
1.38653
1.38647
1.38668
1.38652
1.38694
1.38636
1.38674
1.3864
1.38651
1.38664
1.38656
1.38658
1.38633
1.38679
1.38698
1.38637
1.38681
1.38628
1.38615
1.3864
1.38614
1.38699
1.38635
1.38665
1.38633
1.38606
1.38643
1.38652
1.38666
1.38625
1.38628
1.3866
1.38668
1.38686
1.38671
1.38677
1.38641
1.38606
1.3871
1.38648
1.38682
1.3867
1.38659
1.38635
1.3864
1.3862
1.3866
1.38668
1.38669
1.38677
1.38647
1.38615
1.38638
1.38648
1.38686
1.38645
1.38636
1.38686
1.38636
1.3864
1.387
1.38641
1.38679
1.38653
1.38686
1.38647
1.38626
1.38657
1.38639
1.38655
1.38673
1.38657
1.38679
1.38653
1.38628
1.38669
1.38641
1.38644
1.38652
1.38692
1.38682
1.38652
1.38681
1.38684
1.38676
1.38634
1.38694
1.38665
1.38669
1.38672
1.38616
1.38678
1.38614
1.38634
1.38668
1.38637
1.38643
1.38646
1.38628
1.38675
1.38694
1.38643
1.38697
1.38652
1.3864
1.38661
1.38646
1.3867
1.387
1.38646
1.3862
