0.77583
0.55509
0.53056
0.56335
0.52185
0.595
0.66765
0.6548
0.65413
0.6356
0.60492
0.6144
0.59046
0.58733
0.58919
0.58508
0.57934
0.5958
0.61304
0.62193
0.62
0.6421
0.63677
0.63454
0.65087
0.66175
0.68391
0.6682
0.68666
0.67636
0.6828
0.66441
0.67462
0.64808
0.65448
0.63904
0.63611
0.63793
0.64253
0.64316
0.62917
0.63033
0.63229
0.63813
0.627
0.63884
0.62666
0.64162
0.63101
0.64353
0.64271
0.64069
0.63737
0.65004
0.64565
0.64284
0.64995
0.64205
0.65703
0.64767
0.65852
0.65025
0.65666
0.66029
0.65771
0.6546
0.65815
0.65903
0.66912
0.65624
0.66874
0.66846
0.66451
0.67686
0.66461
0.67662
0.67117
0.68185
0.6738
0.68569
0.66957
0.68909
0.68782
0.69402
0.69127
0.70027
0.69402
0.70209
0.69059
0.71271
0.70679
0.71536
0.71368
0.72211
0.71053
0.73319
0.7276
0.73285
0.73097
0.74073
0.74663
0.7437
0.73701
0.75522
0.76395
0.75789
0.75528
0.75462
0.76502
0.76466
0.76936
0.76083
0.75881
0.774
0.78625
0.76182
0.78784
0.77388
0.77877
0.79984
0.80073
0.7887
0.78856
0.78358
0.79038
0.79703
0.79791
0.81191
0.79054
0.79076
0.83128
0.79022
0.7895
0.80009
0.80999
0.8109
0.82557
0.78263
0.79669
0.82678
0.81498
0.80482
0.79872
0.8073
0.83879
0.80162
0.79645
0.85301
0.79058
0.81432
0.8226
0.82066
0.80434
0.82327
0.80785
0.83791
0.84924
0.81742
0.82394
0.82607
0.84709
0.85049
0.8161
0.82503
0.84804
0.83625
0.83975
0.83768
0.81852
0.85016
0.83413
0.82587
0.85153
0.83326
0.82947
0.85792
0.83569
0.82952
0.86936
0.83403
0.83672
0.85467
0.83441
0.82476
0.85407
0.85676
0.83064
0.82966
0.85036
0.8533
0.82878
0.86451
0.84808
0.85313
0.83063
0.86995
0.83952
0.82923
0.87567
0.84345
0.83603
0.88155
0.84278
0.84215
0.86994
0.83702
0.88248
0.83534
0.89088
0.88339
0.86005
0.83753
0.88099
0.84682
0.89963
0.82635
0.88849
0.8509
0.85652
0.8935
0.85609
0.89384
0.8368
0.89426
0.84226
0.88262
0.85302
0.87307
0.86334
0.8989
0.85217
0.89435
0.8607
0.84442
0.89865
0.85118
0.88915
0.87632
0.8886
0.87774
0.84749
0.89376
0.86102
0.90525
0.85971
0.90878
0.87964
0.86145
0.86812
0.90264
0.86749
0.90935
0.85452
0.90048
0.86665
0.90032
0.86234
0.89328
0.8854
0.90091
0.86979
0.88899
0.86774
0.91408
0.88265
0.89155
0.88788
0.89074
0.87551
0.89648
0.86187
0.90625
0.86646
0.91196
0.89524
0.88093
0.88259
0.89023
0.91852
0.87242
0.89727
0.89384
0.87485
0.90787
0.85979
0.91303
0.86271
0.91644
0.8698
0.91077
0.88955
0.88222
0.87947
0.91024
0.90754
0.86825
0.89807
0.90588
0.90656
0.88063
0.89
0.89931
0.9002
0.88942
0.89227
0.90442
0.90018
0.89235
0.91221
0.87885
0.91574
0.89042
0.895
0.91763
0.86712
0.91644
0.89087
0.88482
0.91888
0.89835
0.89675
0.90552
0.89656
0.90488
0.8901
0.89603
0.89243
0.9243
0.89346
0.90416
0.91776
0.87871
0.91612
0.8911
0.9182
0.89268
0.89414
0.91575
0.89204
0.90561
0.9195
0.88422
0.89401
0.92788
0.8874
0.91711
0.9006
0.9097
0.91297
0.90939
0.91045
0.89331
0.92884
0.89061
0.92449
0.88308
0.9281
0.90346
0.91917
0.87688
0.91577
0.90969
0.90817
0.91871
0.89398
0.89057
0.92264
0.88538
0.92109
0.9187
0.88492
0.8858
0.91148
0.91669
0.8916
0.92233
0.87842
0.89955
0.90078
0.89377
0.92068
0.92073
0.90022
0.89311
0.89869
0.92012
0.88475
0.91608
0.88937
0.89968
0.91831
0.89189
0.92329
0.91165
0.89564
0.89797
0.90215
0.9214
0.89395
0.92382
0.88978
0.91344
0.91713
0.89149
0.91731
0.92302
0.90209
0.91145
0.91218
0.89788
0.93592
0.88885
0.92486
0.92033
0.90023
0.91428
0.92796
0.89762
0.91605
0.91794
0.91919
0.92176
0.90282
0.92845
0.93051
0.88944
0.93564
0.92282
0.89381
0.93501
0.90622
0.92286
0.93248
0.89974
0.93669
0.90574
0.93196
0.89854
0.94451
0.906
0.90991
0.92381
0.93034
0.89884
0.93892
0.90854
0.93015
0.93356
0.91274
0.91076
0.93371
0.93501
0.90585
0.91862
0.92786
0.93203
0.93646
0.9064
0.93109
0.93041
0.91361
0.9475
0.90661
0.92776
0.92734
0.9142
0.9421
0.9237
0.93142
0.93625
0.94641
0.90793
0.93902
0.93716
0.93323
0.9226
0.94406
0.91266
0.93364
0.94515
0.92063
0.93831
0.9398
0.93531
0.93911
0.90213
0.95894
0.90808
0.94232
0.93536
0.92074
0.93176
0.94508
0.93875
0.94616
0.90753
0.93997
0.94216
0.93256
0.9446
0.94149
0.9182
0.9471
0.94002
0.93712
0.93041
0.95095
0.93011
0.92974
0.94665
0.94681
0.91647
0.94885
0.94584
0.91413
0.94325
0.94677
0.95428
0.94613
0.93335
0.92618
0.94998
0.95339
0.93656
0.91633
0.94704
0.94876
0.94403
0.91947
0.94846
0.95099
0.93209
0.94381
0.95128
0.95026
0.94687
0.94689
0.92675
0.94669
0.9583
0.94691
0.9212
0.95209
0.94802
0.94795
0.93559
0.94759
0.94992
0.95076
0.94521
0.95262
0.92872
0.95456
0.95197
0.94787
0.94308
0.92349
0.95224
0.94521
0.94483
0.95802
0.94312
0.93697
0.95143
0.95275
0.94989
0.95282
0.95458
0.94977
0.94148
0.9599
0.9431
0.9242
0.96786
0.94684
0.94882
0.94731
0.93256
0.9597
0.95219
0.96043
0.95455
0.94582
0.93805
0.95133
0.95546
0.95299
0.96621
0.9503
0.9524
0.93587
0.95328
0.94967
0.95094
0.9591
0.95011
0.96431
0.95142
0.93843
0.95049
0.95285
0.95851
0.9572
0.95154
0.9539
0.96016
0.95414
0.96759
0.95153
0.95469
0.9614
0.95972
0.95412
0.95415
0.95461
0.95927
0.93431
0.9541
0.95296
0.95304
0.95779
0.9592
0.96259
0.96339
0.95378
0.96037
0.94743
0.95085
0.96484
0.95352
0.9561
0.96555
0.94256
0.97292
0.96149
0.93803
0.95391
0.95673
0.96409
0.95657
0.95928
0.95243
0.96781
0.95494
0.95908
0.96037
0.95509
0.9587
0.95649
0.96358
0.95567
0.95664
0.95144
0.96187
0.95172
0.96
0.95312
0.9594
0.94633
0.94885
0.98676
0.94412
0.97364
0.95269
0.95412
0.95436
0.95519
0.9363
0.96071
0.95903
0.98871
0.93612
0.96807
0.96304
0.94893
0.95729
0.96376
0.96103
0.95684
0.95702
0.9707
0.95114
0.96157
0.95291
0.96185
0.96601
0.9593
0.95042
0.95675
0.96067
0.96659
0.95921
0.95583
0.95713
0.96142
0.96673
0.96641
0.9542
0.9794
0.94716
0.95607
0.96388
0.95445
0.98908
0.94273
0.98614
0.93495
0.98487
0.93606
0.96415
0.96491
0.96549
0.97163
0.96096
0.96113
0.96074
0.96892
0.96443
0.95965
0.96226
0.96449
0.9677
0.95635
0.95842
0.96075
0.99001
0.96069
0.96544
0.95849
0.97366
0.96783
0.95901
0.95789
0.95496
0.96292
0.97289
0.96402
0.96999
0.96591
0.9552
0.95042
0.97099
0.96344
0.96532
0.96327
0.965
0.97383
0.95981
0.95961
0.97732
0.95195
0.97798
0.95155
0.96601
0.96322
0.95899
0.9627
0.96505
0.98548
0.96765
0.94889
0.96553
0.98172
0.95913
0.96639
0.96378
0.96848
0.96465
0.97095
0.96239
0.97321
0.97095
0.9622
0.9554
0.95927
0.96922
0.96471
0.96839
0.96281
0.969
0.9678
0.96507
0.96649
0.96701
0.97086
0.9665
0.96289
0.9687
0.98365
0.96901
0.96068
0.96692
0.96219
0.97056
0.95803
0.9714
0.96588
0.96457
0.9912
0.96699
0.9679
0.96387
0.96617
0.972
0.96241
0.9726
0.96282
0.95416
0.97262
0.97506
0.96431
0.96581
0.97172
0.96578
0.96878
0.96744
0.96833
0.96711
0.98762
0.97345
0.96476
0.96904
0.9639
0.968
0.97083
0.97362
0.96849
0.95928
0.97044
0.96463
0.96067
0.96915
0.96405
0.96603
0.96232
0.99064
0.96689
0.96632
0.9691
0.96413
0.95344
0.97445
0.97189
0.97437
0.97543
0.96366
0.97817
0.97025
0.96012
0.97677
0.96072
0.9792
0.9714
0.97275
0.96856
0.97172
0.96706
0.96083
0.99397
0.96312
0.97167
0.97046
0.97172
0.97015
0.96801
0.97083
0.96961
0.96929
0.97397
0.96882
0.96751
0.97661
0.96553
0.96587
0.957
0.97259
0.96816
0.98446
0.96932
0.97099
0.97466
0.96485
0.96533
0.97614
0.9604
0.98413
0.97005
0.97366
0.97374
0.96193
0.9923
0.96888
0.95827
0.96756
0.99261
0.96962
0.96919
0.96451
0.97859
0.96463
0.96032
0.98335
0.97358
0.97031
0.96102
0.95695
0.99742
0.95431
0.97166
0.97365
0.97495
0.96555
0.97035
0.97173
0.99426
0.96709
0.97078
0.96472
0.96813
0.97005
0.96928
0.96915
0.97351
0.96991
0.97093
0.97193
0.96765
0.97334
0.96983
0.97079
0.99233
0.96814
0.96297
0.96771
0.96342
0.9724
0.98659
0.9707
0.96456
0.96031
0.96839
0.97291
0.96461
0.97178
0.97497
0.96932
0.97559
0.96563
0.97983
0.97282
0.97408
0.98578
0.96898
0.96428
0.9703
0.96891
0.96758
0.97641
0.9729
0.97123
0.9645
0.97327
0.98065
0.96415
0.97469
0.97175
0.97646
0.98022
0.9753
0.96618
0.97046
0.97175
0.97633
0.96624
0.96462
0.9896
0.98129
0.96884
0.97135
0.96915
0.98192
0.95909
0.9705
0.96817
0.99341
0.96382
0.97585
0.96757
0.96204
0.96599
0.96946
0.96821
0.97792
0.9762
0.97537
0.97842
0.97638
0.9772
0.96976
0.96949
