1.72807
2.15273
1.79369
1.53406
1.51718
1.28467
1.07862
1.16136
1.15249
1.19119
1.25807
1.24608
1.27532
1.29005
1.25156
1.28762
1.26099
1.22929
1.15398
1.15784
1.12853
1.10205
1.11226
1.11972
1.05936
1.00498
0.95708
0.98996
0.94509
0.96433
0.98404
1.0418
1.00748
1.05831
1.07521
1.09541
1.13765
1.09792
1.07505
1.09374
1.1024
1.15257
1.09911
1.10675
1.11626
1.11214
1.13669
1.08407
1.09282
1.07886
1.04579
1.0841
1.07471
1.04796
1.06062
1.04997
1.072
1.05929
1.03595
1.04323
1.01929
1.0213
1.03566
0.98832
1.03121
1.01851
1.02606
0.99999
1.00739
1.01902
0.98901
1.00267
0.98792
0.98697
0.97312
0.97012
0.94904
0.94902
0.9544
0.94827
0.96774
0.91375
0.9042
0.91963
0.91155
0.88227
0.87544
0.8939
0.9052
0.83893
0.83029
0.84907
0.8356
0.84955
0.84849
0.79971
0.77939
0.84283
0.7941
0.76
0.75562
0.79316
0.80297
0.73661
0.72698
0.7902
0.75906
0.75545
0.70735
0.69009
0.70154
0.75773
0.72463
0.68307
0.74145
0.7328
0.6637
0.76087
0.63566
0.63704
0.59692
0.68508
0.72152
0.68587
0.71736
0.66042
0.64759
0.62297
0.6565
0.72228
0.50884
0.70531
0.73903
0.67652
0.64962
0.53637
0.55379
0.7697
0.69381
0.55828
0.61072
0.6156
0.69813
0.64719
0.48027
0.67239
0.72266
0.45422
0.72047
0.57642
0.61387
0.57178
0.59256
0.55355
0.65987
0.59411
0.41898
0.61735
0.58023
0.60535
0.44901
0.45673
0.71991
0.55954
0.45796
0.61127
0.54535
0.65075
0.56456
0.49714
0.51796
0.56518
0.51263
0.54294
0.60277
0.44032
0.5996
0.62143
0.41523
0.56876
0.524
0.5204
0.5889
0.59468
0.48617
0.50756
0.53356
0.62786
0.46597
0.54407
0.57557
0.49777
0.47824
0.52293
0.68263
0.39368
0.50694
0.58208
0.38221
0.53027
0.5532
0.35507
0.54554
0.52683
0.3928
0.58498
0.39387
0.60728
0.35622
0.3663
0.47623
0.58676
0.36708
0.52688
0.30211
0.67333
0.34682
0.51019
0.47714
0.35089
0.53121
0.39035
0.64011
0.30546
0.58984
0.38755
0.5217
0.43863
0.45148
0.35085
0.48388
0.34382
0.46073
0.53502
0.31104
0.52189
0.30559
0.43871
0.35425
0.38714
0.61825
0.32621
0.4719
0.2981
0.52015
0.29992
0.46945
0.49138
0.45819
0.3086
0.48643
0.26306
0.55112
0.2927
0.54204
0.29493
0.43782
0.33638
0.4062
0.38419
0.4603
0.39866
0.44401
0.27151
0.40954
0.36323
0.38095
0.38018
0.4848
0.31808
0.505
0.30595
0.43183
0.30239
0.36209
0.46575
0.3746
0.41761
0.25784
0.51905
0.29601
0.41436
0.44623
0.29717
0.50046
0.26282
0.50602
0.25391
0.47115
0.29575
0.41445
0.42339
0.44897
0.27832
0.29967
0.52426
0.31242
0.34128
0.33056
0.41667
0.38473
0.39427
0.32035
0.36761
0.35303
0.33494
0.3242
0.39747
0.31572
0.45947
0.2781
0.37368
0.36769
0.26556
0.54579
0.24581
0.32685
0.36971
0.24588
0.43055
0.32694
0.32339
0.32686
0.3632
0.38087
0.32001
0.35105
0.28567
0.40421
0.30436
0.28871
0.39595
0.2876
0.35654
0.26918
0.3722
0.42213
0.26842
0.36854
0.31125
0.26959
0.41618
0.36151
0.22917
0.36798
0.25446
0.35568
0.31413
0.28492
0.27405
0.35647
0.37097
0.21672
0.35349
0.26263
0.4162
0.22469
0.29469
0.26764
0.46451
0.31099
0.26997
0.31304
0.27805
0.32915
0.35938
0.25122
0.42813
0.23589
0.28421
0.37589
0.37408
0.27779
0.27659
0.35132
0.26732
0.39561
0.30454
0.35803
0.33449
0.27742
0.25218
0.36695
0.37847
0.31094
0.2648
0.39466
0.26774
0.37619
0.29933
0.27247
0.35669
0.21581
0.30517
0.31837
0.31468
0.30981
0.27268
0.32234
0.2434
0.35377
0.25076
0.29132
0.37444
0.26077
0.2047
0.35616
0.29412
0.29137
0.33454
0.19032
0.36332
0.23579
0.25744
0.35621
0.29894
0.2397
0.36372
0.26359
0.28359
0.24454
0.25769
0.32318
0.23421
0.23015
0.36565
0.17485
0.27979
0.3822
0.18791
0.35871
0.27139
0.20411
0.32045
0.20573
0.29475
0.21526
0.32906
0.16262
0.29338
0.29651
0.27853
0.22787
0.35573
0.17034
0.33455
0.22217
0.21691
0.26974
0.32031
0.19887
0.20803
0.28634
0.26362
0.25417
0.25688
0.20934
0.32935
0.23575
0.23556
0.29726
0.14013
0.35418
0.22595
0.21221
0.32684
0.19019
0.25068
0.19299
0.22094
0.16118
0.35862
0.18416
0.20769
0.25993
0.23964
0.16028
0.35546
0.19094
0.16474
0.24142
0.21406
0.18686
0.21862
0.19359
0.42347
0.09743
0.36446
0.16255
0.18585
0.32458
0.23818
0.17409
0.22813
0.16326
0.33605
0.19816
0.18869
0.24401
0.20006
0.18248
0.27325
0.15637
0.22842
0.19916
0.22815
0.14821
0.24051
0.22506
0.16743
0.17834
0.27889
0.15647
0.17255
0.30832
0.18522
0.1663
0.13106
0.19799
0.25311
0.24236
0.15666
0.13643
0.23737
0.41348
0.16499
0.14719
0.19688
0.27132
0.17328
0.17858
0.23359
0.20358
0.1531
0.20211
0.18933
0.19531
0.22027
0.1983
0.11056
0.17548
0.2631
0.16648
0.17042
0.22236
0.22382
0.16834
0.1621
0.16587
0.20192
0.17085
0.23791
0.1498
0.15321
0.17246
0.20582
0.27606
0.17875
0.19528
0.19188
0.12012
0.22672
0.21047
0.17715
0.14231
0.17879
0.15866
0.15111
0.18173
0.20825
0.14206
0.22162
0.264
0.08539
0.18719
0.17366
0.16998
0.22772
0.12336
0.19197
0.11991
0.14312
0.18526
0.22053
0.17452
0.16486
0.16855
0.09866
0.19581
0.22542
0.21352
0.15991
0.19657
0.15775
0.12747
0.18864
0.09944
0.13598
0.26093
0.19942
0.15616
0.15461
0.14799
0.18329
0.1769
0.14989
0.17426
0.09111
0.18415
0.16037
0.14171
0.13125
0.16646
0.17382
0.19118
0.15216
0.23322
0.15014
0.20191
0.15299
0.12009
0.14828
0.14455
0.10959
0.20045
0.12382
0.23557
0.21428
0.10034
0.19021
0.14146
0.10078
0.22415
0.07533
0.18578
0.24357
0.13545
0.15467
0.13002
0.18497
0.12592
0.17644
0.10313
0.1716
0.16442
0.16162
0.1625
0.13661
0.1694
0.12948
0.20199
0.14446
0.20279
0.13513
0.20793
0.14087
0.22014
0.14248
0.22171
0.21253
0.02863
0.19068
0.12602
0.21062
0.16465
0.17772
0.15842
0.21295
0.17309
0.15176
0.02563
0.29687
0.09494
0.12368
0.21036
0.16363
0.10986
0.14408
0.17507
0.18349
0.07832
0.19234
0.13579
0.18642
0.12165
0.12764
0.15311
0.19894
0.21068
0.1465
0.09872
0.13078
0.13652
0.18652
0.15971
0.09283
0.11755
0.20738
0.08474
0.19204
0.18608
0.14788
0.16601
0.02461
0.20981
0.05908
0.24972
0.0455
0.25069
0.11277
0.11251
0.16795
0.07271
0.16174
0.1978
0.12653
0.10595
0.1346
0.13394
0.17765
0.11803
0.10612
0.19837
0.15093
0.13315
0.02271
0.14483
0.1138
0.15069
0.08715
0.09864
0.15502
0.1425
0.18783
0.16196
0.07772
0.11549
0.14191
0.11461
0.19858
0.18024
0.09338
0.12802
0.11983
0.12535
0.15345
0.06919
0.15215
0.20645
0.05432
0.18814
0.06329
0.20353
0.10474
0.18036
0.1437
0.13595
0.12678
0.06128
0.18297
0.18449
0.14075
0.04559
0.13695
0.11265
0.12753
0.11373
0.14327
0.09584
0.16059
0.07974
0.10563
0.12489
0.23464
0.18379
0.09392
0.12402
0.11812
0.146
0.09482
0.16044
0.13283
0.11841
0.12231
0.08735
0.11246
0.13845
0.11818
0.03124
0.12995
0.17532
0.13203
0.16025
0.08819
0.17707
0.09525
0.13461
0.17902
0.02096
0.10661
0.10713
0.12814
0.15296
0.08853
0.13557
0.07557
0.13128
0.21846
0.08761
0.0775
0.14026
0.16056
0.0852
0.12201
0.1311
0.12059
0.11001
0.12705
0.07466
0.09025
0.16289
0.09757
0.15639
0.12531
0.0989
0.0901
0.12616
0.1858
0.10451
0.12786
0.13827
0.10678
0.17233
0.12586
0.11811
0.03103
0.15965
0.15306
0.10307
0.1353
0.16175
0.09191
0.0846
0.07827
0.07071
0.13874
0.07637
0.11335
0.14599
0.07524
0.19941
0.0593
0.0874
0.08486
0.09594
0.11908
0.10256
0.20106
0.0132
0.16237
0.09575
0.09692
0.13585
0.10392
0.18301
0.10656
0.11272
0.11642
0.09481
0.12713
0.13186
0.07703
0.12813
0.13365
0.15072
0.07045
0.15236
0.03305
0.12209
0.11547
0.07585
0.15254
0.15449
0.08565
0.19018
0.03965
0.10098
0.08992
0.09835
0.15133
0.01787
0.15096
0.17244
0.13114
0.01831
0.12192
0.12276
0.17272
0.06976
0.13107
0.14344
0.06759
0.12761
0.09737
0.16817
0.19254
0.00673
0.17814
0.10868
0.09687
0.06877
0.17387
0.11308
0.12301
0.01328
0.13812
0.10524
0.13126
0.14581
0.10324
0.11636
0.1063
0.0938
0.13143
0.11762
0.10679
0.11141
0.1008
0.11705
0.09691
0.01638
0.11189
0.14278
0.15515
0.12331
0.1085
0.04132
0.11174
0.13424
0.13682
0.11427
0.08752
0.15369
0.10295
0.091
0.12055
0.08254
0.12813
0.06643
0.11789
0.08559
0.04865
0.12632
0.13197
0.1179
0.11369
0.11631
0.07547
0.09326
0.10044
0.1683
0.10406
0.06219
0.18132
0.09142
0.12465
0.06891
0.07203
0.09056
0.15129
0.12478
0.09552
0.10606
0.14778
0.1237
0.05254
0.07357
0.11202
0.11104
0.11397
0.04968
0.13582
0.11102
0.12513
0.01819
0.17914
0.07509
0.13935
0.18355
0.12772
0.11194
0.15453
0.06702
0.09621
0.1004
0.06986
0.07586
0.07163
0.13668
0.12915
