0.00389
0.35142
0.39216
0.3082
0.33372
0.2784
0.21632
0.19778
0.20911
0.23019
0.24757
0.24392
0.27487
0.28174
0.27828
0.29021
0.29656
0.29647
0.27095
0.27147
0.26901
0.25417
0.2615
0.26115
0.24188
0.23924
0.21432
0.22362
0.21388
0.22873
0.22089
0.23053
0.22357
0.24709
0.24248
0.26493
0.26858
0.27045
0.27462
0.27422
0.28042
0.29043
0.28923
0.28735
0.2992
0.28903
0.30447
0.28566
0.29461
0.27843
0.28863
0.28276
0.28826
0.28688
0.28167
0.28568
0.28135
0.28979
0.27237
0.28259
0.27399
0.28054
0.27018
0.27064
0.27159
0.28141
0.26992
0.27291
0.26998
0.27964
0.26242
0.26694
0.26421
0.26268
0.26207
0.25407
0.26775
0.24645
0.25816
0.24639
0.25881
0.24152
0.24902
0.23058
0.24347
0.23281
0.23611
0.23081
0.24183
0.21992
0.22924
0.21856
0.22371
0.21306
0.22409
0.20238
0.21081
0.20987
0.20077
0.19229
0.19407
0.19335
0.2
0.18563
0.17845
0.18118
0.18004
0.18121
0.17377
0.16995
0.17423
0.17282
0.17396
0.16299
0.16425
0.16685
0.15564
0.15954
0.16076
0.14424
0.13767
0.15714
0.14976
0.14834
0.15745
0.14771
0.14671
0.13504
0.1485
0.15083
0.12379
0.14829
0.13814
0.15059
0.1433
0.1301
0.12636
0.15959
0.14591
0.13103
0.12768
0.13692
0.14535
0.14012
0.11272
0.13855
0.15296
0.11097
0.14897
0.13439
0.12739
0.12978
0.13072
0.12638
0.14035
0.12835
0.10309
0.123
0.12718
0.13373
0.11186
0.10536
0.13544
0.12224
0.11753
0.11902
0.10977
0.12721
0.12654
0.10531
0.11303
0.12184
0.10384
0.11457
0.12872
0.0995
0.11106
0.11875
0.09245
0.11696
0.1119
0.10573
0.12063
0.1335
0.09984
0.1169
0.11143
0.12243
0.11372
0.09231
0.12027
0.10084
0.10785
0.1096
0.12024
0.09173
0.10559
0.12639
0.09491
0.09987
0.11844
0.07815
0.1172
0.11449
0.0842
0.11548
0.08353
0.12373
0.08099
0.07582
0.10382
0.12799
0.07514
0.10856
0.06699
0.12584
0.07571
0.10805
0.10017
0.07581
0.10848
0.07277
0.13436
0.07391
0.11599
0.07577
0.11772
0.08547
0.10086
0.0657
0.09547
0.07669
0.09801
0.11688
0.07125
0.10872
0.07672
0.08294
0.08112
0.07691
0.12069
0.0739
0.09748
0.06374
0.10811
0.06932
0.09242
0.09532
0.08918
0.06756
0.0987
0.06531
0.11124
0.06728
0.10502
0.06904
0.08935
0.0752
0.07959
0.08107
0.08687
0.08541
0.09194
0.06103
0.08982
0.07698
0.08676
0.07589
0.10326
0.06636
0.09673
0.0663
0.08694
0.06263
0.08383
0.09011
0.09275
0.07733
0.05893
0.09543
0.06806
0.08997
0.09005
0.06676
0.106
0.05764
0.10121
0.05623
0.09939
0.0649
0.08828
0.07514
0.09865
0.06107
0.06656
0.11141
0.07317
0.06557
0.0701
0.08578
0.08124
0.07679
0.07695
0.07343
0.08849
0.06722
0.07363
0.07937
0.06251
0.0992
0.05497
0.07797
0.07692
0.05591
0.09919
0.06002
0.07699
0.08479
0.05281
0.09386
0.06696
0.07568
0.07157
0.07267
0.08228
0.06606
0.07616
0.06035
0.08104
0.07325
0.06494
0.08594
0.06419
0.08544
0.05368
0.07978
0.08201
0.06159
0.07389
0.06818
0.06063
0.09139
0.081
0.05436
0.08315
0.05994
0.07691
0.06995
0.06714
0.06121
0.07536
0.08571
0.05157
0.07553
0.05786
0.08491
0.05459
0.07138
0.05717
0.09813
0.06841
0.0728
0.06057
0.06271
0.07215
0.0818
0.04984
0.08995
0.04827
0.06884
0.08351
0.08065
0.06172
0.06249
0.07684
0.06226
0.09088
0.07386
0.0737
0.07996
0.06387
0.06288
0.07927
0.08094
0.07387
0.06117
0.07984
0.06189
0.08582
0.0741
0.06219
0.08251
0.05556
0.07642
0.07522
0.07383
0.07498
0.06122
0.07747
0.05647
0.08832
0.06025
0.06335
0.08124
0.05853
0.06279
0.07032
0.07112
0.06976
0.07608
0.05051
0.08646
0.05372
0.06041
0.08759
0.05991
0.0573
0.07501
0.06532
0.06314
0.06064
0.0623
0.07385
0.04962
0.05543
0.07784
0.04606
0.06175
0.0872
0.04678
0.07865
0.06292
0.04985
0.07654
0.04908
0.0696
0.05171
0.0775
0.04176
0.06682
0.0699
0.0585
0.05242
0.07798
0.04269
0.06984
0.05163
0.05064
0.06182
0.07114
0.04353
0.05236
0.06613
0.05846
0.0533
0.05506
0.04938
0.06783
0.05651
0.05891
0.06388
0.03672
0.0771
0.05582
0.05803
0.06477
0.04376
0.05942
0.04248
0.05189
0.04461
0.07785
0.0405
0.0461
0.05815
0.05244
0.04133
0.07822
0.04632
0.03838
0.05226
0.05044
0.04775
0.04191
0.04712
0.07717
0.02828
0.0802
0.0406
0.05011
0.05965
0.04886
0.0407
0.04868
0.03981
0.0756
0.03976
0.04838
0.04867
0.04518
0.04365
0.05922
0.03401
0.05153
0.04769
0.05098
0.03585
0.05624
0.04918
0.04294
0.04196
0.06286
0.03635
0.04071
0.06518
0.04215
0.03939
0.03272
0.04185
0.05822
0.05136
0.03624
0.03193
0.05747
0.06806
0.03751
0.03204
0.04231
0.06556
0.03556
0.04004
0.05513
0.03872
0.03689
0.042
0.03766
0.04388
0.05323
0.04176
0.02832
0.04093
0.05709
0.03307
0.03295
0.04842
0.05168
0.03881
0.03706
0.03487
0.04078
0.03546
0.05039
0.03417
0.03522
0.03726
0.04373
0.0594
0.04125
0.04179
0.03842
0.02978
0.04181
0.04161
0.03764
0.03421
0.04132
0.03654
0.03575
0.0403
0.04154
0.03108
0.04665
0.05222
0.02275
0.04026
0.03523
0.03719
0.05115
0.02815
0.03801
0.02802
0.033
0.05102
0.03726
0.03817
0.03534
0.03514
0.02583
0.0385
0.04512
0.04849
0.03312
0.04927
0.03258
0.02826
0.04113
0.02676
0.03587
0.0446
0.03451
0.03639
0.02897
0.03114
0.03791
0.03624
0.02571
0.03592
0.0254
0.03774
0.03187
0.03057
0.03013
0.03622
0.03155
0.03953
0.03546
0.0503
0.03143
0.04051
0.03269
0.0252
0.02365
0.03448
0.01865
0.04016
0.02844
0.04658
0.03727
0.0229
0.03474
0.03229
0.02294
0.04926
0.0122
0.03652
0.0425
0.03141
0.02905
0.03137
0.03078
0.03224
0.03615
0.02286
0.03592
0.03426
0.0314
0.03354
0.02757
0.03631
0.03025
0.03839
0.03091
0.03483
0.02981
0.04351
0.02505
0.03913
0.03074
0.04085
0.03822
0.01408
0.04003
0.01321
0.03928
0.03769
0.03579
0.02702
0.05033
0.03494
0.03033
0.00727
0.06139
0.02362
0.02538
0.03729
0.03471
0.0222
0.02743
0.03956
0.03268
0.02058
0.04124
0.02731
0.03628
0.02403
0.03136
0.03054
0.03635
0.03493
0.02989
0.02304
0.02613
0.0312
0.03257
0.03837
0.02267
0.02505
0.03874
0.01709
0.03367
0.03366
0.02829
0.03702
0.00658
0.05325
0.00807
0.05391
0.01088
0.04439
0.0238
0.02809
0.03544
0.01849
0.02675
0.0379
0.02215
0.02712
0.02574
0.02402
0.03208
0.02639
0.02205
0.03679
0.02865
0.02559
0.00641
0.027
0.02444
0.02961
0.01688
0.02114
0.03101
0.02446
0.03259
0.03757
0.01914
0.02193
0.03293
0.02046
0.03614
0.03465
0.02051
0.0236
0.02658
0.02425
0.03042
0.01589
0.02306
0.02872
0.01964
0.03007
0.014
0.03662
0.01804
0.03488
0.02864
0.03038
0.01898
0.0189
0.02945
0.03688
0.02629
0.01168
0.02782
0.02535
0.02839
0.0216
0.02742
0.01823
0.02503
0.01578
0.02306
0.02791
0.03873
0.03251
0.01928
0.02428
0.02252
0.0306
0.01528
0.03545
0.02604
0.02481
0.02685
0.01834
0.02485
0.03109
0.02675
0.0163
0.01808
0.03261
0.02882
0.02631
0.01734
0.02999
0.02018
0.03037
0.02772
0.00586
0.0176
0.02436
0.02612
0.02659
0.02112
0.03086
0.01942
0.02085
0.03688
0.01851
0.01843
0.02664
0.03054
0.01934
0.02629
0.02205
0.02356
0.01742
0.03126
0.00569
0.01824
0.0325
0.01688
0.03355
0.02175
0.01839
0.01764
0.02662
0.03423
0.01786
0.03053
0.0273
0.0188
0.0385
0.0247
0.01989
0.00467
0.02964
0.02816
0.02475
0.02872
0.02545
0.01762
0.0191
0.01685
0.01411
0.02524
0.01851
0.02123
0.02483
0.0138
0.03417
0.01311
0.02072
0.02111
0.01774
0.02626
0.01854
0.03236
0.00378
0.02592
0.02138
0.01552
0.02957
0.01718
0.03458
0.01698
0.02078
0.02311
0.01449
0.02489
0.02473
0.01769
0.02565
0.02243
0.03282
0.0189
0.02731
0.00607
0.02699
0.02512
0.01372
0.03031
0.02651
0.01582
0.02431
0.01131
0.0199
0.01264
0.01848
0.02706
0.00466
0.02717
0.03299
0.02083
0.00559
0.02473
0.02727
0.02633
0.01409
0.02752
0.02731
0.01665
0.02695
0.01262
0.02858
0.03324
0.0017
0.02428
0.01252
0.02008
0.01697
0.02494
0.0174
0.02563
0.00366
0.02482
0.01997
0.02335
0.02538
0.02119
0.02167
0.02299
0.01678
0.02283
0.02121
0.02299
0.01925
0.01818
0.0254
0.01937
0.00401
0.01618
0.02998
0.02614
0.02491
0.01862
0.01265
0.01884
0.02059
0.02423
0.02448
0.0159
0.0301
0.01919
0.01891
0.02266
0.01894
0.018
0.0144
0.02287
0.01588
0.00666
0.02238
0.0198
0.02473
0.02227
0.01975
0.01415
0.01853
0.01808
0.03199
0.01091
0.01738
0.03075
0.01089
0.02607
0.01628
0.01515
0.01394
0.02326
0.02673
0.01667
0.02083
0.02732
0.01899
0.01532
0.01659
0.01975
0.01974
0.02129
0.01281
0.0277
0.0221
0.0224
0.00412
0.03581
0.01479
0.03022
0.02711
0.0221
0.02691
0.02045
0.01685
0.0196
0.02221
0.01542
0.01357
0.01443
0.02026
0.02096
