0.34182
0.44767
0.47587
0.43998
0.46299
0.41594
0.36097
0.35385
0.37063
0.37722
0.39208
0.40174
0.40515
0.42029
0.41436
0.42029
0.4129
0.40544
0.38881
0.38978
0.36589
0.37306
0.3641
0.3644
0.35381
0.32999
0.32997
0.32139
0.32415
0.31448
0.33104
0.32998
0.34007
0.34203
0.35879
0.35359
0.36964
0.36012
0.35178
0.36887
0.35948
0.37899
0.35991
0.37268
0.36129
0.37626
0.36697
0.36741
0.35829
0.36698
0.35119
0.36726
0.35374
0.35685
0.35891
0.3517
0.35807
0.34859
0.35293
0.34441
0.35226
0.3414
0.35283
0.33568
0.34915
0.34088
0.34728
0.33601
0.34309
0.33653
0.33704
0.33493
0.32908
0.33467
0.32633
0.3332
0.31861
0.32761
0.31797
0.32701
0.32169
0.31773
0.30651
0.31829
0.30282
0.31068
0.29769
0.30921
0.30099
0.29663
0.28207
0.29716
0.28016
0.28974
0.28383
0.27687
0.26114
0.28357
0.26507
0.26466
0.25264
0.2675
0.25785
0.25068
0.23678
0.24402
0.24861
0.24929
0.23394
0.24197
0.22624
0.25026
0.23236
0.22739
0.24043
0.22545
0.22266
0.23646
0.21608
0.21546
0.19029
0.21442
0.22287
0.21705
0.21764
0.1864
0.21186
0.20738
0.20736
0.2147
0.16927
0.21381
0.20796
0.20327
0.20954
0.17553
0.1927
0.21391
0.2111
0.17817
0.18489
0.19455
0.20229
0.18498
0.17948
0.19672
0.2061
0.15836
0.20599
0.18787
0.18507
0.18099
0.1882
0.18551
0.19991
0.17435
0.13959
0.19128
0.17975
0.18274
0.15522
0.15051
0.18566
0.17832
0.14331
0.18466
0.16266
0.16473
0.17577
0.16305
0.16838
0.15867
0.16381
0.17709
0.17715
0.13118
0.17783
0.17384
0.13749
0.16695
0.162
0.15089
0.16353
0.16985
0.16306
0.15491
0.1648
0.1728
0.14392
0.15736
0.16527
0.14791
0.14566
0.16304
0.17002
0.13088
0.16335
0.17727
0.11953
0.16515
0.16602
0.12273
0.16335
0.16111
0.13366
0.15298
0.13084
0.16786
0.11755
0.11604
0.14066
0.16798
0.11946
0.14455
0.11207
0.17404
0.11637
0.15123
0.1444
0.11029
0.15021
0.10296
0.17256
0.10503
0.16108
0.1185
0.15782
0.12424
0.138
0.10372
0.14711
0.11439
0.14121
0.15404
0.11146
0.15054
0.10331
0.13157
0.10627
0.12798
0.16821
0.10415
0.14131
0.09392
0.14246
0.0916
0.12971
0.13783
0.13179
0.10122
0.13274
0.09143
0.15255
0.09516
0.14317
0.10101
0.13788
0.09589
0.12329
0.10456
0.12874
0.11468
0.13615
0.08679
0.10566
0.12343
0.11207
0.11536
0.13999
0.09697
0.13916
0.09743
0.13299
0.09002
0.11237
0.11935
0.10987
0.12684
0.08419
0.13037
0.10339
0.11878
0.12084
0.09016
0.14473
0.08812
0.13753
0.08138
0.13504
0.09009
0.11117
0.1169
0.12886
0.09091
0.0948
0.1403
0.09473
0.10766
0.09398
0.12215
0.11393
0.10395
0.10604
0.10208
0.10093
0.11377
0.09753
0.11759
0.0845
0.11922
0.08923
0.10199
0.11824
0.08182
0.1298
0.09186
0.10265
0.12198
0.0781
0.1181
0.09379
0.10099
0.1026
0.10084
0.10959
0.10211
0.10603
0.07954
0.11006
0.0982
0.08154
0.12026
0.08557
0.1054
0.08986
0.09843
0.1204
0.08552
0.09117
0.10938
0.08009
0.11817
0.11017
0.07322
0.11405
0.08649
0.08719
0.10379
0.08962
0.09058
0.09437
0.10979
0.0733
0.1071
0.0773
0.10932
0.07794
0.08471
0.09465
0.12446
0.08938
0.08305
0.10164
0.08634
0.10409
0.10675
0.07635
0.12079
0.07833
0.0887
0.11197
0.11621
0.08876
0.08074
0.1109
0.07968
0.1243
0.08691
0.11123
0.10924
0.08214
0.07634
0.11136
0.10412
0.10004
0.08438
0.11128
0.08782
0.11286
0.09291
0.09573
0.10778
0.07788
0.09444
0.10058
0.10218
0.09211
0.09063
0.10665
0.07645
0.11481
0.08267
0.09107
0.10618
0.08141
0.06825
0.11071
0.09537
0.0913
0.10124
0.06793
0.109
0.08073
0.08162
0.09218
0.09924
0.07502
0.09964
0.08419
0.08789
0.08403
0.08146
0.10004
0.06774
0.07568
0.10745
0.06488
0.08237
0.11005
0.06511
0.09717
0.08047
0.07014
0.10197
0.06309
0.096
0.07177
0.10082
0.06047
0.08749
0.0876
0.08494
0.06895
0.10311
0.0605
0.09375
0.07173
0.06947
0.0841
0.09503
0.06286
0.06735
0.09467
0.06986
0.07964
0.07182
0.06558
0.08993
0.07513
0.07615
0.08361
0.05251
0.09835
0.07398
0.06478
0.09819
0.06028
0.08113
0.06442
0.06759
0.05752
0.09131
0.06644
0.06449
0.07533
0.0696
0.05868
0.09658
0.0645
0.05679
0.07776
0.06716
0.0632
0.05951
0.06037
0.1003
0.04195
0.0961
0.05884
0.05959
0.08621
0.06766
0.0552
0.06516
0.05326
0.09557
0.05803
0.06186
0.06743
0.05977
0.06132
0.07799
0.04897
0.06711
0.06145
0.07427
0.05154
0.07115
0.06963
0.05665
0.05719
0.08545
0.05049
0.05631
0.08468
0.0583
0.05362
0.04726
0.05372
0.07217
0.07116
0.05254
0.04423
0.05968
0.09389
0.06018
0.04751
0.05665
0.08328
0.04691
0.05395
0.07249
0.05291
0.04996
0.05352
0.05068
0.05675
0.07139
0.05647
0.04271
0.05343
0.07535
0.04706
0.04784
0.05912
0.06876
0.05277
0.04959
0.04737
0.0513
0.05125
0.06495
0.04854
0.05044
0.04893
0.05525
0.07018
0.05976
0.05544
0.05187
0.04401
0.05814
0.05641
0.05122
0.05037
0.05281
0.04919
0.04648
0.05626
0.05827
0.04165
0.06395
0.07104
0.03484
0.05317
0.04752
0.04937
0.07086
0.03974
0.04912
0.03947
0.0447
0.05188
0.06514
0.05094
0.04702
0.048
0.03528
0.05175
0.05363
0.06131
0.04275
0.0605
0.04565
0.04108
0.05458
0.03572
0.03912
0.06365
0.05026
0.05008
0.04059
0.04255
0.05338
0.04839
0.03902
0.04721
0.03611
0.05025
0.04248
0.04251
0.04147
0.04683
0.04347
0.05058
0.04292
0.06654
0.04697
0.05244
0.04799
0.03802
0.03795
0.04364
0.02873
0.05035
0.04214
0.05621
0.05009
0.03454
0.04562
0.04324
0.03362
0.06372
0.01963
0.04551
0.05835
0.04398
0.04009
0.03892
0.04105
0.04201
0.04655
0.032
0.04793
0.0417
0.0434
0.0473
0.03965
0.0464
0.03888
0.04686
0.03972
0.04706
0.0378
0.05334
0.03427
0.04904
0.04361
0.05355
0.04809
0.01396
0.04492
0.03676
0.04955
0.04681
0.04688
0.03712
0.06678
0.04415
0.03989
0.01322
0.06929
0.03545
0.03531
0.05053
0.04321
0.03346
0.03794
0.0459
0.04225
0.03001
0.05563
0.0387
0.04685
0.03902
0.03666
0.04121
0.04656
0.04395
0.04009
0.03318
0.03576
0.04057
0.0461
0.04504
0.03136
0.03306
0.04705
0.02373
0.04943
0.0407
0.03782
0.0459
0.01208
0.05116
0.0251
0.06013
0.01978
0.06434
0.03333
0.03746
0.04279
0.02834
0.04053
0.04475
0.03322
0.0262
0.04676
0.03544
0.04081
0.03522
0.03425
0.04584
0.03823
0.03749
0.01158
0.03686
0.03502
0.04074
0.02358
0.02854
0.04259
0.03577
0.04223
0.04649
0.02673
0.03367
0.03894
0.03121
0.04648
0.04672
0.02999
0.0339
0.03577
0.03408
0.03874
0.02737
0.03317
0.04117
0.01532
0.0545
0.02384
0.04705
0.02737
0.04432
0.03788
0.03677
0.0292
0.02392
0.03597
0.04967
0.03302
0.01895
0.03875
0.03321
0.03515
0.02964
0.03451
0.02712
0.03522
0.02517
0.0307
0.03455
0.04727
0.03843
0.02584
0.03585
0.03135
0.04084
0.0223
0.04239
0.03334
0.03658
0.03429
0.02597
0.03443
0.03633
0.03308
0.00941
0.03912
0.04092
0.03564
0.03642
0.02544
0.03808
0.03024
0.03833
0.03472
0.01078
0.0242
0.03171
0.03504
0.03552
0.02648
0.03846
0.02489
0.03421
0.04604
0.02584
0.02583
0.03565
0.04062
0.02704
0.0344
0.02831
0.02978
0.02754
0.02397
0.02246
0.02634
0.04182
0.02237
0.04031
0.02881
0.02777
0.02367
0.03321
0.04408
0.02564
0.04008
0.03742
0.0251
0.04235
0.03379
0.02598
0.01522
0.03844
0.03784
0.02693
0.03517
0.04618
0.0262
0.02719
0.02348
0.02201
0.03298
0.02566
0.03005
0.03383
0.02311
0.04199
0.01999
0.02836
0.02688
0.02422
0.03278
0.02738
0.03884
0.00671
0.03425
0.02669
0.02815
0.03376
0.02638
0.04063
0.02517
0.0304
0.03123
0.02154
0.03264
0.03177
0.02412
0.03458
0.03025
0.04407
0.01803
0.04395
0.0122
0.03402
0.0311
0.02059
0.03708
0.03541
0.02408
0.03433
0.01723
0.02863
0.01915
0.02403
0.03461
0.00919
0.03485
0.0412
0.02947
0.0098
0.03113
0.03439
0.0346
0.02185
0.03617
0.03646
0.02199
0.03039
0.02491
0.03948
0.04171
0.00391
0.04198
0.02231
0.0288
0.0244
0.0339
0.02695
0.03131
0.00691
0.03276
0.02604
0.03066
0.03288
0.02948
0.02969
0.02977
0.02601
0.03091
0.02728
0.02916
0.02969
0.02638
0.03195
0.02739
0.00793
0.02766
0.0381
0.03593
0.03298
0.02723
0.01953
0.02449
0.03001
0.03754
0.03206
0.02294
0.03874
0.02618
0.02512
0.03174
0.02625
0.02728
0.02229
0.03092
0.01235
0.01867
0.03067
0.03003
0.03195
0.02976
0.02856
0.02225
0.0267
0.02504
0.04103
0.01674
0.02217
0.03936
0.01886
0.03358
0.02322
0.01977
0.02307
0.03197
0.03319
0.02376
0.02786
0.03586
0.03007
0.019
0.02142
0.02802
0.02633
0.02809
0.01885
0.03078
0.03616
0.02687
0.0101
0.04261
0.02101
0.03626
0.03959
0.03241
0.02029
0.04154
0.02319
0.02661
0.02863
0.02253
0.02053
0.01976
0.02871
0.02981
