1.25322
1.58028
1.685
1.76917
2.06714
2.21089
2.34965
2.35914
2.48832
2.46286
2.61137
2.68257
2.71167
2.72354
2.77283
2.81418
2.86019
2.85289
2.96152
3.09947
3.08558
3.11165
3.12909
3.21674
3.32887
3.39387
3.40415
3.56872
3.61041
3.76019
3.96018
3.90637
3.94632
4.01811
4.1703
4.43164
4.39674
4.6003
4.51049
4.52303
4.64895
4.70453
4.72575
4.72933
4.60624
4.58157
4.62501
4.93832
4.86952
5.04998
5.1055
5.18854
5.16193
5.11323
4.99486
5.12506
5.23642
5.1929
4.98073
5.0464
5.12699
5.18712
5.11855
5.37974
5.19111
5.38836
5.41672
5.49971
5.48028
5.55377
5.5816
5.7537
5.55194
5.77177
5.62234
5.82774
5.82231
5.71538
6.06889
6.02321
5.8071
6.21917
6.1952
6.23119
6.11933
6.16605
6.3257
6.19592
6.19568
6.11399
6.19374
6.1625
6.13451
6.33525
6.178
6.19926
6.28061
6.31469
6.36828
6.37646
6.18428
6.06725
5.96102
5.99305
6.03177
5.93539
5.98681
6.09987
5.8743
5.94901
6.02661
5.82075
5.87457
5.94552
5.91349
5.99929
6.13623
6.07866
6.16126
6.14522
6.14119
6.02286
5.97028
6.07254
6.17745
5.98062
6.24611
6.0954
6.01836
6.12031
6.12571
6.04166
5.92126
6.08159
6.26896
6.07458
6.08369
6.12246
6.17263
6.19231
6.41303
6.29665
6.42208
6.32373
6.29346
6.46122
6.11974
6.07445
6.07322
6.06108
5.92385
5.75868
5.70654
5.8256
5.63545
5.68052
5.4951
5.66928
5.43659
5.49809
5.41188
5.42627
5.41903
5.41747
5.35135
5.17997
5.13733
5.08631
4.93046
4.50283
3.50852
3.19869
3.44994
3.61432
3.83892
4.00989
4.0351
3.68401
3.65073
3.76937
3.75099
3.68804
3.81022
3.69864
3.65176
3.79834
3.93408
3.88484
3.68996
3.71843
3.80621
3.96316
4.02079
4.2013
4.32579
4.5262
4.75554
4.86319
4.8308
4.53778
3.99985
3.98649
3.65316
3.70328
3.67176
3.70487
3.83005
3.8705
3.3104
3.00946
2.78923
2.6406
2.8028
2.69385
2.43491
2.53288
2.49809
2.1794
2.14036
2.15485
2.19693
2.06059
2.07834
2.00799
1.99536
2.16982
1.95172
1.83663
1.95917
1.94648
1.8537
1.76696
1.89244
1.83772
1.95594
1.81301
1.8618
1.90519
2.12989
2.40351
2.50928
2.77067
2.78091
2.98533
2.82873
2.88349
2.43927
2.54636
2.9125
3.05682
3.02882
3.31642
2.91234
3.21122
3.31648
3.03305
3.10283
3.54828
4.15174
4.26574
4.09089
3.62972
3.8719
4.10285
4.31998
4.3184
4.12201
4.07681
4.12857
4.19562
4.31687
4.56736
4.10245
3.87671
3.96006
3.74392
3.52595
4.15441
4.27446
3.58601
3.9753
3.93828
4.3159
4.34454
4.14285
3.66473
3.79893
3.53524
3.73575
3.84274
3.97051
3.93336
4.00738
3.85145
3.52534
3.17718
3.42674
3.2922
3.64946
3.94088
4.05589
4.18158
3.42405
3.72587
3.87227
3.97951
3.75043
3.27628
3.38495
3.73041
3.3973
3.29763
3.33228
3.39802
3.33194
3.27641
3.41503
3.25066
3.46425
3.59545
3.59902
3.4406
3.3507
3.7312
3.92564
3.93115
4.06235
3.97565
3.67143
3.65963
3.86916
3.90669
3.70019
3.84855
3.19274
3.64885
3.30352
3.34205
3.63492
3.02816
2.98875
2.86989
3.10506
3.23324
3.14743
3.13598
3.26403
3.57836
3.25055
3.36147
3.37834
3.49526
3.26757
3.01744
3.4763
3.68574
3.36206
3.36694
3.19341
2.74743
2.68281
2.89414
2.73213
3.17441
3.08224
3.09659
3.04138
3.2134
3.62205
3.72257
4.22132
4.39529
4.18197
4.28189
4.33423
4.40346
4.69442
4.59505
4.72047
4.8942
4.9749
4.9203
5.75807
5.52812
5.72319
5.52546
4.90537
3.17301
3.44487
3.60556
3.77962
3.99127
4.04838
4.36572
4.59031
4.8518
5.08801
4.0877
4.01967
3.84584
3.87828
3.89799
4.23951
4.28282
4.38213
4.78398
7.47233
5.26298
5.57669
5.99986
5.06043
3.78442
3.39211
3.25699
3.30358
3.18855
3.32181
3.33871
3.565
3.70321
3.50969
3.68023
3.79453
3.85272
3.71987
3.96186
4.10765
4.25614
4.12299
3.85188
3.39602
3.29612
3.33961
3.95337
4.31247
4.67706
4.29386
4.01264
3.80311
3.98143
4.39465
3.64336
3.8713
3.97724
3.82627
4.30593
4.11162
4.09493
4.69846
2.965
3.1568
3.41114
3.30931
3.43258
3.54483
3.63075
3.56428
3.80745
3.52249
3.34566
3.98313
3.91804
3.65692
3.57752
3.66455
3.7657
3.4259
3.39058
3.54587
3.59084
4.07275
4.23361
3.58087
3.91164
3.87225
3.61514
3.87607
3.92006
3.26809
3.51752
2.83964
2.83917
3.00303
3.03696
3.30231
3.39061
3.77711
3.62261
2.91269
3.33051
3.79811
4.0881
3.65229
3.55436
4.24018
4.62139
4.69564
4.6746
4.73596
3.36578
3.34687
3.27492
3.40634
2.74971
2.82716
2.80506
2.99896
3.09267
3.28137
3.77356
3.71667
3.39925
3.44451
4.12176
4.42293
5.40127
3.99114
3.03816
2.68239
2.79202
3.5656
3.81132
3.33709
2.78065
3.67333
3.57537
3.79448
3.96325
3.95406
3.32944
3.1959
3.12615
3.4082
3.48579
3.52162
3.3316
3.37838
3.8638
3.77605
3.27853
3.11345
3.43074
3.71572
3.38153
3.38036
3.3534
3.38761
3.50414
3.40498
3.43325
3.48059
3.5405
3.28808
3.38469
3.34736
3.37065
3.47916
3.32414
3.23808
3.46515
3.49143
3.4331
3.40991
3.34532
3.41878
3.59763
3.6414
3.64139
3.56711
3.54183
3.82933
3.94285
4.14867
3.02462
2.77139
2.69857
2.52293
1.76195
2.15363
2.20232
2.40277
2.72535
2.84782
2.80704
3.00708
3.19498
3.37636
2.34155
2.16308
2.29189
2.67922
3.0409
2.9825
3.07678
3.02801
2.89607
2.35298
2.14204
2.10907
2.15324
2.41712
2.40301
2.50082
2.65633
2.98649
2.73517
2.85195
2.79772
3.00428
2.88409
2.40071
2.5885
2.68185
3.55027
3.22352
3.55295
3.66896
3.36001
3.49642
3.45611
3.80301
3.36945
3.09225
2.98384
2.49599
2.63778
2.7931
2.64324
2.78367
2.91004
2.99109
2.99199
2.56741
2.70199
2.91269
2.97527
2.92024
3.02123
3.13222
3.16197
3.25664
3.16543
3.2423
3.4467
3.52662
3.46422
3.32611
3.10406
3.80384
3.57984
3.61046
3.54602
3.74583
3.75601
3.92315
4.01663
4.11569
4.09045
3.92971
3.95323
3.46812
3.67192
3.86593
4.01411
3.94013
3.87913
3.84306
3.93984
4.13365
4.20091
4.39069
4.37159
3.8855
3.67211
3.5931
3.71148
3.86629
3.49277
3.23073
3.24538
3.8118
3.52411
3.29707
3.2721
3.55185
3.33285
3.72059
3.40243
3.51863
3.31901
3.17958
3.22312
3.06374
3.14966
3.6836
3.60786
3.51904
3.60588
3.77172
3.76081
3.9307
3.82545
3.42698
3.75836
3.3535
3.32965
3.44662
3.2655
3.20668
3.39288
3.62548
3.65606
3.53523
3.45664
3.68585
2.70935
2.78308
3.31819
3.29845
3.43762
2.94013
2.98548
3.13082
3.10238
3.10452
3.08167
3.4275
3.46956
3.35317
3.23589
3.57262
3.87319
3.56316
3.66194
3.52646
3.66156
3.55963
3.43011
3.7373
4.18778
3.46996
3.08808
3.14166
3.29818
2.9626
2.9412
2.93323
3.0167
2.85055
3.02582
3.36751
3.41302
3.44248
2.98385
3.31446
3.10261
3.44667
3.87596
3.73429
3.59118
3.60875
3.7364
3.86275
3.6376
3.40611
3.83604
3.46394
4.3813
4.29494
4.16283
4.33608
4.00763
4.0811
4.26497
4.15669
4.17328
4.37912
4.16109
3.33212
3.57104
3.55503
3.96572
3.28484
3.58525
3.51206
3.44328
3.80737
3.88772
3.91013
3.92979
3.89858
3.8201
4.01585
3.85941
3.87615
4.01978
3.83686
3.8959
3.87514
3.86542
4.03062
4.04735
3.80362
3.99578
4.18052
3.82173
3.92703
4.43972
4.05134
3.29268
2.95571
2.66302
2.61341
2.2276
2.52
2.49091
2.30548
2.39561
2.29639
2.27835
2.47769
2.60282
2.76402
2.50354
2.48564
5.02095
2.21858
2.40714
2.48799
2.82174
2.66141
3.1994
3.2102
3.20958
3.78001
3.67654
3.60649
3.66279
4.32511
4.57993
4.00031
3.55556
3.3512
3.40923
3.08768
3.17394
2.87695
2.70555
2.71556
2.73909
2.64138
3.00356
2.76355
2.51035
2.50369
2.81113
2.52698
2.35596
2.58954
2.69813
2.44518
2.61266
2.76029
2.96116
2.97032
2.92989
2.78685
2.8823
2.56844
2.67172
2.9259
3.28098
3.49474
3.70239
3.56504
3.67434
3.43819
3.79337
3.59128
3.99188
3.54393
3.68277
3.85933
3.66365
3.7696
3.78934
3.76897
3.71756
3.67477
3.69751
3.71131
3.76444
3.84071
3.69077
3.65657
3.49655
3.34951
3.45101
3.24033
3.29686
3.27914
3.26423
3.36213
3.44372
3.23475
3.28755
3.435
2.99472
3.46376
3.31997
3.48397
3.41583
3.32415
3.26597
3.06889
2.6141
2.81483
2.87371
2.93043
2.98785
3.03797
3.25714
3.13779
2.98268
3.13485
3.14356
3.16548
3.16027
3.33043
3.19668
3.1577
3.11985
3.42273
2.96517
3.08355
3.29251
3.43797
3.95998
4.08516
3.77851
3.98699
4.4539
4.53779
4.29471
4.77053
3.63311
4.03748
4.68209
4.18162
3.60565
3.929
3.24339
2.73513
2.6439
2.69939
2.71924
3.04542
2.80853
3.07711
2.8635
3.28975
3.18665
2.67588
3.01579
2.83569
2.86706
2.91365
2.9502
2.78674
2.82913
3.22219
2.76026
2.65943
2.7771
3.2019
2.77281
2.67573
2.72102
2.7668
2.76306
2.66373
2.68066
2.73819
2.97661
3.04243
2.82632
2.84281
2.77975
2.59996
2.47415
2.56784
2.56633
2.48054
2.52048
2.11017
2.52611
2.46896
2.38136
2.67596
2.79189
2.75911
2.72446
2.77934
2.77921
2.95099
2.97272
2.95152
2.87933
2.92556
2.77264
2.68714
1.98897
2.33676
2.45869
2.37087
2.47022
2.61527
2.92883
2.80029
2.66545
2.61452
2.59202
2.31916
2.56676
2.76515
2.35669
2.58581
2.51829
2.92476
3.06938
2.67441
2.617
2.75954
2.83078
2.64113
2.69562
2.62932
2.64876
2.51975
2.78653
2.72411
2.49827
2.34966
2.68058
2.8924
3.01767
2.77816
2.34859
2.43656
2.96488
3.04628
2.68078
2.75571
2.98793
3.35046
2.94878
2.86486
3.05355
2.63348
2.50839
2.91682
2.61326
2.67105
2.84685
2.74823
2.59414
2.80108
2.9692
2.67048
2.82764
2.94755
2.87267
3.08524
2.98287
3.2851
2.92444
2.8572
2.63965
2.7049
2.78729
2.80584
2.7819
2.66105
2.80992
2.91757
3.02746
2.80233
2.82702
2.83323
3.02629
2.88342
2.73661
3.05386
2.934
3.01493
2.84744
3.06261
2.86795
3.06768
3.15019
3.13457
3.19891
3.23277
3.16627
3.17467
3.09355
3.11962
3.11213
3.17448
2.93341
2.96458
3.02337
3.1008
2.85687
3.03003
2.86097
3.0222
2.61145
2.79007
2.97628
2.99459
2.92385
2.79266
2.93056
2.77187
2.6373
2.79505
3.20283
3.11625
3.17314
3.26375
3.01035
2.84527
2.85626
2.79385
2.90898
2.70994
2.98
2.88541
3.02502
2.79195
3.11125
2.89096
3.0697
2.98424
3.08253
2.99394
2.7308
2.72456
2.93848
2.99613
2.93752
2.82719
2.90038
3.07899
3.04907
2.96659
2.9691
2.82554
2.731
2.93188
3.03804
2.83449
2.65817
2.86843
3.02338
2.87659
3.08745
2.96242
3.18421
3.05141
2.97026
2.84546
3.02493
3.04627
2.83276
2.88911
2.91606
3.02034
3.13905
3.03851
2.93802
3.11422
3.05936
2.92447
3.25104
2.69782
3.02395
3.02466
3.11997
2.97721
3.14834
3.13287
3.06391
3.11167
3.03732
2.97876
3.12529
3.27526
3.03475
2.98906
3.34518
3.21751
3.27099
3.13694
3.00268
3.11066
3.04824
2.92683
2.80576
3.426
3.07849
3.41808
3.02405
3.13738
2.85515
3.12847
3.26659
3.09384
3.23299
3.3023
3.1354
3.19881
3.01355
3.20848
3.14268
3.1107
3.3713
3.3246
3.13796
3.20614
3.25319
3.20279
3.17321
3.05566
3.2393
3.1384
3.19707
3.27207
2.77146
2.99731
3.09826
3.06527
3.1757
3.34096
2.9653
2.81737
2.83372
3.12628
2.88061
2.87468
2.96826
3.02824
3.09354
3.14548
3.21913
3.11079
3.1622
3.21843
3.1976
3.18251
3.04039
3.76812
3.63353
3.75612
3.84681
4.14854
4.18258
3.95504
4.00399
3.71341
3.66815
3.6813
3.6849
4.0185
3.85817
3.70354
3.41227
3.25811
3.27497
3.86423
3.89632
3.81585
3.66798
3.76271
3.80395
3.5994
3.49551
3.48103
3.43709
3.70133
3.36362
3.37221
3.38694
3.36518
3.72778
4.10281
3.96179
3.59032
3.95113
3.79438
3.74891
3.81375
3.69664
3.67704
3.46126
3.42561
3.44356
3.63006
3.50382
3.36148
3.73392
3.45536
3.50511
3.62329
3.60074
3.51402
3.4949
3.54756
3.46856
3.59846
3.56858
3.50351
3.48534
3.37635
3.46391
3.35769
3.29344
3.41594
3.54707
3.57076
3.53999
3.27269
3.67538
3.52459
3.39903
3.31324
3.46033
3.4897
3.44986
3.53407
3.67471
3.79015
4.0651
3.85153
3.78185
3.59978
3.86133
3.57626
3.62989
3.43526
3.51456
3.49196
3.49716
3.4717
3.27385
3.44815
3.47231
3.67081
3.67576
3.51506
3.72265
3.40931
3.49519
3.35067
3.47338
3.36534
3.46298
3.44498
3.45058
3.57608
3.52315
3.42648
3.71932
3.46226
3.27319
3.32495
3.39901
3.57491
3.38787
3.54359
3.54591
3.6987
3.58268
3.49774
3.38314
3.32475
3.46149
3.52016
3.45798
3.65153
3.38888
3.55883
3.76347
3.64482
3.48893
3.69348
3.46397
3.55411
3.7602
