0.81296
0.59584
0.5928
0.64957
0.50339
0.42286
0.32284
0.28218
0.24547
0.24743
0.22113
0.20432
0.20198
0.21307
0.20989
0.19889
0.1885
0.20162
0.18135
0.1513
0.14801
0.15409
0.15635
0.14672
0.13066
0.11912
0.11645
0.10673
0.10511
0.08748
0.07865
0.07819
0.06815
0.0684
0.06075
0.05544
0.05832
0.05637
0.05875
0.05432
0.05411
0.04913
0.0469
0.04722
0.04582
0.04334
0.04227
0.04036
0.04038
0.03733
0.03587
0.0353
0.03553
0.03602
0.03365
0.03277
0.02861
0.02802
0.02788
0.02759
0.02573
0.02704
0.02626
0.02447
0.02576
0.02397
0.0226
0.02178
0.02121
0.02027
0.0192
0.0194
0.02065
0.01942
0.01946
0.01794
0.01703
0.01801
0.01726
0.01575
0.01641
0.01474
0.01419
0.01427
0.0136
0.0134
0.01253
0.01231
0.01187
0.01157
0.01165
0.01115
0.01099
0.01034
0.01032
0.01131
0.01037
0.01035
0.00961
0.00907
0.00941
0.00988
0.00944
0.00926
0.00956
0.00982
0.01002
0.00923
0.01032
0.01035
0.01
0.01129
0.01098
0.01074
0.01084
0.01022
0.00983
0.01067
0.01019
0.00989
0.0107
0.01115
0.01115
0.01108
0.01081
0.01026
0.00929
0.00981
0.01048
0.01015
0.00965
0.00951
0.00977
0.00866
0.00832
0.0085
0.00822
0.00817
0.00795
0.00778
0.00735
0.00742
0.0068
0.00754
0.00743
0.00678
0.00746
0.00721
0.00781
0.00801
0.00864
0.00928
0.0095
0.00897
0.00968
0.00968
0.011
0.00958
0.01064
0.01104
0.01134
0.0115
0.01151
0.0119
0.01265
0.01477
0.01637
0.01813
0.02209
0.03838
1.27476
0.1819
0.13842
0.11941
0.09261
0.07888
0.07397
0.10331
0.10003
0.08289
0.09035
0.0876
0.07575
0.08844
0.09177
0.08033
0.06854
0.07032
0.0932
0.08776
0.08998
0.06223
0.05402
0.04231
0.03597
0.02907
0.02428
0.02352
0.03038
0.05575
0.07811
0.38876
0.10322
0.08905
0.11017
0.09042
0.11503
1.32286
1.08746
0.86295
0.91359
0.78186
0.6141
0.77581
0.80486
0.53702
1.04058
0.7877
0.87337
0.72747
0.91475
0.83317
0.82032
0.7406
0.74989
0.5931
1.05319
0.65493
0.57275
0.90476
0.80352
0.63301
0.97164
0.58886
0.85467
0.8711
0.51887
0.51922
0.49517
0.55244
0.43458
0.27819
0.46731
0.37957
0.30241
0.54082
0.41315
0.24974
0.158
0.13694
0.2139
0.62911
0.36502
0.20907
0.26244
0.16786
0.1564
0.18138
0.09753
0.10021
0.18296
0.13487
0.08775
0.0868
0.097
0.0617
0.05759
0.06014
0.07645
0.07298
0.06838
0.22912
0.10613
0.18581
0.15865
0.08135
0.09564
0.14931
0.34631
0.10226
0.07056
0.0763
0.05714
0.06419
0.11376
0.39862
0.46069
0.19102
0.11162
0.09572
0.08348
0.07775
0.07637
0.21286
1.13556
0.25986
0.16391
0.18194
0.09989
0.15184
0.09735
0.07485
0.28701
0.15852
0.09138
0.06754
0.31362
0.13648
0.23039
0.17138
0.13752
0.29977
0.12885
0.12697
0.2663
0.12953
0.11593
0.19099
0.09683
0.08928
0.08241
0.09654
0.11284
0.10713
0.09093
0.08065
0.15487
0.09414
0.14928
0.10928
0.10999
0.08873
0.11857
0.26775
0.22137
0.21872
0.28979
0.14013
0.16551
0.57881
0.31409
0.47143
0.26022
0.29278
0.16888
0.18355
0.18848
0.2491
0.58266
0.2235
0.23789
0.14369
0.25685
0.35641
0.26254
0.32958
0.36343
0.39057
0.4449
0.82967
0.32962
0.52112
0.47223
0.37312
0.28211
0.38602
0.36872
0.28525
0.2182
0.16848
0.15912
0.20058
0.11768
0.0731
0.07917
0.06536
0.0598
0.0603
0.0689
0.04965
0.05181
0.2332
0.08113
0.08166
0.08296
0.08357
0.52023
0.23333
0.15104
0.17846
0.13689
0.09116
0.10901
0.07887
0.076
0.04977
0.04069
0.3262
0.16581
0.15981
0.14015
0.18661
0.09626
0.10266
0.14728
0.05521
0.81325
0.11537
0.02998
0.02158
0.34098
0.36412
0.59554
0.22947
0.12014
0.12764
0.18982
0.12795
0.10356
0.14331
0.23648
0.16118
0.08015
0.06691
0.0897
0.07701
0.07825
0.06801
0.83087
0.29616
0.15839
0.13964
0.15078
0.09734
0.07743
0.06149
0.1787
0.11454
0.25092
0.10262
0.26334
0.14383
0.09127
0.08689
0.10724
0.05848
0.13963
0.14211
0.17073
0.28727
0.1794
0.1478
0.1518
0.18267
0.13955
0.12291
0.15982
0.11009
0.17902
0.26029
0.10775
0.13789
0.24106
0.39624
0.1869
0.17098
0.15635
0.16669
0.23101
0.26171
0.12641
0.17251
0.12839
0.18326
0.17941
0.26681
0.20596
0.22122
0.34708
0.71995
0.65288
0.2875
0.27737
0.35534
0.24385
0.29723
0.1306
0.31463
0.41224
0.18909
0.15413
0.1287
0.48425
0.18004
0.10268
0.05759
0.04665
0.03777
0.16493
0.20565
0.27833
0.20779
0.6062
0.36575
0.34743
0.31108
0.20677
0.29121
0.23572
0.10792
0.12909
0.2908
0.24429
0.1047
0.05728
0.06329
0.42267
0.90277
0.46955
0.4467
0.19508
0.12262
0.34519
0.61593
0.28351
0.2467
0.08385
0.05701
0.09815
0.18538
0.28611
0.57817
0.25958
0.19819
0.14128
0.25406
0.20467
0.27927
0.20919
0.54542
0.22513
0.22392
0.22459
0.2494
0.26015
0.24887
0.28376
0.16353
0.19917
0.19528
0.15598
0.19766
0.16401
0.18286
0.19387
0.19095
0.22745
0.16793
0.21502
0.12681
0.16582
0.14658
0.20436
0.14198
0.19046
0.22133
0.11665
0.11173
0.24834
0.14393
0.13867
0.13019
0.23843
1.10051
0.97599
0.7322
0.99005
0.97126
0.57958
0.65818
0.51381
0.33469
0.18844
0.20363
0.26317
0.19999
0.16967
0.70314
0.49297
0.39947
0.32044
0.29885
0.39097
0.27992
0.32231
0.32282
1.21347
0.65834
0.46388
0.42404
0.47688
0.44024
0.34531
0.46486
0.31548
0.50667
0.26368
0.37196
0.38129
1.08461
0.51577
0.37691
0.34629
0.31819
0.44082
0.13908
0.27463
0.14287
0.12177
0.16329
0.54757
0.50891
0.59735
1.08557
0.86395
0.54238
0.61236
0.40945
0.47103
0.39838
0.22838
0.30713
0.58819
0.2764
0.20634
0.19588
0.1918
0.19683
0.17528
0.187
0.15859
0.20801
0.19046
0.19486
0.16334
0.46312
0.21012
0.23023
0.59044
0.16635
0.10457
0.23711
0.12556
0.1016
0.06486
0.06195
0.05335
0.05429
0.11417
0.10901
0.10404
0.08676
0.06729
0.06855
0.06871
0.08759
0.12181
0.12273
0.11461
0.06171
0.05843
0.05273
0.20404
0.15139
0.1201
0.09564
0.08467
0.35089
0.2163
0.2565
0.28826
0.20919
0.20851
0.24382
0.15126
0.21475
0.62523
0.45088
0.12701
0.15936
0.14855
0.14706
0.1736
0.24516
0.22375
0.15632
0.15538
0.11831
0.1064
0.09169
0.08248
0.13437
0.1501
0.10917
0.26427
0.18002
0.12365
0.34585
0.25857
0.13089
0.21464
0.60292
0.32034
0.83709
0.64276
0.49313
0.25679
0.36916
0.23836
0.26024
0.2301
0.28452
0.25471
0.19412
0.16433
0.20609
0.15181
0.18541
0.19017
0.23903
0.41663
0.54894
0.3898
0.16981
0.1272
0.17415
0.1614
0.46773
0.2818
0.3279
0.56638
0.38059
0.31071
0.43168
0.66136
0.68296
0.42768
0.48598
0.4483
0.38997
0.58508
0.37886
0.46579
0.36954
0.56277
0.51409
0.35503
0.1204
0.43173
0.31799
0.36067
0.10462
0.23066
0.16729
0.18533
0.17684
0.1134
0.16124
0.09093
0.11332
0.08004
0.18611
0.07048
0.05308
0.12608
0.16638
0.15377
0.57176
0.3032
0.2106
0.35473
0.31267
0.15384
0.10966
0.12922
0.20395
0.1597
0.08736
0.11795
0.27766
0.24479
0.35894
0.35821
0.36151
0.30312
0.2264
0.15722
0.15593
0.1522
0.14866
0.16919
0.20423
0.40566
0.29473
0.23931
0.22254
0.2205
0.33506
0.14585
0.64265
0.81573
0.79738
0.89371
0.55215
0.39658
0.65247
0.55206
0.36414
0.93642
0.4546
0.35579
0.3157
0.47458
0.50369
0.47121
3.65065
0.55644
0.59883
0.51276
0.3651
0.49986
0.24256
0.73096
0.29618
0.23669
0.24294
0.15959
0.21553
0.22382
0.03798
0.28693
0.33239
0.27867
0.47296
0.48714
0.38911
0.31812
0.32233
0.32305
0.40881
0.26523
0.51843
0.75591
0.59495
0.36968
0.32642
0.71504
0.34877
0.60478
0.78766
0.49464
0.6695
0.41278
0.51683
0.26646
0.31361
0.40248
0.36191
0.59048
0.56933
0.26348
0.26582
0.13344
0.12984
0.17734
0.14393
0.2837
0.25403
0.30612
0.14337
0.32534
0.37707
0.16557
0.18893
0.1701
0.16473
0.10764
0.16287
0.21229
0.11889
0.13255
0.15357
0.15338
0.18834
0.21004
0.15748
0.20036
0.15891
0.2282
0.2156
0.17072
0.26115
0.19205
0.2423
0.32929
0.29478
0.34413
0.3136
0.18108
0.1563
0.26868
0.13657
0.3791
0.34146
0.45701
0.67441
0.35013
0.22927
0.21678
0.42745
0.49764
0.26834
0.44134
0.49721
0.25507
0.30331
0.26846
0.26624
0.33067
0.41892
0.20223
0.45918
0.21583
0.85751
0.40574
0.22788
0.29702
0.2268
0.13606
0.38793
0.10078
0.05353
0.21745
0.16868
0.24365
0.43486
0.09899
0.16707
0.17292
0.31739
0.51612
0.72524
0.68928
0.40354
0.41702
0.39443
0.41433
0.6846
0.4339
0.5678
0.30468
0.62303
0.7478
0.59438
0.45906
0.95757
0.34997
0.41222
0.57162
0.3606
0.23236
0.61747
0.60796
0.57209
0.52181
0.80626
0.6027
0.46993
0.40909
0.53773
0.60038
0.44853
0.45032
0.20549
0.20418
0.38043
0.61452
0.49625
1.0682
0.65911
0.45558
0.66716
0.34229
1.27309
0.81525
0.60617
0.62601
0.58436
0.35716
0.26803
0.41712
0.53181
0.62088
0.42005
0.43928
0.27929
0.58546
0.78275
0.64246
0.48738
1.07806
1.0727
0.7877
0.72514
0.38573
0.56346
0.5183
0.66059
0.37488
0.64584
0.58108
0.73069
0.67392
0.59283
0.52838
0.77753
0.6036
0.60525
0.26987
0.39696
0.74589
0.3971
0.64701
0.59044
0.56054
0.45271
1.62652
0.65724
0.64019
0.38263
0.41689
0.79546
0.47327
0.85848
0.33021
0.53727
0.35057
1.12358
0.40984
0.33859
0.85005
0.58127
0.34869
0.34239
0.2211
0.9046
0.48683
0.23077
0.77357
0.4311
0.32641
0.47209
0.54924
0.68232
0.33112
0.46921
0.48136
0.3719
0.65593
0.5557
0.43852
0.52166
0.34276
0.32952
0.2179
0.49465
0.77485
0.57428
0.68332
0.51868
0.54269
0.37541
0.50891
0.43474
0.68339
0.50778
0.77097
0.5251
0.31901
0.56172
0.73983
0.37375
0.31485
0.51995
0.42147
0.31958
0.2295
0.28278
0.44226
0.17704
0.29092
0.27924
0.38027
0.43641
0.24707
0.44653
0.2891
0.50623
0.43624
0.27384
0.42541
0.34607
0.44962
0.46973
0.48025
0.53362
0.84793
0.52215
0.66031
0.31361
0.65248
0.49391
0.41847
0.57595
0.63138
0.64578
0.39554
0.41563
0.54962
0.53761
0.58193
0.34948
0.55429
0.7612
0.50454
0.809
0.61134
0.37462
0.28741
0.33957
0.40428
0.30096
0.49476
0.24805
0.27389
0.43236
0.63752
0.50055
0.41046
0.27531
0.49259
0.26457
0.5193
0.57111
0.57554
0.32862
0.45757
0.45356
0.31222
0.90273
0.3005
0.77059
0.40191
0.72241
0.33283
0.20658
0.42881
0.47062
0.36087
0.42966
0.68096
0.3335
0.46341
0.40633
0.46119
0.47916
0.29535
0.29761
0.25531
0.24684
0.26199
0.57917
0.46803
0.34913
0.32768
0.5704
0.66529
0.31998
0.26977
0.30175
0.50035
0.67611
0.27706
0.33244
0.71784
0.68317
0.28996
0.40803
0.16699
0.49774
0.44381
0.69562
0.3329
0.23229
0.26103
0.43197
0.21704
0.80576
0.23446
0.54361
0.22891
0.70538
0.71236
0.27316
0.29545
0.29168
0.3486
0.3786
0.37711
0.21468
0.61424
0.56693
0.27754
0.24705
0.51154
0.31579
0.22617
0.19852
0.90403
0.29213
0.23029
0.27899
0.49831
0.6705
0.2922
0.18859
0.17842
0.15474
0.17026
0.80614
0.48082
0.20218
0.22322
0.61678
0.37587
0.68103
0.24943
0.26159
0.25508
0.77917
0.24963
0.7815
0.32573
0.21446
0.29782
0.32907
0.30834
0.37788
0.17569
0.18129
0.46326
0.22351
0.44696
0.13814
0.22767
0.09889
0.13916
0.43339
0.16717
0.3004
0.12264
0.15605
0.45172
0.47813
0.23982
0.12187
0.68915
0.17171
0.14735
0.15175
0.09488
0.10955
0.10193
0.26328
0.1373
0.1176
0.20469
0.14499
0.1438
0.40778
0.67394
0.33524
0.16438
0.14463
0.17264
0.11464
0.4511
0.12725
0.2913
0.10532
0.21467
0.10107
0.15989
0.19365
0.15974
0.12426
0.11816
0.11938
0.17662
0.16126
0.19295
0.62076
0.14537
0.23287
0.13041
0.14873
0.12752
0.48165
0.21685
0.17062
0.16099
0.57939
0.13798
0.46482
0.42231
0.14937
0.52306
0.31354
0.46191
0.13334
0.15151
0.65123
0.16081
0.40046
0.17386
0.12558
0.79157
0.15646
0.1234
0.13215
0.22012
0.11807
0.3229
0.21119
0.1283
0.16544
0.47988
0.32727
0.12727
0.12198
0.20919
0.52696
0.49693
0.65481
0.20053
0.20106
0.23915
0.31275
0.44987
0.34997
0.16542
0.15395
0.26797
0.15007
0.16551
0.14228
0.2602
0.23873
0.13869
0.16597
0.1412
0.40074
0.16265
0.44624
0.15039
0.21866
0.52247
0.41846
0.20247
0.21171
0.182
0.58615
0.59419
0.29634
0.73383
0.31265
0.20918
0.16226
0.12928
0.29699
0.15994
0.17401
0.7745
0.16165
0.20618
0.1611
0.52591
0.12445
0.12836
0.55686
