0.37971
0.28597
0.26149
0.24418
0.18153
0.1612
0.14384
0.15138
0.13643
0.13664
0.1153
0.10797
0.10756
0.11193
0.10789
0.10149
0.09748
0.10173
0.08849
0.07303
0.07313
0.07375
0.07239
0.06463
0.05574
0.05433
0.05247
0.04992
0.05069
0.04245
0.03934
0.04002
0.03445
0.03448
0.03142
0.02809
0.03183
0.02988
0.03235
0.02891
0.02802
0.02593
0.02381
0.02459
0.02371
0.02131
0.02166
0.02026
0.02103
0.01869
0.01809
0.0189
0.01928
0.0198
0.01876
0.0179
0.01484
0.01526
0.01538
0.01502
0.01403
0.01384
0.01488
0.01333
0.0147
0.013
0.01257
0.01184
0.0119
0.01151
0.01095
0.01115
0.01288
0.01142
0.01189
0.01052
0.00987
0.0112
0.01041
0.00929
0.0103
0.00872
0.00847
0.00854
0.00832
0.00823
0.00751
0.00767
0.00719
0.0071
0.00716
0.0069
0.0068
0.00609
0.00653
0.00713
0.00648
0.00662
0.00593
0.00553
0.0058
0.00629
0.00593
0.00598
0.0062
0.00625
0.0066
0.00582
0.0069
0.0068
0.00619
0.00713
0.00709
0.00671
0.00664
0.00599
0.00566
0.00634
0.00598
0.00586
0.00636
0.00683
0.00683
0.00665
0.006
0.00616
0.00527
0.00585
0.00645
0.00604
0.00574
0.00569
0.0059
0.00481
0.00473
0.00481
0.00466
0.00466
0.00461
0.00444
0.0041
0.00425
0.00371
0.00436
0.00422
0.00378
0.00447
0.00413
0.00476
0.00485
0.00537
0.00568
0.00591
0.00524
0.00571
0.00554
0.00624
0.00522
0.00616
0.0062
0.00643
0.00609
0.00604
0.00601
0.00638
0.0076
0.00801
0.00837
0.00975
0.01577
0.09719
0.04993
0.03798
0.03106
0.02419
0.02029
0.0199
0.03082
0.03171
0.02718
0.02951
0.0291
0.02596
0.02966
0.03093
0.02641
0.02225
0.02401
0.03088
0.02981
0.03061
0.02427
0.02155
0.01713
0.01471
0.01238
0.01026
0.01021
0.01219
0.02189
0.02842
0.06072
0.03882
0.03359
0.04312
0.03293
0.04237
0.19252
0.21555
0.19312
0.21305
0.20434
0.16913
0.19923
0.20871
0.17897
0.25322
0.23123
0.24984
0.23317
0.265
0.25512
0.25491
0.24929
0.24812
0.21079
0.30135
0.23861
0.21327
0.28336
0.26985
0.23417
0.29955
0.22639
0.26813
0.28
0.20587
0.20422
0.19253
0.184
0.15457
0.10915
0.1401
0.12691
0.11824
0.13488
0.1554
0.10393
0.06717
0.05747
0.08446
0.11391
0.11811
0.07916
0.08681
0.07068
0.06445
0.06839
0.03843
0.03959
0.05543
0.05475
0.0372
0.03586
0.03967
0.02672
0.02484
0.02401
0.03046
0.03096
0.02659
0.05352
0.04125
0.05651
0.05726
0.03354
0.04181
0.0559
0.06807
0.04725
0.03113
0.03431
0.02548
0.0273
0.04845
0.07813
0.08925
0.06306
0.04686
0.0389
0.03404
0.03369
0.03203
0.06679
0.21189
0.09284
0.06868
0.07079
0.04405
0.05747
0.04168
0.03253
0.09907
0.06237
0.03969
0.03002
0.08687
0.05716
0.08428
0.06604
0.05629
0.10082
0.0566
0.05504
0.0835
0.05753
0.04742
0.07309
0.04283
0.03979
0.03746
0.04288
0.04974
0.04737
0.03983
0.03636
0.05572
0.0407
0.05617
0.04547
0.04708
0.03845
0.05182
0.06829
0.08515
0.06108
0.08074
0.05962
0.0648
0.15604
0.11001
0.15602
0.10161
0.10033
0.07002
0.07668
0.07634
0.08579
0.15648
0.09437
0.08617
0.06366
0.09771
0.0994
0.09125
0.08841
0.10718
0.11609
0.13591
0.20565
0.12716
0.16606
0.16002
0.12352
0.10095
0.12148
0.1202
0.09475
0.07991
0.06174
0.05875
0.05978
0.04557
0.0322
0.03349
0.02837
0.0259
0.02645
0.02887
0.02231
0.02295
0.06153
0.03301
0.03406
0.0344
0.0341
0.0889
0.09109
0.0612
0.06761
0.05159
0.04049
0.04451
0.03355
0.03401
0.02266
0.01849
0.08408
0.06059
0.06619
0.04861
0.06191
0.03969
0.03986
0.0481
0.02528
0.07232
0.03768
0.01635
0.01042
0.07814
0.09137
0.13692
0.08545
0.05516
0.05552
0.07282
0.05728
0.04552
0.0586
0.08997
0.06302
0.03674
0.03161
0.04167
0.03341
0.03332
0.02969
0.12149
0.07251
0.06229
0.05926
0.06348
0.0414
0.03293
0.02425
0.05813
0.04485
0.08673
0.04264
0.07726
0.05194
0.039
0.03785
0.04201
0.02455
0.04911
0.05242
0.03326
0.11099
0.07313
0.06143
0.06619
0.06977
0.05562
0.05229
0.06443
0.04982
0.0737
0.09687
0.04532
0.05243
0.08195
0.10472
0.06985
0.06449
0.06478
0.06602
0.08279
0.08841
0.0524
0.06087
0.05687
0.06971
0.06724
0.08485
0.06875
0.07076
0.11747
0.16682
0.19394
0.11379
0.11139
0.10871
0.09395
0.10711
0.05697
0.09724
0.13981
0.07939
0.06135
0.05389
0.14506
0.07266
0.04387
0.02613
0.02184
0.01739
0.04189
0.07732
0.10346
0.08636
0.15414
0.13605
0.13103
0.11492
0.08922
0.10981
0.09499
0.04855
0.05459
0.10748
0.09055
0.04451
0.0276
0.02826
0.12352
0.21554
0.1679
0.15262
0.07671
0.0502
0.10559
0.18216
0.09117
0.07338
0.03802
0.02678
0.03824
0.07527
0.1023
0.15045
0.08869
0.07406
0.05479
0.08238
0.07681
0.0941
0.06174
0.13821
0.08536
0.07627
0.07771
0.0877
0.08637
0.08274
0.09298
0.05682
0.07476
0.06961
0.05793
0.07134
0.07093
0.07083
0.06704
0.07392
0.07856
0.06375
0.07885
0.05523
0.06133
0.0557
0.07623
0.05939
0.06984
0.07499
0.04944
0.04501
0.0851
0.05816
0.05245
0.04618
0.06104
0.27139
0.26949
0.21903
0.25762
0.3091
0.20839
0.22743
0.17868
0.12749
0.08008
0.08796
0.09765
0.07582
0.06829
0.22348
0.18849
0.1602
0.13071
0.11388
0.13828
0.11556
0.12851
0.12604
0.29399
0.224
0.18404
0.17173
0.17186
0.16639
0.13868
0.15332
0.12028
0.16575
0.10401
0.13936
0.13052
0.2395
0.18107
0.1468
0.13337
0.10825
0.12115
0.05836
0.0901
0.06102
0.05334
0.06751
0.14448
0.15192
0.17012
0.2547
0.24399
0.17759
0.19147
0.1511
0.16
0.13815
0.09526
0.11445
0.17546
0.11617
0.08794
0.08599
0.08423
0.08652
0.0774
0.07834
0.06919
0.08303
0.07804
0.07766
0.06929
0.12444
0.08239
0.09181
0.15943
0.06737
0.04478
0.08194
0.04973
0.04206
0.03146
0.02798
0.02548
0.02475
0.04175
0.04653
0.0456
0.04
0.02972
0.02903
0.03051
0.03379
0.0504
0.04461
0.04467
0.02482
0.02606
0.02354
0.06908
0.05681
0.05122
0.03834
0.038
0.11139
0.08681
0.09901
0.09263
0.08452
0.08576
0.09132
0.06477
0.08437
0.14873
0.13701
0.0511
0.06645
0.0668
0.06447
0.0763
0.09772
0.08093
0.06553
0.06188
0.05237
0.04613
0.04339
0.03672
0.0575
0.06404
0.0464
0.09929
0.07116
0.05372
0.10396
0.09877
0.05807
0.07498
0.12964
0.11695
0.21107
0.15628
0.17335
0.11078
0.1245
0.09083
0.09134
0.09737
0.10523
0.09387
0.08195
0.07264
0.08408
0.06714
0.07716
0.07988
0.09332
0.12636
0.14834
0.10492
0.06953
0.0557
0.0649
0.06792
0.12801
0.10266
0.09328
0.15261
0.1337
0.11671
0.14704
0.19295
0.20095
0.15115
0.16363
0.16216
0.13974
0.17835
0.12883
0.13641
0.13509
0.15668
0.16571
0.11214
0.05362
0.11511
0.10817
0.09887
0.04569
0.06956
0.06502
0.07122
0.06047
0.04871
0.05501
0.04056
0.0452
0.02922
0.05608
0.03179
0.02477
0.04897
0.05912
0.05295
0.11928
0.10659
0.08025
0.11794
0.09735
0.06602
0.04718
0.05596
0.07588
0.05759
0.04058
0.03937
0.08723
0.08339
0.10857
0.09469
0.09649
0.08679
0.06735
0.0519
0.05045
0.05384
0.05244
0.0517
0.06299
0.09988
0.07876
0.07836
0.07841
0.07697
0.09112
0.05929
0.19554
0.21577
0.22665
0.24798
0.19585
0.15065
0.20795
0.19414
0.14687
0.2578
0.16623
0.13783
0.12682
0.16907
0.17093
0.17488
0.20035
0.19761
0.20152
0.17218
0.14033
0.1694
0.08851
0.16641
0.10399
0.07333
0.09039
0.06366
0.07872
0.06371
0.01783
0.08777
0.11205
0.10213
0.15134
0.15062
0.13576
0.11916
0.12778
0.12361
0.14423
0.1127
0.15154
0.21505
0.18274
0.14803
0.12683
0.19017
0.14211
0.19044
0.18853
0.17972
0.20087
0.14615
0.17183
0.10816
0.11976
0.14925
0.12347
0.17377
0.18927
0.10543
0.09264
0.05631
0.05378
0.06673
0.05382
0.08878
0.08545
0.09416
0.05889
0.10263
0.11239
0.06525
0.06882
0.06403
0.06566
0.04749
0.0599
0.07795
0.05087
0.05802
0.06024
0.06245
0.063
0.07583
0.066
0.07923
0.06254
0.08824
0.08456
0.07302
0.09231
0.07696
0.0941
0.10834
0.1076
0.09265
0.12299
0.07456
0.06985
0.09515
0.06008
0.12944
0.12585
0.1436
0.18953
0.1338
0.09737
0.09162
0.13602
0.15126
0.09811
0.14326
0.14321
0.10187
0.11233
0.10651
0.10286
0.10946
0.13176
0.08599
0.12879
0.08725
0.20669
0.1403
0.09282
0.09133
0.07924
0.05254
0.10681
0.04601
0.02587
0.06322
0.05408
0.05559
0.11859
0.04463
0.0569
0.05696
0.10509
0.11877
0.18673
0.2091
0.15377
0.1527
0.13755
0.144
0.20931
0.14388
0.17372
0.10926
0.17835
0.21766
0.1809
0.14628
0.23291
0.13152
0.13082
0.16498
0.13242
0.09364
0.17283
0.19171
0.17991
0.13346
0.22885
0.19837
0.15871
0.14934
0.17392
0.19086
0.15742
0.15389
0.08825
0.08835
0.13661
0.18315
0.17012
0.26724
0.21126
0.17072
0.20591
0.14184
0.25976
0.25162
0.19527
0.20442
0.1942
0.13727
0.1115
0.15037
0.15722
0.18657
0.14639
0.14969
0.11242
0.16828
0.21054
0.18731
0.16713
0.2479
0.28117
0.2501
0.21902
0.15392
0.20129
0.18047
0.17943
0.14555
0.2016
0.19897
0.22453
0.22685
0.18374
0.1664
0.23608
0.19286
0.19122
0.11221
0.13476
0.21274
0.15262
0.19502
0.18618
0.18907
0.16429
0.26735
0.19454
0.2142
0.14721
0.14858
0.22466
0.17577
0.24064
0.13284
0.16317
0.13411
0.26123
0.15964
0.13146
0.18661
0.18163
0.13945
0.12177
0.09221
0.22265
0.15849
0.09699
0.22381
0.16713
0.11932
0.17371
0.18152
0.19405
0.1347
0.17427
0.15641
0.13216
0.19255
0.17815
0.15111
0.17439
0.1162
0.11904
0.09199
0.16743
0.21801
0.18374
0.19769
0.16949
0.16732
0.13388
0.16344
0.14168
0.18777
0.16066
0.20701
0.1797
0.12981
0.17537
0.18169
0.14879
0.11943
0.15142
0.13833
0.12029
0.0911
0.10865
0.13846
0.07575
0.10929
0.1054
0.1229
0.12934
0.09931
0.13315
0.11681
0.1513
0.13375
0.11608
0.13963
0.13023
0.14313
0.16219
0.14314
0.17219
0.23417
0.16839
0.18269
0.12244
0.204
0.15723
0.15827
0.19112
0.19463
0.18998
0.15056
0.13595
0.17185
0.16238
0.18717
0.13519
0.17781
0.20862
0.1662
0.21564
0.2001
0.13968
0.11908
0.12593
0.1447
0.11786
0.15715
0.10251
0.11728
0.13091
0.17723
0.16775
0.14973
0.11301
0.14423
0.11063
0.17284
0.16345
0.17188
0.12449
0.15423
0.15587
0.12744
0.23522
0.12314
0.20578
0.15418
0.21746
0.12814
0.08948
0.14546
0.15839
0.1426
0.13453
0.19008
0.12394
0.15007
0.14855
0.15726
0.15735
0.121
0.11918
0.1069
0.09941
0.10661
0.16873
0.15127
0.12614
0.12966
0.13712
0.19016
0.12155
0.10624
0.12075
0.15413
0.18394
0.11059
0.12663
0.18162
0.17536
0.1154
0.12675
0.07464
0.16386
0.14143
0.19031
0.1149
0.09622
0.10688
0.1439
0.09386
0.18365
0.10115
0.15408
0.0964
0.1842
0.17425
0.11056
0.11561
0.12066
0.11187
0.12563
0.12563
0.0888
0.16023
0.15657
0.10703
0.10521
0.14799
0.1117
0.09703
0.0803
0.17384
0.10993
0.09382
0.11026
0.14354
0.18464
0.11717
0.07987
0.07803
0.07097
0.07365
0.20758
0.1394
0.08859
0.09142
0.15347
0.09654
0.17828
0.10791
0.11101
0.10662
0.17885
0.10668
0.19883
0.12505
0.09289
0.11199
0.11271
0.11833
0.12752
0.07876
0.08087
0.12063
0.0963
0.12692
0.05878
0.07718
0.04891
0.05277
0.10244
0.0604
0.08463
0.05323
0.06397
0.1147
0.13354
0.07959
0.05461
0.17574
0.07349
0.06892
0.07053
0.04381
0.04715
0.04615
0.08293
0.05916
0.05131
0.07639
0.0652
0.06351
0.10808
0.11759
0.10471
0.07148
0.06569
0.07483
0.05405
0.11784
0.05417
0.08824
0.04864
0.07269
0.0461
0.06682
0.07459
0.06543
0.05741
0.05492
0.05369
0.06941
0.06975
0.07791
0.14418
0.06366
0.08865
0.05795
0.06634
0.0553
0.11166
0.08328
0.07391
0.06968
0.14295
0.06237
0.11233
0.11166
0.06778
0.11925
0.10494
0.12963
0.05839
0.06554
0.14657
0.07043
0.09785
0.0712
0.05725
0.1562
0.0674
0.05587
0.05982
0.08405
0.05312
0.09497
0.07638
0.05734
0.0677
0.12019
0.09022
0.0579
0.05315
0.08217
0.13487
0.13135
0.13833
0.08171
0.08678
0.09756
0.10522
0.12853
0.09929
0.06881
0.06421
0.0873
0.06541
0.07047
0.06357
0.09318
0.08712
0.0603
0.07027
0.0604
0.1091
0.07014
0.12161
0.06623
0.08633
0.13171
0.12454
0.08385
0.08693
0.07436
0.13818
0.15661
0.08949
0.17695
0.1077
0.0892
0.07057
0.05817
0.10058
0.06703
0.07461
0.14577
0.06626
0.08042
0.07046
0.12994
0.05693
0.05788
0.12417
