0.80257
0.84475
0.82584
0.77314
0.80276
0.83922
0.88049
0.91698
0.93726
0.94048
0.94018
0.94458
0.94769
0.94487
0.9438
0.94629
0.94966
0.94439
0.94744
0.95524
0.95776
0.95323
0.95025
0.95139
0.95672
0.96298
0.96419
0.96796
0.96976
0.97388
0.97721
0.97795
0.98008
0.97992
0.98257
0.9834
0.98426
0.98409
0.9841
0.98469
0.98416
0.98566
0.98573
0.9859
0.98603
0.98622
0.98698
0.98738
0.98752
0.98788
0.98847
0.98928
0.98939
0.9892
0.98986
0.98993
0.99041
0.99112
0.99126
0.99112
0.99159
0.99112
0.99195
0.99202
0.992
0.9921
0.99255
0.99262
0.99303
0.9934
0.99378
0.9938
0.99392
0.99386
0.9942
0.99435
0.9946
0.99476
0.99475
0.99494
0.99515
0.99526
0.99542
0.99545
0.99578
0.9959
0.99601
0.99623
0.99626
0.99639
0.9964
0.99655
0.99661
0.99656
0.9968
0.99668
0.99684
0.99691
0.99694
0.997
0.99705
0.99697
0.99709
0.99722
0.99717
0.99704
0.99714
0.9971
0.99709
0.99698
0.99685
0.99661
0.99673
0.99663
0.99651
0.99647
0.99647
0.99637
0.9965
0.99657
0.9964
0.9964
0.9964
0.99629
0.99624
0.99652
0.99662
0.99666
0.99657
0.99652
0.99664
0.99671
0.99669
0.99676
0.99691
0.99689
0.99694
0.99697
0.99707
0.99712
0.99718
0.99723
0.99731
0.99728
0.99727
0.99737
0.99739
0.99736
0.99732
0.99723
0.99714
0.99695
0.99697
0.99679
0.99664
0.99655
0.99625
0.99634
0.99625
0.99593
0.99589
0.99557
0.9955
0.99524
0.99499
0.99422
0.99347
0.99257
0.99083
0.98439
0.83705
0.92599
0.94243
0.95003
0.96064
0.96628
0.96832
0.95726
0.95818
0.9652
0.96268
0.96414
0.96952
0.964
0.96114
0.96475
0.96979
0.97011
0.96194
0.96281
0.96029
0.97187
0.97553
0.98037
0.9834
0.98702
0.98926
0.98969
0.98713
0.97624
0.96601
0.92035
0.95504
0.96198
0.95609
0.96191
0.95172
0.78953
0.76157
0.79863
0.76122
0.77338
0.81519
0.78311
0.76818
0.80435
0.73479
0.75623
0.73076
0.75883
0.72259
0.73084
0.7363
0.73888
0.74471
0.7811
0.68856
0.75358
0.77573
0.70632
0.72219
0.76255
0.69404
0.76996
0.71869
0.70292
0.78756
0.79049
0.80529
0.8086
0.83944
0.8812
0.85162
0.86858
0.87603
0.8467
0.83962
0.89085
0.92719
0.93734
0.91003
0.86881
0.88144
0.91463
0.90126
0.92673
0.93183
0.92467
0.95658
0.95816
0.93878
0.94384
0.96426
0.9622
0.95963
0.97287
0.97518
0.97423
0.96836
0.9705
0.97068
0.95086
0.95924
0.9387
0.93761
0.96202
0.95673
0.94739
0.92292
0.95569
0.96851
0.96814
0.97445
0.97133
0.95821
0.91624
0.90318
0.92957
0.94912
0.95593
0.96365
0.96447
0.9653
0.93375
0.77898
0.90088
0.92845
0.9176
0.95255
0.93733
0.95469
0.9643
0.9004
0.93212
0.95886
0.96813
0.91208
0.93694
0.91056
0.92811
0.93585
0.89982
0.9395
0.93984
0.90995
0.94062
0.94522
0.92991
0.95413
0.95755
0.96097
0.95437
0.94738
0.95135
0.95927
0.96317
0.94055
0.95561
0.93892
0.94759
0.94919
0.95808
0.94676
0.92757
0.92287
0.93438
0.91901
0.93837
0.93467
0.83991
0.88389
0.83839
0.89666
0.89292
0.92502
0.92106
0.92081
0.91313
0.85358
0.91494
0.91742
0.93994
0.90942
0.89441
0.90986
0.90822
0.88018
0.87723
0.85302
0.77725
0.8673
0.83283
0.83722
0.87573
0.90285
0.88251
0.8784
0.89804
0.91251
0.93134
0.93417
0.93696
0.95198
0.96599
0.96434
0.96906
0.97185
0.97204
0.96931
0.97786
0.97662
0.94107
0.96473
0.96444
0.96511
0.96081
0.90509
0.90589
0.93195
0.93224
0.94356
0.95962
0.95289
0.96355
0.96742
0.97714
0.98084
0.91698
0.93745
0.93889
0.94674
0.93337
0.95718
0.95655
0.94558
0.97411
0.92592
0.96013
0.98784
0.98956
0.93436
0.91126
0.86404
0.912
0.94516
0.93971
0.92607
0.94404
0.95433
0.94148
0.90657
0.93592
0.96213
0.96818
0.95929
0.96276
0.96342
0.96813
0.86974
0.91082
0.93421
0.93798
0.93489
0.95712
0.96494
0.97135
0.9423
0.95094
0.91217
0.95287
0.91734
0.94677
0.95899
0.9615
0.95257
0.97156
0.94977
0.94469
0.9541
0.89159
0.92228
0.93659
0.93595
0.9303
0.94173
0.94842
0.93636
0.9548
0.93178
0.90115
0.95319
0.94215
0.91705
0.8917
0.92966
0.93301
0.93398
0.92973
0.91659
0.9113
0.94388
0.94071
0.94317
0.93267
0.9328
0.90826
0.93037
0.92262
0.88548
0.84973
0.80396
0.88171
0.8856
0.87997
0.90625
0.89247
0.94184
0.893
0.86697
0.91867
0.93316
0.94652
0.85289
0.923
0.95584
0.97252
0.97778
0.98117
0.95382
0.91799
0.89945
0.91403
0.84651
0.86315
0.87125
0.87978
0.91357
0.8866
0.90518
0.95023
0.93967
0.89635
0.90549
0.95373
0.97346
0.97123
0.87029
0.77489
0.84346
0.84521
0.9234
0.9431
0.89982
0.81052
0.90892
0.91644
0.96072
0.97383
0.96275
0.92658
0.89577
0.84072
0.91489
0.92697
0.93824
0.91307
0.92588
0.90958
0.92841
0.85941
0.91292
0.91746
0.92294
0.9093
0.91162
0.914
0.91361
0.93313
0.93216
0.92735
0.93661
0.92813
0.93626
0.92809
0.92679
0.93293
0.92374
0.93264
0.92264
0.94702
0.93794
0.93892
0.92931
0.9399
0.92815
0.92985
0.95033
0.95128
0.91797
0.94435
0.94887
0.94642
0.9306
0.75646
0.73723
0.77981
0.7357
0.70192
0.78844
0.77863
0.80088
0.8689
0.91674
0.90998
0.89434
0.91932
0.93063
0.78511
0.81165
0.83784
0.87262
0.88722
0.86186
0.88628
0.86908
0.86684
0.70537
0.77579
0.81443
0.8261
0.8303
0.82962
0.85652
0.83856
0.88282
0.83385
0.88639
0.86146
0.86853
0.76009
0.81466
0.85223
0.86252
0.88943
0.86831
0.93796
0.91081
0.93732
0.94775
0.93108
0.85564
0.8413
0.8435
0.74629
0.75462
0.81645
0.81122
0.83981
0.83709
0.85602
0.90127
0.88118
0.82582
0.88393
0.90682
0.91379
0.91315
0.91411
0.92215
0.91766
0.92863
0.91195
0.91848
0.9243
0.92976
0.87076
0.91324
0.90522
0.83261
0.92804
0.95112
0.91978
0.95039
0.95505
0.97081
0.9707
0.97561
0.9741
0.95888
0.96329
0.95182
0.96076
0.96892
0.96982
0.97038
0.96081
0.9545
0.94939
0.96244
0.97012
0.97396
0.97576
0.93074
0.94795
0.94709
0.9549
0.96495
0.89797
0.90969
0.89835
0.90587
0.91017
0.9094
0.89896
0.93136
0.9138
0.86062
0.86131
0.94182
0.93436
0.93544
0.93215
0.92269
0.90256
0.91372
0.93095
0.93396
0.9463
0.95104
0.95836
0.9615
0.94689
0.93627
0.95302
0.90485
0.92645
0.94257
0.89426
0.90119
0.94067
0.92409
0.86416
0.89059
0.77844
0.83875
0.83326
0.89168
0.87373
0.9029
0.90364
0.90296
0.88738
0.90421
0.91759
0.92578
0.90848
0.93332
0.92048
0.91591
0.90057
0.87294
0.85236
0.89004
0.9351
0.94396
0.93324
0.93314
0.87684
0.8958
0.90006
0.84215
0.86605
0.87896
0.86046
0.80216
0.79498
0.84572
0.83608
0.83444
0.86014
0.81918
0.86745
0.86566
0.85613
0.84176
0.83136
0.88278
0.94694
0.89026
0.89258
0.89448
0.95124
0.92534
0.9355
0.9243
0.93567
0.94693
0.945
0.96339
0.95517
0.96555
0.94823
0.9678
0.97808
0.9488
0.94113
0.94851
0.87533
0.90346
0.91816
0.88198
0.90121
0.92977
0.94891
0.94424
0.9241
0.93616
0.96032
0.94931
0.91952
0.91216
0.90015
0.89671
0.91087
0.90863
0.93646
0.94664
0.95261
0.94624
0.94711
0.94853
0.93856
0.89846
0.91542
0.923
0.9207
0.91946
0.90207
0.94045
0.80395
0.77736
0.76577
0.74037
0.80244
0.84478
0.79324
0.80279
0.84917
0.74195
0.82224
0.8595
0.87059
0.82931
0.82312
0.82889
0.72465
0.80004
0.7997
0.82653
0.85638
0.82851
0.90084
0.82641
0.8995
0.92614
0.91552
0.93618
0.92493
0.93089
0.98354
0.91545
0.88627
0.89143
0.84942
0.83947
0.86028
0.87909
0.86996
0.87765
0.85242
0.88758
0.84378
0.78059
0.81182
0.85424
0.87165
0.80385
0.85612
0.81543
0.80787
0.81763
0.79599
0.84769
0.83077
0.89138
0.87142
0.85051
0.87419
0.82632
0.80972
0.88986
0.91277
0.94303
0.94615
0.93596
0.94164
0.91229
0.92532
0.90052
0.94404
0.89446
0.88801
0.93734
0.92277
0.93924
0.9374
0.95181
0.93359
0.92251
0.94813
0.94256
0.93789
0.93711
0.92854
0.93194
0.934
0.92079
0.93053
0.91618
0.91495
0.92584
0.9068
0.92164
0.91022
0.88266
0.90067
0.90752
0.8801
0.92174
0.93235
0.90681
0.93754
0.87662
0.87476
0.85464
0.80979
0.86713
0.90114
0.90708
0.86044
0.84632
0.90654
0.86021
0.85038
0.89375
0.882
0.90061
0.89299
0.89116
0.86764
0.911
0.87301
0.913
0.79154
0.85181
0.90717
0.90454
0.91525
0.93937
0.89467
0.9557
0.97669
0.94874
0.94297
0.9424
0.88711
0.95878
0.94194
0.9475
0.89055
0.87196
0.8151
0.78104
0.84639
0.84132
0.84967
0.85267
0.78861
0.85578
0.8239
0.89006
0.81744
0.78081
0.82284
0.84327
0.76598
0.86085
0.86711
0.82879
0.86851
0.90961
0.8212
0.80402
0.81615
0.87278
0.76403
0.8011
0.83491
0.84813
0.81996
0.80198
0.84026
0.84036
0.90841
0.91074
0.86126
0.81097
0.83142
0.72743
0.78866
0.83202
0.78698
0.85632
0.74482
0.73548
0.80141
0.79227
0.80551
0.8637
0.88475
0.85236
0.83649
0.81646
0.84824
0.84303
0.88906
0.83029
0.78707
0.81784
0.82886
0.75392
0.70651
0.7543
0.78237
0.84132
0.79881
0.81954
0.81793
0.85858
0.78914
0.80478
0.76496
0.76602
0.80968
0.8297
0.75801
0.80758
0.8061
0.88791
0.86616
0.78117
0.84396
0.80673
0.81686
0.80845
0.83539
0.7426
0.803
0.77834
0.85924
0.85082
0.7675
0.82031
0.7573
0.87187
0.83098
0.86081
0.72907
0.83723
0.87654
0.81342
0.80882
0.86303
0.87628
0.91303
0.77236
0.83518
0.90108
0.77449
0.83267
0.87992
0.83037
0.82089
0.80203
0.8655
0.827
0.83784
0.86225
0.80949
0.81615
0.84813
0.82512
0.8808
0.87444
0.91132
0.83436
0.78335
0.80921
0.79966
0.83303
0.83152
0.86064
0.83442
0.85698
0.80763
0.839
0.79436
0.81442
0.8693
0.82428
0.80473
0.86573
0.8802
0.83977
0.86157
0.87778
0.90552
0.88966
0.86205
0.92152
0.89112
0.88481
0.87677
0.87031
0.89867
0.85702
0.89482
0.84414
0.85919
0.88939
0.859
0.87927
0.85702
0.83917
0.85396
0.82287
0.76748
0.82574
0.81681
0.87031
0.80316
0.83352
0.84476
0.81191
0.79948
0.80375
0.85321
0.86453
0.82718
0.82866
0.81571
0.86097
0.82245
0.78296
0.82441
0.78383
0.79918
0.85748
0.88343
0.87266
0.85049
0.88461
0.84572
0.8927
0.8864
0.86364
0.82507
0.83845
0.84331
0.88254
0.86114
0.89021
0.82823
0.82837
0.8281
0.86804
0.84438
0.84961
0.86943
0.76389
0.87671
0.78918
0.84755
0.78546
0.86406
0.90976
0.85107
0.84173
0.86287
0.85895
0.81974
0.86788
0.85033
0.84779
0.84505
0.83784
0.87929
0.87926
0.89372
0.8977
0.88919
0.82966
0.85014
0.87008
0.87035
0.8573
0.80095
0.88505
0.88927
0.88429
0.84643
0.81767
0.88533
0.88019
0.81198
0.8264
0.87992
0.87085
0.9267
0.83461
0.85719
0.81157
0.88579
0.90707
0.89312
0.85144
0.90552
0.8067
0.89887
0.8406
0.90857
0.80925
0.81404
0.89514
0.8882
0.88089
0.88412
0.87802
0.87344
0.9072
0.8405
0.84173
0.89267
0.89654
0.84956
0.88651
0.90582
0.91515
0.82154
0.88725
0.90676
0.88652
0.86028
0.8166
0.87988
0.91441
0.92106
0.93069
0.92292
0.79713
0.8573
0.91191
0.90259
0.84942
0.8952
0.82901
0.8905
0.88773
0.89887
0.81541
0.89197
0.7981
0.87097
0.90739
0.88695
0.8864
0.88239
0.86912
0.92225
0.9198
0.87234
0.9026
0.86774
0.93697
0.93081
0.96067
0.94995
0.88853
0.94581
0.91422
0.94451
0.93707
0.88006
0.86391
0.9181
0.94617
0.82456
0.92329
0.93462
0.93477
0.95688
0.95064
0.95233
0.91297
0.94293
0.94619
0.9201
0.93588
0.93457
0.88873
0.87331
0.89758
0.92737
0.93581
0.92315
0.94963
0.8797
0.94336
0.91239
0.9539
0.92688
0.95424
0.93236
0.92507
0.93612
0.94345
0.94526
0.94386
0.93208
0.93048
0.9177
0.86172
0.93421
0.91
0.94162
0.9352
0.94017
0.89224
0.91555
0.92756
0.92809
0.85904
0.9375
0.88884
0.88689
0.93409
0.87546
0.8984
0.87195
0.93807
0.9327
0.85033
0.92774
0.90345
0.92574
0.9426
0.84259
0.93027
0.94372
0.94058
0.92091
0.94708
0.90204
0.92303
0.94426
0.92835
0.87599
0.90646
0.94372
0.94402
0.91853
0.86842
0.86677
0.85607
0.92047
0.91718
0.90443
0.89012
0.87136
0.897
0.92899
0.94156
0.90595
0.93318
0.9261
0.93633
0.90171
0.91447
0.93793
0.92873
0.93604
0.89169
0.92789
0.87728
0.93288
0.91283
0.87388
0.87351
0.92155
0.9105
0.92293
0.86427
0.84762
0.90092
0.81192
0.89955
0.91514
0.92897
0.94241
0.89889
0.93097
0.92567
0.84538
0.93315
0.92197
0.93031
0.86858
0.94382
0.94274
0.86933
