0.35019
0.26134
0.23276
0.21283
0.15842
0.13698
0.11966
0.12159
0.10962
0.10625
0.08941
0.08204
0.08005
0.07885
0.07651
0.07172
0.0668
0.06683
0.0596
0.0525
0.05334
0.05292
0.0515
0.04669
0.04186
0.04042
0.03953
0.03653
0.03601
0.032
0.02933
0.02985
0.02669
0.02683
0.02478
0.02245
0.02443
0.02269
0.02419
0.02199
0.02168
0.02013
0.01908
0.01963
0.01924
0.01777
0.01773
0.01668
0.01727
0.01558
0.01504
0.01547
0.01558
0.01611
0.01549
0.01472
0.01269
0.01284
0.01317
0.01299
0.01233
0.01208
0.01295
0.01167
0.01273
0.01122
0.01087
0.01029
0.01042
0.01015
0.00968
0.00978
0.01117
0.00998
0.01047
0.00931
0.00887
0.00999
0.00925
0.00832
0.0092
0.00782
0.00763
0.00771
0.00753
0.00742
0.00684
0.00699
0.00662
0.00655
0.0066
0.00637
0.00632
0.00569
0.0061
0.00663
0.00604
0.00617
0.00556
0.00521
0.00545
0.00586
0.00555
0.00557
0.00575
0.00581
0.00609
0.00542
0.00638
0.00628
0.00575
0.00656
0.00651
0.00615
0.0061
0.00555
0.00526
0.00582
0.0055
0.00539
0.00583
0.00627
0.00631
0.00614
0.00557
0.00574
0.00494
0.00545
0.006
0.00562
0.00536
0.00533
0.00553
0.00455
0.00446
0.00454
0.00441
0.00439
0.00434
0.00419
0.00386
0.00402
0.00353
0.00411
0.00398
0.00359
0.00423
0.00392
0.00449
0.00457
0.00503
0.0053
0.0055
0.00492
0.00536
0.0052
0.00585
0.00495
0.00581
0.00582
0.00603
0.00573
0.00568
0.00566
0.00599
0.00704
0.0074
0.00771
0.00885
0.01335
0.07665
0.04203
0.03247
0.02763
0.02203
0.01865
0.01828
0.02673
0.02727
0.02426
0.02603
0.02637
0.02343
0.02627
0.027
0.02357
0.02027
0.0212
0.02657
0.02707
0.02653
0.02075
0.01976
0.01605
0.01399
0.01162
0.00979
0.00965
0.01147
0.01871
0.02518
0.05359
0.03137
0.02891
0.03385
0.02823
0.03355
0.1696
0.1938
0.16007
0.18598
0.17944
0.15396
0.17866
0.19093
0.15886
0.23442
0.21252
0.23037
0.2127
0.24527
0.23649
0.23836
0.23105
0.2291
0.19724
0.28382
0.22367
0.20474
0.26412
0.24916
0.22276
0.27855
0.21165
0.24756
0.26868
0.19482
0.19049
0.17338
0.15988
0.1352
0.09119
0.12027
0.11067
0.10141
0.12144
0.13687
0.09737
0.06204
0.05447
0.07309
0.10595
0.09303
0.06329
0.06896
0.06133
0.05701
0.05598
0.03422
0.02844
0.03588
0.04585
0.03002
0.02806
0.02894
0.02368
0.0217
0.02211
0.02691
0.02453
0.02396
0.03014
0.02638
0.04308
0.04296
0.02786
0.03517
0.0399
0.04681
0.03583
0.02559
0.02628
0.02001
0.02131
0.03755
0.06006
0.07299
0.0559
0.03649
0.03038
0.02953
0.02795
0.02869
0.05844
0.18451
0.08385
0.05615
0.06415
0.0388
0.05131
0.03936
0.0304
0.08374
0.05978
0.03646
0.02931
0.07784
0.05204
0.07504
0.0609
0.0595
0.08932
0.0515
0.05021
0.07843
0.05276
0.0518
0.05965
0.04018
0.03736
0.0355
0.04089
0.04649
0.04344
0.0375
0.03389
0.04714
0.03583
0.04842
0.04203
0.04153
0.03514
0.04499
0.06772
0.06636
0.05516
0.06765
0.05938
0.04853
0.14142
0.09782
0.14689
0.09146
0.08537
0.06339
0.07011
0.06863
0.07537
0.12843
0.07807
0.07951
0.05437
0.07985
0.09365
0.07417
0.07763
0.09621
0.09108
0.11661
0.17754
0.10768
0.14499
0.1373
0.11207
0.08788
0.10197
0.105
0.08291
0.0548
0.04425
0.02908
0.04314
0.02906
0.02296
0.02267
0.01985
0.01719
0.01781
0.01971
0.01648
0.01578
0.0415
0.01356
0.01527
0.01273
0.01599
0.06572
0.08186
0.05925
0.06277
0.04807
0.03563
0.03836
0.02687
0.02259
0.01713
0.01348
0.06975
0.04555
0.04715
0.04489
0.05378
0.02579
0.02908
0.03762
0.01682
0.05526
0.03095
0.01175
0.00854
0.05498
0.06804
0.12158
0.07808
0.04645
0.05578
0.06097
0.05132
0.04237
0.05008
0.07416
0.04703
0.03203
0.02716
0.03334
0.02611
0.02504
0.02226
0.10349
0.06689
0.0517
0.05414
0.05699
0.0345
0.02526
0.01716
0.04343
0.03805
0.06975
0.03534
0.05875
0.0428
0.03109
0.02867
0.03909
0.0215
0.03628
0.03308
0.02461
0.09458
0.07185
0.05775
0.05996
0.06401
0.05554
0.04287
0.05699
0.03917
0.06096
0.08493
0.03398
0.03936
0.05798
0.084
0.06148
0.04935
0.06358
0.06061
0.06261
0.07128
0.03521
0.04599
0.04831
0.05054
0.04669
0.06512
0.04448
0.04653
0.0905
0.12757
0.17498
0.10389
0.08987
0.09715
0.07393
0.08132
0.03867
0.08319
0.11158
0.05963
0.03853
0.03308
0.1224
0.05165
0.02425
0.01658
0.01454
0.01336
0.03072
0.0722
0.08233
0.07395
0.12191
0.12715
0.11172
0.10325
0.07334
0.08437
0.07047
0.03517
0.04407
0.0783
0.07068
0.02812
0.01898
0.01383
0.09202
0.18745
0.12824
0.12992
0.0542
0.03503
0.08451
0.14749
0.07033
0.06266
0.03051
0.0236
0.03323
0.06542
0.08738
0.13218
0.07713
0.07249
0.05414
0.08616
0.07216
0.07327
0.06618
0.11485
0.08163
0.0745
0.0636
0.07583
0.07933
0.07758
0.074
0.05698
0.06342
0.06416
0.0563
0.06167
0.06174
0.06038
0.06477
0.06149
0.06909
0.06325
0.07098
0.04994
0.05904
0.0588
0.05886
0.05516
0.06653
0.06179
0.0457
0.04492
0.06944
0.05102
0.04608
0.04507
0.05284
0.16591
0.19217
0.1567
0.19502
0.27031
0.17253
0.17519
0.16447
0.10321
0.0737
0.07614
0.08405
0.06477
0.05496
0.17725
0.15691
0.13366
0.10417
0.08449
0.10179
0.06869
0.07095
0.08782
0.23783
0.18928
0.15866
0.15322
0.14592
0.15274
0.12825
0.14776
0.0988
0.14738
0.09728
0.11421
0.11145
0.18964
0.15728
0.12221
0.10697
0.07956
0.09627
0.04549
0.07325
0.05583
0.04635
0.05492
0.11675
0.10878
0.13725
0.20834
0.20565
0.13866
0.15447
0.13038
0.1275
0.11073
0.07801
0.10134
0.14471
0.10031
0.0809
0.07613
0.07667
0.07312
0.06633
0.06942
0.05908
0.07229
0.06741
0.058
0.05842
0.10551
0.06554
0.08148
0.12065
0.04569
0.04077
0.07458
0.04628
0.03967
0.0271
0.02632
0.02331
0.02395
0.04266
0.03356
0.04499
0.03476
0.02946
0.02684
0.02845
0.03884
0.04165
0.04996
0.03133
0.0282
0.02117
0.02139
0.06414
0.04274
0.04373
0.0391
0.03052
0.072
0.06456
0.07545
0.05256
0.06007
0.0664
0.07972
0.05115
0.06786
0.09542
0.10553
0.05001
0.05475
0.05585
0.05677
0.06764
0.07852
0.05335
0.04673
0.05368
0.04387
0.03952
0.03323
0.02927
0.04305
0.05689
0.04561
0.07318
0.0591
0.04606
0.08708
0.08555
0.04864
0.06319
0.09417
0.07164
0.16014
0.11817
0.13453
0.09022
0.08675
0.06842
0.0678
0.08354
0.10192
0.07984
0.06996
0.06408
0.07297
0.04987
0.05626
0.06331
0.06863
0.08899
0.1045
0.08726
0.05165
0.04701
0.05024
0.04865
0.10384
0.07711
0.0653
0.10406
0.091
0.0879
0.11572
0.15745
0.14912
0.10906
0.11426
0.11894
0.10416
0.11342
0.08608
0.08799
0.08976
0.1018
0.10246
0.07569
0.03452
0.07619
0.08611
0.07582
0.0352
0.04863
0.04687
0.05774
0.04144
0.04764
0.03385
0.02517
0.03459
0.02644
0.03724
0.02721
0.02036
0.03436
0.04259
0.02748
0.09757
0.07926
0.06232
0.08093
0.05471
0.05261
0.03786
0.04316
0.05606
0.04923
0.03062
0.0414
0.0551
0.07036
0.08032
0.09214
0.08024
0.07875
0.05366
0.04935
0.04503
0.05248
0.04723
0.04841
0.05741
0.08848
0.07688
0.0626
0.05658
0.05257
0.0632
0.03795
0.14398
0.18195
0.19526
0.20781
0.16777
0.1305
0.16805
0.16931
0.12818
0.22095
0.15504
0.12626
0.11383
0.13336
0.15671
0.14114
0.17623
0.18778
0.16118
0.1506
0.11081
0.13971
0.08223
0.12563
0.08429
0.05812
0.07028
0.05344
0.0587
0.05091
0.01536
0.06811
0.06972
0.0741
0.09689
0.12897
0.11188
0.09473
0.11274
0.10486
0.12153
0.10003
0.12532
0.17859
0.1533
0.12454
0.10219
0.16696
0.12725
0.16123
0.15322
0.14903
0.16349
0.11403
0.1197
0.08543
0.09523
0.12388
0.10694
0.14741
0.15313
0.0928
0.07081
0.05171
0.04772
0.0586
0.05272
0.08601
0.06567
0.07946
0.04858
0.09797
0.08259
0.04723
0.05897
0.04568
0.04208
0.03623
0.04975
0.04941
0.03997
0.03879
0.04116
0.04092
0.06244
0.05201
0.05388
0.06676
0.06311
0.0658
0.06964
0.06462
0.07954
0.06048
0.06802
0.09733
0.07457
0.088
0.10059
0.05957
0.05716
0.07305
0.05122
0.10359
0.10865
0.12214
0.1687
0.11176
0.08601
0.08325
0.1231
0.13662
0.0706
0.11046
0.11973
0.07977
0.09235
0.0822
0.08734
0.07688
0.10424
0.06331
0.10727
0.06343
0.17653
0.11014
0.06347
0.07476
0.04801
0.03241
0.07241
0.03071
0.02034
0.04507
0.03481
0.03559
0.09182
0.03184
0.03717
0.04579
0.09067
0.1047
0.14517
0.17592
0.12222
0.12472
0.12464
0.1244
0.17794
0.11085
0.14424
0.08396
0.15405
0.17902
0.13823
0.11544
0.19718
0.09938
0.10991
0.15606
0.11214
0.07468
0.15507
0.15887
0.15105
0.11006
0.19246
0.15429
0.1312
0.11728
0.13789
0.15501
0.13049
0.1337
0.0733
0.0694
0.1257
0.15496
0.13559
0.25202
0.17595
0.1356
0.18441
0.11625
0.24086
0.22589
0.16884
0.16982
0.17005
0.10686
0.08925
0.12452
0.13845
0.16412
0.12606
0.12154
0.08939
0.14187
0.1915
0.1586
0.1451
0.22162
0.2586
0.2081
0.18938
0.1315
0.1689
0.1441
0.12803
0.11908
0.17498
0.14531
0.17647
0.18352
0.15303
0.13571
0.21027
0.1484
0.1596
0.08189
0.10567
0.18388
0.12358
0.17218
0.13548
0.15912
0.13261
0.22761
0.14784
0.16848
0.10575
0.12968
0.18611
0.15691
0.18757
0.09905
0.12009
0.09975
0.23256
0.13551
0.09768
0.14166
0.15645
0.1132
0.10626
0.06865
0.18832
0.13313
0.07608
0.20099
0.13191
0.09561
0.13526
0.14604
0.1525
0.10492
0.14731
0.12919
0.10794
0.16433
0.15487
0.11178
0.13617
0.09228
0.09186
0.06722
0.13132
0.17623
0.15733
0.16949
0.13798
0.1229
0.11517
0.13111
0.11578
0.14746
0.12929
0.17286
0.13582
0.10151
0.14387
0.16
0.12188
0.10519
0.14576
0.1157
0.11267
0.07861
0.09637
0.11262
0.06491
0.08609
0.07108
0.08488
0.09907
0.07605
0.10072
0.08493
0.11752
0.10291
0.08709
0.10725
0.10216
0.11352
0.12737
0.10861
0.13134
0.18531
0.13704
0.15316
0.09119
0.14287
0.12086
0.11743
0.15068
0.16122
0.15622
0.11688
0.09789
0.1353
0.11907
0.11452
0.10237
0.14404
0.16965
0.13171
0.16907
0.15643
0.10445
0.08624
0.09303
0.11408
0.08394
0.12312
0.07729
0.08465
0.10413
0.13883
0.13599
0.12173
0.0834
0.11704
0.08973
0.14014
0.13266
0.12845
0.08927
0.11023
0.11511
0.09546
0.21656
0.09245
0.17094
0.11798
0.17967
0.1036
0.07382
0.11547
0.11492
0.10391
0.11142
0.12663
0.09788
0.12889
0.1077
0.11556
0.12382
0.09282
0.0878
0.08001
0.07327
0.08017
0.12656
0.11778
0.09815
0.09737
0.11166
0.17142
0.09708
0.09055
0.08895
0.12747
0.14511
0.08075
0.09474
0.15897
0.13106
0.09414
0.09921
0.0592
0.12651
0.1148
0.13521
0.08275
0.06915
0.07815
0.11913
0.07031
0.15505
0.08147
0.13961
0.06511
0.15341
0.13629
0.0889
0.08226
0.09066
0.09205
0.08395
0.09222
0.06928
0.11764
0.13065
0.07254
0.07729
0.11372
0.09066
0.07743
0.05918
0.14231
0.08455
0.07035
0.07954
0.10042
0.14412
0.08159
0.05936
0.06267
0.05709
0.06041
0.17214
0.11132
0.06669
0.08009
0.12404
0.07976
0.14759
0.09064
0.09144
0.07935
0.15326
0.08426
0.15855
0.08846
0.07002
0.08719
0.08502
0.09433
0.0926
0.05944
0.0606
0.10084
0.07381
0.09645
0.04491
0.05473
0.03713
0.03982
0.07367
0.03906
0.06207
0.0416
0.04988
0.08659
0.10816
0.05521
0.03973
0.13531
0.05487
0.05616
0.05906
0.03567
0.0394
0.03532
0.06186
0.04431
0.04054
0.05678
0.04976
0.05245
0.08962
0.10416
0.07952
0.05688
0.05356
0.05913
0.04068
0.0814
0.03312
0.07122
0.03538
0.06216
0.03852
0.04417
0.05602
0.05546
0.0512
0.04844
0.04971
0.05437
0.0557
0.06966
0.12485
0.0532
0.06884
0.0459
0.04613
0.05083
0.09353
0.06553
0.0563
0.05082
0.11324
0.04824
0.09002
0.08956
0.05254
0.10327
0.07936
0.11467
0.0445
0.04791
0.12016
0.05826
0.07582
0.0521
0.04768
0.13801
0.05364
0.04617
0.05045
0.06636
0.0414
0.06726
0.04516
0.04102
0.04745
0.09745
0.06978
0.04492
0.05065
0.06667
0.11075
0.10481
0.10479
0.0624
0.06479
0.06445
0.07975
0.08947
0.07732
0.06
0.04613
0.0686
0.05265
0.05704
0.04806
0.08079
0.06798
0.05206
0.05802
0.0503
0.09163
0.05242
0.08992
0.05367
0.07497
0.10702
0.09878
0.05123
0.06901
0.05841
0.11515
0.12366
0.07396
0.15042
0.08322
0.06887
0.05266
0.04564
0.07879
0.04903
0.05768
0.1375
0.04663
0.059
0.05535
0.10075
0.04778
0.0459
0.10123
