3.26654
2.49896
3.46358
3.6378
3.49242
3.2318
3.14629
3.18835
3.22461
3.28484
3.49803
3.70833
3.78106
4.00468
4.16282
4.34059
4.51953
4.7075
4.84958
4.95434
5.06269
5.18377
5.1858
5.31067
5.32995
5.48821
5.42217
5.31063
5.35311
5.38888
5.44221
5.47918
5.50331
5.55162
5.56945
5.59675
5.70359
5.69868
5.73067
5.74175
5.79768
5.91183
5.88961
6.01754
6.03773
6.05882
6.20265
6.18061
6.09291
6.33269
6.31397
6.46462
6.34266
6.56331
6.50269
6.56424
6.42502
6.54363
6.68783
6.68998
6.78216
6.80163
6.84515
6.92596
6.88485
7.01053
6.96038
6.97816
6.9852
6.96909
7.15042
7.0926
7.26146
7.21408
7.21298
7.35392
7.26595
7.3823
7.42268
7.3086
7.41784
7.32133
7.42187
7.4454
7.47243
7.67414
7.53984
7.61984
7.62163
7.59167
7.83116
7.73179
7.71803
7.83537
7.75736
7.89948
7.85881
8.03924
8.013
7.91256
8.02609
8.13395
8.09242
8.13122
8.21099
8.21654
8.18162
8.14631
8.31044
8.2212
8.28079
8.2661
8.41577
8.34002
8.5226
8.40769
8.4952
8.52388
8.56072
8.48477
8.54524
8.49559
8.45264
8.56818
8.74567
8.45487
8.67
8.69759
8.71768
8.8036
8.99737
8.96621
8.92505
8.83308
8.80914
8.97165
8.97367
9.11393
9.0572
9.13309
8.94117
9.13771
9.06001
9.08637
9.07673
9.11992
8.94831
9.20278
9.01624
9.17157
9.02244
9.09535
9.34049
9.20926
9.27194
9.21186
9.17743
9.41094
9.37657
9.34582
9.47494
9.37586
9.46677
9.61213
9.49125
9.59531
9.74971
9.48325
9.54469
9.62336
9.64806
9.70904
9.51673
9.50044
9.66587
9.80129
9.62171
9.66913
9.8823
9.68444
9.75729
9.82685
9.78104
10.09262
9.83197
9.84761
9.77237
9.85468
9.94173
9.92341
9.99712
9.88506
10.07519
10.24913
10.12055
10.1666
9.88499
10.06472
10.05907
9.88423
10.00518
10.0534
9.9813
10.08107
10.10773
10.09916
10.22364
10.29413
10.26431
10.17078
10.3466
10.24713
10.15111
10.38815
10.25352
10.55181
10.31847
10.38042
10.49741
10.25504
10.38764
10.53678
10.63097
10.22682
10.62863
10.59424
10.468
10.49991
10.59588
10.88258
10.44049
10.4586
10.65578
10.42207
10.64069
10.66401
10.36589
10.57816
10.59829
10.62743
10.47291
10.50943
10.5378
10.5607
10.44164
11.04982
10.66146
11.06758
10.73701
10.89817
10.63645
10.7391
10.66304
10.98097
10.53617
10.86
11.00056
10.73546
11.04275
10.89879
11.14096
10.96575
11.2009
11.17416
11.37751
10.94335
11.30321
11.10737
11.20565
11.14169
11.00164
10.85978
10.90417
11.18462
10.86637
11.25404
11.05082
11.16771
11.15722
11.16465
11.19486
10.87784
10.71943
11.1583
10.7773
10.91889
11.08153
11.07727
11.25299
11.13647
11.14154
11.40725
11.44285
10.98038
11.33465
11.10347
11.31579
10.8801
11.11799
11.09252
11.28574
11.21764
11.44887
11.01573
11.13025
11.50881
11.37463
11.27693
11.28896
11.19643
11.09896
11.28159
11.18839
11.35601
11.39764
11.49159
11.44906
11.34357
11.12689
11.39246
11.2354
11.23519
11.27913
11.41031
11.23819
11.30786
11.36594
11.24688
11.16557
11.3919
11.31574
11.55716
11.3953
11.11084
11.41646
11.55487
11.39533
11.47272
11.53248
11.56451
11.4639
11.32112
11.56537
11.6014
11.23964
11.50812
11.70569
11.31913
11.12843
11.68586
11.32261
11.58663
11.35084
11.6883
11.61073
11.63329
11.46018
11.4505
11.53304
11.55723
11.66423
11.50588
11.54927
11.87463
11.53991
11.55253
11.66316
11.68645
11.67085
11.65054
11.66783
11.5103
11.81347
11.41486
11.83113
12.02661
12.2287
12.18853
11.82074
11.84408
11.75088
11.53416
11.61078
11.72463
11.98008
12.11562
11.61344
11.67005
12.16127
11.8447
12.00993
11.84749
11.65927
11.88781
11.86612
11.89711
11.88305
11.6737
11.85472
11.63046
11.99041
11.58753
12.01641
12.057
12.62699
12.19887
11.70436
11.98466
12.23698
12.07538
11.81303
11.58579
12.17921
12.14987
12.053
12.07684
12.15763
11.88738
11.90292
12.15685
12.18185
12.12758
12.37186
12.34806
12.15742
12.3546
11.7049
11.96483
12.25177
11.86086
12.18805
12.38992
12.29812
12.04428
12.25782
12.06731
12.2352
12.38833
12.30745
12.28238
12.49414
12.00982
12.29242
12.31614
12.18814
12.05709
12.45481
12.24797
12.20618
12.65011
12.45923
12.87816
12.25558
12.51093
12.31546
12.58415
12.41592
12.37365
12.49527
12.41079
12.72665
12.65137
12.45509
12.81036
12.25661
12.98022
12.78027
12.43984
12.38889
12.53102
12.91798
12.49198
12.68986
12.26754
12.77853
12.32303
12.42014
12.78705
12.65868
12.61163
12.356
12.37886
12.75111
12.84563
12.80967
13.01426
12.63815
12.34196
13.04844
12.5673
12.61744
12.33984
12.61734
12.68711
12.6121
13.06758
12.77653
12.77516
12.90757
12.47698
12.86054
12.52175
12.85357
12.87349
12.63866
13.16262
12.83845
12.86694
13.14041
12.5678
12.76755
12.86933
13.40837
12.62821
12.67219
12.86928
12.74386
13.0172
12.73394
12.6534
13.06789
12.57127
12.69257
12.72812
12.62621
13.3601
13.22641
13.32859
13.12654
13.09654
13.07282
13.06368
13.29203
13.08295
13.05724
13.16285
13.48202
13.42556
13.0775
12.85074
12.91875
13.27536
13.04584
12.72598
13.17286
12.66541
13.31199
13.29724
13.28517
13.08705
13.15097
12.85716
12.89598
13.25327
13.38648
13.55867
13.06214
13.14292
12.87895
13.03074
13.22221
13.47477
13.26578
13.47584
13.49889
13.60998
13.84274
13.88001
13.3296
13.52882
13.38343
13.75938
13.56455
13.02972
13.54971
13.00822
13.24942
13.77813
13.17359
13.68321
13.37392
13.44868
13.58733
13.94276
13.34374
13.42568
13.58241
13.78719
13.61118
13.89105
13.63269
13.33743
13.19826
13.48244
13.64788
13.72366
13.25519
13.53463
13.41232
14.12928
13.89093
13.79376
13.46079
13.61169
13.63626
14.10942
13.79019
13.55458
14.32517
14.06731
13.60561
13.80366
13.3694
13.78671
13.4203
13.92172
13.84442
13.99151
14.1676
13.72608
13.47168
13.66189
13.87687
13.79546
14.23201
13.67912
14.24533
13.79355
13.95141
13.75244
13.84617
13.47523
13.68307
13.97607
14.15986
14.35987
13.8481
13.94451
13.87549
13.91724
13.96736
13.33705
14.43712
14.11589
13.9786
14.35712
14.26109
15.18493
13.88511
13.58424
14.20918
14.92665
14.82038
14.62184
13.97497
14.80144
14.34505
13.20564
14.12048
14.35562
14.45161
14.28738
13.47424
14.25097
13.99803
14.9814
14.82506
14.7455
14.59708
15.31149
14.65614
14.49202
14.47163
14.54407
14.52804
14.61735
14.43033
14.18535
14.25881
14.70585
14.31288
13.97174
14.40027
14.59901
14.07822
14.49494
14.33413
14.05877
14.15682
14.41959
14.06744
14.1526
14.37272
14.45757
14.71641
14.46042
14.48518
14.6807
14.91296
14.4946
14.04104
14.58365
14.29667
14.38761
14.51725
14.5225
14.56254
14.28105
14.99124
14.7865
15.0846
14.94954
15.40202
15.26386
14.82932
14.71009
13.97777
14.21115
14.40241
14.68317
15.01788
14.15474
14.56969
14.75899
14.8786
14.59498
15.69245
13.89697
14.43329
14.10912
15.11396
14.74927
14.15422
14.55178
14.29705
14.47106
13.80212
15.21912
15.12417
15.11464
15.44746
14.58357
14.19546
14.73504
15.04887
15.18388
14.5279
14.63824
15.37596
14.35777
15.03646
15.13607
15.06299
14.83636
14.53734
14.97029
15.38437
14.63163
15.41829
15.48448
14.65216
15.13396
15.15791
15.56816
15.25477
15.77513
16.45059
15.64595
15.45544
14.92901
15.28232
16.02335
14.74918
15.24032
15.33001
15.45996
15.54504
14.98222
15.43398
15.00726
15.89444
15.55396
15.52386
15.4922
14.43995
15.19179
15.34261
15.24224
15.06752
15.82085
15.9093
14.49649
15.36108
16.29005
16.10231
16.19712
15.7754
15.773
15.88235
15.68883
15.48957
14.94036
15.27588
16.06324
15.86258
15.69465
14.73265
15.26469
15.4619
15.55962
15.30097
16.48386
16.74479
15.61417
15.9001
15.86332
15.59984
16.29687
16.86932
15.91649
16.15804
15.41622
15.5869
15.91282
15.88591
15.71861
15.5514
15.66233
15.64234
15.93018
16.15969
15.75318
15.82292
15.0145
15.29395
17.544
16.33141
17.40517
17.3831
17.24861
17.37784
15.59984
15.95578
16.61714
16.13564
16.58314
16.85052
15.89611
17.29428
16.55638
16.23851
16.25275
16.91754
16.10739
16.72754
16.95812
16.56137
16.28953
15.52009
15.69629
16.50522
16.48822
16.23821
16.55372
16.26695
17.024
17.48656
16.36436
17.3945
16.15865
16.98358
16.65869
17.64242
17.97414
21.49495
19.28583
18.61527
22.88348
20.07121
20.13493
23.0543
21.89235
19.75447
20.70581
20.46994
22.38948
21.43575
21.04234
18.0894
19.97283
23.09722
20.18236
20.65564
20.47913
20.25054
20.37012
20.7831
22.27371
20.67421
18.83206
19.67599
20.36455
20.28769
20.19363
21.51918
22.42593
17.44855
20.87522
19.46741
19.55081
19.12472
19.96281
20.49512
18.47543
19.17711
18.85783
19.87848
19.17155
22.82965
20.17711
17.74648
19.40683
19.55766
19.41096
20.15644
18.49796
19.20016
18.09692
18.75461
17.45715
19.6391
18.99146
17.16421
18.21672
17.03735
17.68193
18.14789
16.74146
18.32114
18.57065
16.90693
18.21727
17.69131
17.9442
18.73132
16.55535
16.79562
17.51622
17.19813
17.4964
17.798
17.09732
17.2098
16.41037
16.43173
16.97335
18.23957
17.05225
16.6389
16.63998
16.72027
16.28081
15.52506
16.04017
16.97303
15.92122
15.72987
15.69846
15.91109
15.25657
15.25435
16.72109
15.6398
15.83554
16.99672
16.69979
15.53639
18.57565
15.51767
15.12288
14.74846
15.43991
15.62743
15.48982
15.11455
15.63224
15.24918
15.00875
15.46456
14.68024
15.74481
14.99915
14.76228
14.61067
14.42923
14.28026
14.21463
16.16203
15.25477
14.00246
