1.32573
1.08254
0.82967
0.79461
0.78692
0.80907
0.816
0.783
0.77127
0.74445
0.67705
0.64026
0.61825
0.56841
0.5294
0.51691
0.49111
0.44915
0.44052
0.42101
0.40521
0.38941
0.37968
0.36277
0.36799
0.36978
0.3726
0.37886
0.35612
0.36254
0.36139
0.3552
0.34272
0.34866
0.33655
0.33768
0.31763
0.32391
0.3084
0.31797
0.30063
0.287
0.27556
0.26328
0.27326
0.27377
0.25547
0.28008
0.27188
0.26137
0.23279
0.24352
0.26642
0.21649
0.23292
0.23414
0.24716
0.23692
0.21394
0.22426
0.21452
0.21091
0.20504
0.18871
0.22531
0.20187
0.19944
0.21174
0.21691
0.20615
0.1833
0.17948
0.1874
0.18961
0.18179
0.16065
0.19656
0.16926
0.17053
0.19458
0.16804
0.18851
0.17194
0.17228
0.1842
0.15013
0.18137
0.16768
0.16622
0.16816
0.13034
0.16225
0.15878
0.14376
0.15935
0.15616
0.14227
0.13535
0.12636
0.14847
0.12892
0.12926
0.14955
0.14916
0.12968
0.13224
0.15437
0.12421
0.12193
0.15091
0.12356
0.1332
0.1248
0.13803
0.10318
0.14271
0.11619
0.11323
0.11778
0.12485
0.12151
0.12084
0.13268
0.13485
0.10205
0.13028
0.1087
0.11239
0.12181
0.09608
0.0955
0.09106
0.1255
0.13584
0.09163
0.11413
0.10779
0.09278
0.09954
0.10022
0.10414
0.11151
0.11689
0.10379
0.10721
0.10354
0.11106
0.08413
0.11767
0.09625
0.10065
0.10891
0.07602
0.10177
0.09024
0.11563
0.09791
0.08696
0.09443
0.10742
0.08767
0.10201
0.08832
0.08173
0.09127
0.0869
0.07226
0.09364
0.09517
0.06812
0.08227
0.09544
0.11132
0.09728
0.08245
0.08135
0.08492
0.07808
0.08179
0.09756
0.0793
0.07536
0.07506
0.07274
0.08279
0.08072
0.08633
0.07836
0.0811
0.08541
0.07399
0.08006
0.08735
0.05506
0.0625
0.07858
0.09106
0.08238
0.07627
0.07723
0.07934
0.07365
0.07581
0.06531
0.06971
0.0797
0.06371
0.07379
0.07465
0.08003
0.05473
0.09025
0.07467
0.06507
0.07707
0.05223
0.07024
0.07778
0.0537
0.08244
0.09634
0.06089
0.07041
0.06955
0.051
0.07437
0.06059
0.06455
0.06235
0.04874
0.07406
0.06748
0.06202
0.08285
0.05164
0.06262
0.07234
0.07524
0.06744
0.06927
0.0642
0.06911
0.07321
0.07871
0.0682
0.04259
0.07534
0.0477
0.05753
0.05202
0.05808
0.06086
0.06521
0.04629
0.06438
0.05867
0.06826
0.06078
0.05939
0.06289
0.04173
0.05308
0.05443
0.05243
0.05084
0.06074
0.05284
0.05994
0.04403
0.06516
0.08833
0.07648
0.06823
0.06014
0.09267
0.05312
0.06802
0.07876
0.04538
0.05699
0.07884
0.07436
0.08275
0.06922
0.07677
0.07149
0.08096
0.06865
0.04976
0.07258
0.07659
0.071
0.05422
0.07539
0.06251
0.08016
0.07201
0.08105
0.08844
0.06074
0.05273
0.06406
0.08533
0.08046
0.07342
0.05749
0.08282
0.05937
0.07394
0.07808
0.08135
0.06839
0.0789
0.0576
0.0716
0.05412
0.09645
0.07351
0.07974
0.06773
0.07443
0.0696
0.07445
0.06163
0.0703
0.06965
0.06115
0.07269
0.07385
0.07439
0.09089
0.06575
0.0601
0.07301
0.05565
0.06811
0.07514
0.0707
0.04958
0.07465
0.07509
0.05469
0.08339
0.07392
0.08559
0.05145
0.06849
0.05588
0.07231
0.06591
0.07717
0.06768
0.07646
0.06062
0.07128
0.07648
0.06732
0.07376
0.08986
0.0837
0.0743
0.0877
0.08062
0.07925
0.06364
0.07772
0.06336
0.06937
0.06484
0.07914
0.07124
0.07873
0.06503
0.08655
0.07003
0.06804
0.06226
0.06662
0.07629
0.07751
0.06111
0.06276
0.07751
0.0649
0.07042
0.07406
0.07975
0.05776
0.0537
0.07369
0.06858
0.08644
0.07492
0.06134
0.07326
0.06167
0.06122
0.06164
0.07125
0.08288
0.05948
0.07206
0.07355
0.06335
0.05649
0.06914
0.08062
0.05632
0.05349
0.06886
0.06724
0.06448
0.05574
0.07196
0.06539
0.0741
0.05704
0.06863
0.05977
0.05755
0.06248
0.04568
0.04304
0.06199
0.06392
0.05746
0.07607
0.07497
0.06523
0.06104
0.05405
0.0724
0.06406
0.0689
0.0474
0.07008
0.06373
0.05531
0.0554
0.04096
0.04862
0.05279
0.05258
0.07347
0.05002
0.06141
0.05523
0.07015
0.05332
0.06867
0.06261
0.06198
0.0875
0.06096
0.0679
0.05913
0.04824
0.0491
0.05809
0.05466
0.04441
0.04728
0.07464
0.04726
0.05552
0.05282
0.0483
0.04449
0.06344
0.06826
0.05685
0.05081
0.05186
0.06637
0.05173
0.05527
0.06573
0.05962
0.04833
0.07854
0.06431
0.05614
0.05576
0.04409
0.04
0.03881
0.06189
0.06208
0.04604
0.06403
0.04251
0.06039
0.05189
0.05256
0.0443
0.04783
0.05533
0.05769
0.05739
0.07459
0.0384
0.05269
0.04394
0.05845
0.06616
0.03991
0.05739
0.04471
0.04849
0.06103
0.05964
0.05574
0.02937
0.06397
0.05733
0.07655
0.05634
0.04909
0.04743
0.06434
0.03663
0.05221
0.05947
0.06139
0.04185
0.03945
0.03821
0.04673
0.04639
0.07005
0.04714
0.04297
0.0458
0.04469
0.06021
0.04175
0.0367
0.06153
0.06136
0.04414
0.05509
0.04145
0.04828
0.05049
0.0567
0.06004
0.04659
0.02865
0.04679
0.04819
0.05691
0.05884
0.04498
0.05784
0.05297
0.04678
0.05561
0.05315
0.04762
0.05423
0.05799
0.04532
0.0632
0.04544
0.07143
0.04161
0.03592
0.03713
0.05862
0.04541
0.06639
0.04541
0.05826
0.06068
0.0365
0.05613
0.05597
0.04182
0.06644
0.03969
0.05411
0.04161
0.05078
0.047
0.05177
0.0457
0.0553
0.04832
0.06439
0.0402
0.04911
0.06398
0.05607
0.05383
0.04348
0.03967
0.06142
0.04997
0.07814
0.04503
0.03861
0.05114
0.04757
0.07114
0.04422
0.04185
0.05212
0.04627
0.06208
0.07645
0.04626
0.07479
0.05899
0.06044
0.05458
0.05735
0.05425
0.05447
0.05217
0.06174
0.06949
0.06247
0.05648
0.07169
0.04179
0.04143
0.05748
0.07747
0.04946
0.0414
0.04735
0.05743
0.03804
0.05239
0.05093
0.05311
0.0429
0.05806
0.06038
0.04944
0.06443
0.09451
0.04756
0.06057
0.05457
0.06969
0.06106
0.04124
0.06402
0.05561
0.0703
0.03932
0.06058
0.06083
0.05477
0.05556
0.05812
0.06029
0.06321
0.05117
0.05596
0.04679
0.05718
0.05335
0.04982
0.03002
0.05
0.04302
0.04985
0.04123
0.05496
0.05103
0.0445
0.04499
0.05046
0.05824
0.06007
0.05755
0.05086
0.04646
0.05865
0.0588
0.06245
0.05419
0.05543
0.05328
0.04857
0.06084
0.05176
0.05567
0.06364
0.0574
0.05431
0.06624
0.06878
0.05593
0.04582
0.04546
0.06686
0.03926
0.05812
0.07475
0.05555
0.05584
0.07843
0.06635
0.05444
0.06546
0.04756
0.06027
0.05022
0.04163
0.03404
0.05226
0.05603
0.05666
0.05568
0.06296
0.04637
0.04963
0.06268
0.05989
0.06098
0.04131
0.08477
0.04236
0.05633
0.05484
0.05361
0.05956
0.04228
0.05779
0.07306
0.06323
0.04596
0.06676
0.06975
0.03918
0.04256
0.06527
0.03905
0.04036
0.05833
0.07313
0.04933
0.0518
0.05772
0.04458
0.05107
0.03757
0.04748
0.03778
0.0327
0.04293
0.06048
0.04968
0.03983
0.05506
0.07406
0.0493
0.0713
0.04487
0.04285
0.06582
0.05255
0.04292
0.04943
0.06079
0.05743
0.03947
0.06701
0.05361
0.06198
0.04786
0.04967
0.04631
0.04885
0.08397
0.06665
0.08771
0.06911
0.09399
0.05161
0.05453
0.05211
0.06111
0.05485
0.05256
0.05344
0.05299
0.05742
0.06426
0.05159
0.07077
0.04679
0.05176
0.0486
0.05164
0.0769
0.06102
0.05259
0.05447
0.05752
0.04837
0.07485
0.06996
0.06795
0.05794
0.05735
0.06234
0.05748
0.05193
0.03078
0.04593
0.06266
0.04671
0.05065
0.05354
0.04391
0.04941
0.04151
0.069
0.05518
0.06317
0.07465
0.04214
0.05176
0.0576
0.03981
0.04733
0.06677
0.04291
0.05211
0.06386
0.08155
0.03724
0.06964
0.06867
0.04394
0.03996
0.04083
0.07622
0.05181
0.05951
0.07675
0.0563
0.05327
0.06524
0.05531
0.07429
0.0581
0.04649
0.04829
0.05449
0.05684
0.03123
0.06556
0.05021
0.05475
0.0597
0.04303
0.04484
0.08238
0.04789
0.04504
0.0532
0.06484
0.05912
0.054
0.06649
0.04166
0.04644
0.0483
0.048
0.0556
0.0631
0.0711
0.05588
0.03637
0.08478
0.059
0.06334
0.06494
0.07137
0.07579
0.05212
0.07926
0.05843
0.06132
0.08858
0.06721
0.08762
0.07437
0.07369
0.05798
0.11824
0.09222
0.07675
0.07029
0.07591
0.12301
0.07114
0.10543
0.09558
0.08813
0.05711
0.12926
0.08126
0.09944
0.11124
0.11076
0.07175
0.09477
0.08579
0.09679
0.08807
0.08421
0.07576
0.08315
0.10751
0.1063
0.08472
0.11764
0.09464
0.08964
0.11509
0.12364
0.11855
0.09074
0.12181
0.10257
0.10407
0.13106
0.12384
0.12067
0.1338
0.0896
0.12909
0.09185
0.10943
0.12788
0.13357
0.13918
0.08035
0.10678
0.13161
0.12388
0.09511
0.13613
0.12996
0.1246
0.14601
0.14967
0.13564
0.11138
0.11273
0.13592
0.10696
0.1213
0.13125
0.10868
0.15632
0.1241
0.10162
0.16325
0.15113
0.14637
0.16767
0.13718
0.206
0.11716
0.14591
0.1182
0.13018
0.12285
0.1701
0.12394
0.12035
0.14123
0.16474
0.14451
0.13194
0.1179
0.1073
0.1581
0.14237
0.12592
0.14084
0.14347
0.16941
0.11031
0.16472
0.16031
0.16024
0.15706
0.15517
0.14481
0.09247
0.15215
0.18028
