0.64069
0.66221
0.74165
0.75407
0.758
0.74894
0.74596
0.75376
0.75834
0.76798
0.78558
0.80139
0.80692
0.82596
0.83898
0.84972
0.85626
0.86776
0.87398
0.87692
0.88535
0.88798
0.89337
0.89788
0.89595
0.89873
0.89903
0.89742
0.90115
0.90052
0.89844
0.89933
0.90679
0.90026
0.90207
0.90566
0.90821
0.90836
0.91234
0.91096
0.91489
0.91749
0.92188
0.92122
0.92228
0.92111
0.92591
0.92627
0.92621
0.92873
0.93449
0.93384
0.93028
0.93801
0.93683
0.93755
0.93523
0.93748
0.94163
0.93728
0.94121
0.94248
0.94363
0.9455
0.94113
0.94499
0.94823
0.94398
0.94588
0.94649
0.94879
0.95092
0.95019
0.94951
0.9508
0.95487
0.95056
0.95293
0.95351
0.95096
0.95425
0.9545
0.95812
0.95474
0.95415
0.95981
0.95615
0.95721
0.95811
0.95793
0.96426
0.96128
0.95799
0.96048
0.9612
0.96075
0.96234
0.96451
0.96423
0.96352
0.96552
0.96671
0.965
0.96373
0.96593
0.96683
0.96471
0.96818
0.9674
0.96363
0.96793
0.96723
0.96787
0.96798
0.9722
0.96609
0.96891
0.97159
0.96902
0.96942
0.97093
0.96983
0.96884
0.96784
0.97281
0.96871
0.97384
0.97255
0.97034
0.97551
0.97583
0.97489
0.97232
0.96895
0.97502
0.97473
0.97451
0.97469
0.97525
0.97395
0.97458
0.97688
0.97268
0.97682
0.97373
0.97369
0.97468
0.97694
0.97107
0.97681
0.97638
0.97416
0.97963
0.97506
0.97693
0.97461
0.97755
0.97752
0.97717
0.97392
0.9782
0.97651
0.97833
0.97918
0.97733
0.9786
0.98111
0.97814
0.97571
0.98144
0.9802
0.97817
0.97623
0.97749
0.98174
0.9798
0.97982
0.9808
0.98131
0.97903
0.98183
0.98168
0.98143
0.98138
0.97957
0.98003
0.98103
0.98076
0.97983
0.98037
0.98142
0.9828
0.98049
0.98471
0.98411
0.98071
0.97948
0.98304
0.98244
0.98207
0.98138
0.98153
0.98146
0.98376
0.98395
0.98094
0.98324
0.98327
0.98311
0.98097
0.98546
0.98114
0.98189
0.98362
0.98173
0.98556
0.98246
0.98293
0.9864
0.98335
0.98183
0.98488
0.98322
0.98489
0.98623
0.98344
0.9841
0.98512
0.98445
0.98693
0.9837
0.98438
0.98442
0.98326
0.98745
0.98613
0.9817
0.98241
0.98399
0.98523
0.98554
0.98425
0.98394
0.98295
0.98331
0.98778
0.98394
0.98703
0.98626
0.98699
0.98553
0.98483
0.98419
0.98746
0.984
0.98655
0.98531
0.98621
0.98656
0.98601
0.98845
0.98704
0.98614
0.98732
0.98721
0.98787
0.98733
0.986
0.98654
0.98421
0.98367
0.9821
0.985
0.98618
0.98464
0.98673
0.98399
0.98099
0.98676
0.98535
0.98376
0.98383
0.98331
0.98172
0.98252
0.98456
0.98305
0.98398
0.98769
0.98277
0.98469
0.98443
0.98505
0.98447
0.98411
0.98244
0.98393
0.98156
0.98228
0.98454
0.98587
0.98582
0.98025
0.98279
0.9841
0.98523
0.98369
0.98527
0.98355
0.9816
0.98087
0.98493
0.98242
0.98467
0.9821
0.98535
0.98193
0.98467
0.98298
0.98327
0.98257
0.98314
0.98341
0.9847
0.98265
0.98258
0.98564
0.98443
0.98236
0.98416
0.9828
0.98447
0.98421
0.98337
0.98484
0.98405
0.98329
0.98448
0.98712
0.98511
0.98357
0.9859
0.97968
0.98328
0.98082
0.98526
0.98304
0.98622
0.98363
0.9842
0.9825
0.98388
0.98251
0.98517
0.98277
0.98321
0.98329
0.98314
0.98019
0.98144
0.98213
0.98267
0.98247
0.98405
0.98566
0.98225
0.98501
0.98364
0.98539
0.98256
0.98292
0.98405
0.98516
0.98077
0.98326
0.98495
0.98554
0.98401
0.98384
0.98299
0.98473
0.98571
0.98278
0.98438
0.98343
0.98227
0.98481
0.98539
0.98712
0.98623
0.98393
0.98219
0.98418
0.98534
0.98387
0.98506
0.98373
0.98499
0.98381
0.98121
0.98618
0.98616
0.98416
0.98319
0.98639
0.98314
0.98157
0.98612
0.98651
0.98491
0.98559
0.98509
0.98545
0.98349
0.98482
0.98431
0.98522
0.98463
0.98503
0.98647
0.98549
0.98837
0.98803
0.98596
0.98556
0.98748
0.98432
0.98359
0.98495
0.98495
0.98571
0.98494
0.98624
0.98585
0.98823
0.98365
0.98481
0.98642
0.98802
0.98956
0.98738
0.987
0.98734
0.98499
0.98657
0.98585
0.98769
0.98442
0.98705
0.9847
0.98665
0.98701
0.98301
0.98689
0.98545
0.98669
0.98752
0.98778
0.98593
0.98651
0.98819
0.98815
0.98338
0.98777
0.98748
0.98753
0.98968
0.98812
0.98731
0.98561
0.98618
0.98693
0.98848
0.98645
0.98842
0.98761
0.98545
0.98817
0.98851
0.98487
0.98536
0.98739
0.98601
0.98942
0.99018
0.98843
0.98677
0.98733
0.98936
0.98605
0.9895
0.98834
0.988
0.98669
0.98882
0.98839
0.98751
0.98612
0.98805
0.98341
0.98987
0.9883
0.98909
0.98702
0.9862
0.98975
0.98739
0.98779
0.98781
0.98718
0.98782
0.9886
0.99148
0.98755
0.98758
0.98594
0.98787
0.9885
0.98826
0.98744
0.99051
0.98831
0.98716
0.98777
0.98983
0.98909
0.99109
0.98895
0.98908
0.98618
0.98742
0.98952
0.98881
0.98917
0.98774
0.99014
0.99104
0.98691
0.98805
0.99008
0.98695
0.98997
0.98798
0.98717
0.98924
0.98726
0.9902
0.99171
0.99054
0.98764
0.98715
0.98833
0.98851
0.98876
0.98772
0.98947
0.98828
0.98861
0.98773
0.98931
0.98637
0.98839
0.98735
0.99003
0.98712
0.98974
0.99035
0.98994
0.98782
0.98871
0.9874
0.98958
0.98843
0.98926
0.99033
0.98838
0.98784
0.98953
0.98794
0.99042
0.98802
0.99089
0.98826
0.99008
0.98778
0.98857
0.98796
0.98862
0.98718
0.9898
0.99004
0.98671
0.9876
0.98789
0.9886
0.99066
0.9855
0.98878
0.98862
0.9898
0.99026
0.98905
0.98789
0.98683
0.98979
0.98958
0.98906
0.98878
0.989
0.98661
0.98883
0.98619
0.98749
0.98698
0.98937
0.98754
0.98843
0.98884
0.98938
0.98805
0.98953
0.98671
0.9898
0.98733
0.98966
0.98976
0.98715
0.98659
0.9886
0.9904
0.98968
0.98843
0.9903
0.98979
0.98905
0.98788
0.99069
0.98818
0.98653
0.98939
0.98614
0.98382
0.98871
0.98863
0.98746
0.98756
0.98755
0.9907
0.98664
0.98876
0.98637
0.99161
0.98674
0.98723
0.98779
0.98923
0.98835
0.98622
0.98688
0.98801
0.9903
0.98973
0.98674
0.98899
0.98973
0.99233
0.99032
0.99048
0.98898
0.99025
0.98914
0.98843
0.99139
0.98904
0.98814
0.98799
0.98692
0.98896
0.98973
0.98898
0.98721
0.98836
0.98674
0.98943
0.98795
0.98822
0.98784
0.98797
0.98992
0.98967
0.98632
0.98828
0.98929
0.98583
0.98656
0.98779
0.99033
0.99025
0.98682
0.99056
0.98898
0.98694
0.98944
0.9872
0.98787
0.98901
0.9882
0.98719
0.9895
0.98798
0.9893
0.98905
0.99209
0.98789
0.9882
0.98811
0.98793
0.98666
0.99021
0.98884
0.98736
0.98614
0.98723
0.9904
0.98571
0.99032
0.98944
0.98835
0.98805
0.9885
0.99125
0.98786
0.98603
0.98553
0.98897
0.98756
0.98625
0.99097
0.99195
0.98777
0.99063
0.99057
0.98858
0.98705
0.98942
0.98954
0.9888
0.98989
0.98874
0.99013
0.99012
0.99058
0.99119
0.98988
0.98872
0.98876
0.99072
0.98867
0.98769
0.99017
0.98702
0.9906
0.98993
0.98908
0.98861
0.99078
0.99176
0.98874
0.98797
0.99023
0.98678
0.98938
0.98794
0.99086
0.98996
0.98996
0.98897
0.98776
0.98725
0.98629
0.9887
0.98482
0.98919
0.9891
0.99039
0.98784
0.98896
0.98966
0.98954
0.98832
0.98873
0.9873
0.98852
0.98721
0.99117
0.98843
0.98937
0.99024
0.9855
0.98648
0.99024
0.98658
0.9886
0.98868
0.98697
0.98703
0.98887
0.98946
0.9884
0.98777
0.98814
0.98999
0.99145
0.98809
0.98973
0.98902
0.98916
0.98873
0.99175
0.98913
0.99024
0.98706
0.98895
0.98853
0.98846
0.98945
0.98817
0.98844
0.99103
0.9901
0.9882
0.99075
0.98912
0.98824
0.98602
0.99077
0.98685
0.98864
0.98998
0.99005
0.98919
0.98617
0.98946
0.9886
0.98712
0.98942
0.98915
0.98872
0.98967
0.98837
0.98892
0.9898
0.99053
0.98811
0.98966
0.99199
0.9879
0.9881
0.98969
0.98746
0.99154
0.99136
0.98896
0.9897
0.99015
0.99146
0.989
0.98823
0.98891
0.9883
0.99178
0.99022
0.98985
0.99112
0.99044
0.98959
0.99124
0.99174
0.99225
0.98805
0.9905
0.98954
0.98748
0.98725
0.98969
0.99008
0.98815
0.98982
0.98854
0.98888
0.98962
0.98798
0.9872
0.98812
0.98932
0.98517
0.98536
0.9878
0.98756
0.98634
0.98594
0.98798
0.98472
0.98598
0.98722
0.98807
0.9817
0.98675
0.98363
0.98241
0.9838
0.98879
0.98457
0.98567
0.98353
0.9845
0.98711
0.98746
0.98486
0.98277
0.98334
0.98589
0.98409
0.98497
0.98406
0.98169
0.98174
0.98264
0.98464
0.98208
0.9811
0.98303
0.98029
0.9812
0.97934
0.97985
0.98284
0.98059
0.98304
0.98373
0.97951
0.98094
0.98047
0.9846
0.98435
0.98149
0.98033
0.98338
0.98042
0.98054
0.98087
0.98155
0.98082
0.97719
0.98129
0.97928
0.97847
0.98173
0.97962
0.98032
0.98123
0.98075
0.98085
0.98222
0.9772
0.97739
0.97803
0.97629
0.97851
0.97734
0.98089
0.97634
0.98026
0.979
0.97925
0.974
0.9793
0.9833
0.97578
0.9765
0.9767
0.97896
0.9798
0.98019
0.97529
0.97854
0.97628
0.97776
0.9747
0.97321
0.98113
0.97699
0.97502
0.97548
0.9741
0.97469
0.97657
0.98167
0.9739
0.97185
