0.37417
0.34028
0.2626
0.24925
0.24622
0.25304
0.25672
0.24909
0.24304
0.23608
0.21625
0.20299
0.19469
0.17788
0.16415
0.15323
0.14773
0.13477
0.12846
0.12502
0.11554
0.11316
0.10906
0.10411
0.10565
0.10292
0.10315
0.10306
0.10063
0.10027
0.10268
0.10155
0.09576
0.10139
0.10025
0.09585
0.09151
0.09405
0.08868
0.09072
0.08756
0.08281
0.07999
0.07973
0.07973
0.07976
0.07459
0.07528
0.07562
0.07336
0.06647
0.06882
0.07084
0.06256
0.06534
0.06337
0.0666
0.06459
0.05871
0.06308
0.06152
0.05846
0.05846
0.05382
0.05998
0.05771
0.05307
0.05694
0.05556
0.05598
0.05199
0.0515
0.05055
0.05115
0.05092
0.04646
0.05013
0.04831
0.04729
0.05171
0.04508
0.0489
0.04407
0.04474
0.04684
0.04216
0.04293
0.04511
0.04201
0.04434
0.03736
0.04158
0.04292
0.04034
0.04224
0.0398
0.03861
0.03654
0.03612
0.03997
0.03598
0.03417
0.03702
0.03738
0.03523
0.034
0.03931
0.03387
0.0337
0.03794
0.03344
0.03366
0.03278
0.03309
0.02948
0.03708
0.03087
0.02899
0.03315
0.03185
0.0303
0.03115
0.03297
0.03419
0.02632
0.03324
0.02796
0.02911
0.03105
0.02706
0.02527
0.02725
0.02843
0.03011
0.02532
0.02697
0.02635
0.02629
0.02677
0.02737
0.02732
0.02563
0.02773
0.02493
0.02609
0.02773
0.0284
0.02317
0.03
0.02445
0.02507
0.02792
0.02106
0.02788
0.02443
0.02621
0.02475
0.02252
0.02498
0.02695
0.02436
0.02579
0.02232
0.02254
0.02223
0.02281
0.0202
0.0218
0.02527
0.01878
0.02099
0.0227
0.02566
0.02261
0.02171
0.02071
0.0224
0.02106
0.02054
0.0232
0.01867
0.01962
0.02135
0.01831
0.02089
0.02084
0.02128
0.0192
0.02075
0.02054
0.01995
0.01974
0.02027
0.01549
0.01812
0.02044
0.02055
0.01969
0.01824
0.01877
0.01923
0.01939
0.01859
0.01688
0.01919
0.02089
0.01671
0.01707
0.0182
0.01842
0.01677
0.02148
0.01919
0.01814
0.01881
0.01514
0.01808
0.01673
0.01485
0.01866
0.01929
0.01579
0.01544
0.01566
0.01388
0.01871
0.01564
0.01579
0.01621
0.01363
0.01731
0.01757
0.0172
0.01747
0.01422
0.01605
0.01874
0.01763
0.01666
0.0174
0.0178
0.01542
0.01665
0.01771
0.01797
0.01369
0.01694
0.01285
0.01558
0.01357
0.01494
0.01527
0.01748
0.01361
0.01542
0.01689
0.01636
0.01559
0.0164
0.01385
0.01183
0.01384
0.01372
0.0147
0.01418
0.0137
0.0149
0.01484
0.0115
0.01626
0.01543
0.01734
0.01659
0.01584
0.01678
0.01326
0.01549
0.01813
0.0134
0.01457
0.01711
0.0176
0.01773
0.01628
0.02007
0.0189
0.01771
0.01714
0.01415
0.01876
0.01879
0.01638
0.01432
0.01976
0.01549
0.01745
0.01543
0.01878
0.01995
0.01557
0.01389
0.01596
0.01868
0.01799
0.0162
0.01566
0.01829
0.01596
0.0159
0.01775
0.01895
0.01613
0.01829
0.01397
0.01685
0.0137
0.021
0.01608
0.02035
0.01624
0.01863
0.01797
0.01974
0.01546
0.01644
0.01776
0.01527
0.01717
0.01627
0.01811
0.01868
0.01621
0.01613
0.01621
0.01518
0.01817
0.01897
0.01637
0.013
0.01678
0.01683
0.01499
0.01894
0.01778
0.02136
0.0133
0.01779
0.0138
0.01758
0.01605
0.01685
0.01741
0.01839
0.01541
0.01624
0.01859
0.015
0.01764
0.01736
0.01784
0.01784
0.01892
0.01907
0.01899
0.01606
0.01812
0.01596
0.0176
0.01644
0.01732
0.01736
0.01912
0.01519
0.01927
0.01729
0.01646
0.01512
0.01539
0.01596
0.01777
0.01722
0.0154
0.01806
0.01685
0.01766
0.01866
0.01818
0.0146
0.0152
0.01438
0.01576
0.01927
0.01595
0.01459
0.01767
0.01527
0.01668
0.01646
0.01409
0.02053
0.01464
0.01647
0.01732
0.01345
0.01427
0.0153
0.01868
0.01445
0.01295
0.01709
0.01497
0.01655
0.01267
0.01546
0.01413
0.01675
0.01435
0.0159
0.01541
0.01513
0.01543
0.01316
0.01236
0.01601
0.0134
0.01484
0.01601
0.01678
0.01625
0.01477
0.01467
0.01737
0.01645
0.01593
0.01158
0.0144
0.01636
0.01341
0.01398
0.01153
0.01149
0.01291
0.01176
0.01508
0.01257
0.01495
0.01356
0.01747
0.01294
0.01516
0.015
0.01573
0.01888
0.01523
0.01292
0.01367
0.01254
0.01237
0.01301
0.01367
0.01153
0.01234
0.01739
0.01198
0.01367
0.01209
0.0125
0.01138
0.01607
0.01549
0.01341
0.01212
0.01242
0.01497
0.01191
0.01375
0.01543
0.01401
0.01189
0.0145
0.01611
0.0119
0.01335
0.01252
0.01061
0.00993
0.01209
0.01324
0.01213
0.01505
0.01183
0.01357
0.01408
0.01309
0.01237
0.01083
0.01389
0.0125
0.01325
0.01481
0.01095
0.01271
0.01184
0.01146
0.01516
0.0098
0.01341
0.01066
0.01174
0.01568
0.01468
0.01202
0.00876
0.01254
0.01235
0.01579
0.01111
0.01222
0.01106
0.01467
0.00998
0.01193
0.01363
0.01188
0.01136
0.01019
0.01084
0.01226
0.01269
0.01361
0.01315
0.00968
0.01262
0.01162
0.0124
0.01087
0.00989
0.01144
0.01369
0.01166
0.01388
0.0101
0.01097
0.0125
0.01259
0.01413
0.01147
0.00845
0.0122
0.01048
0.01118
0.01263
0.00992
0.01257
0.01181
0.01069
0.01235
0.01187
0.01255
0.01347
0.01285
0.01157
0.0144
0.01109
0.01509
0.01035
0.00873
0.00862
0.01334
0.01062
0.01316
0.01138
0.01165
0.01246
0.01039
0.01105
0.01253
0.01031
0.01337
0.01114
0.01243
0.01023
0.01167
0.0109
0.01206
0.0114
0.01236
0.0115
0.01436
0.01101
0.01029
0.01266
0.0136
0.0122
0.00949
0.01092
0.01356
0.0092
0.01358
0.01045
0.00965
0.01091
0.0114
0.01494
0.0115
0.01029
0.01213
0.01227
0.01254
0.01379
0.01076
0.01384
0.01296
0.01348
0.01288
0.01246
0.01231
0.01262
0.01158
0.01436
0.01045
0.01334
0.01038
0.01228
0.01012
0.0093
0.0117
0.01229
0.01147
0.01088
0.01113
0.01335
0.00836
0.01098
0.01165
0.01175
0.01031
0.01241
0.01329
0.01172
0.01242
0.01465
0.01146
0.01299
0.01153
0.0132
0.01169
0.01082
0.01331
0.01331
0.01437
0.01079
0.01118
0.01586
0.01014
0.0119
0.01247
0.01245
0.01391
0.01162
0.01114
0.01077
0.01249
0.01061
0.01091
0.00865
0.01218
0.01116
0.01155
0.01028
0.01358
0.01228
0.01096
0.00971
0.01234
0.01244
0.01395
0.01185
0.01024
0.01115
0.01144
0.01417
0.0135
0.01287
0.01154
0.01239
0.01117
0.01383
0.01287
0.01172
0.01521
0.01316
0.01264
0.0125
0.01396
0.01317
0.0114
0.0095
0.01243
0.00926
0.01437
0.01156
0.01209
0.01377
0.01521
0.01375
0.01363
0.01214
0.01022
0.01198
0.01152
0.00992
0.00941
0.00996
0.01304
0.01174
0.01192
0.01388
0.01039
0.01054
0.01202
0.01307
0.01278
0.01128
0.01632
0.01154
0.01161
0.01031
0.01148
0.01267
0.01055
0.01338
0.0144
0.01326
0.00992
0.01392
0.01467
0.00845
0.01039
0.01136
0.00967
0.00913
0.01241
0.01158
0.01175
0.00956
0.0114
0.01122
0.01067
0.00971
0.01094
0.00833
0.00916
0.00934
0.01275
0.01054
0.00956
0.0091
0.01512
0.01269
0.01149
0.01183
0.00851
0.01369
0.01137
0.00992
0.00854
0.01291
0.01199
0.00967
0.01129
0.00915
0.01232
0.01056
0.01105
0.01054
0.00682
0.01562
0.01235
0.01735
0.01442
0.0154
0.01052
0.01083
0.01133
0.01236
0.01215
0.00958
0.01047
0.01078
0.01407
0.01231
0.00954
0.01144
0.01117
0.00936
0.00957
0.01177
0.01628
0.01409
0.01155
0.0103
0.01144
0.00923
0.01357
0.01134
0.01395
0.01326
0.01067
0.01359
0.0097
0.01084
0.00735
0.00799
0.01218
0.00924
0.01174
0.01232
0.01001
0.01337
0.01025
0.01376
0.0125
0.01479
0.0143
0.0107
0.01133
0.01377
0.0094
0.01121
0.01278
0.00934
0.01253
0.01214
0.01444
0.00921
0.01012
0.01156
0.00888
0.00973
0.00829
0.01488
0.00863
0.01081
0.0122
0.01147
0.01181
0.01219
0.01195
0.01389
0.01039
0.00957
0.01084
0.00841
0.01053
0.00737
0.01375
0.0114
0.01098
0.01383
0.01035
0.01029
0.01314
0.00989
0.00879
0.01084
0.01085
0.01283
0.01188
0.01189
0.00842
0.00967
0.00917
0.00838
0.00961
0.0112
0.01026
0.01078
0.00701
0.01376
0.01193
0.01155
0.01143
0.01277
0.01191
0.00807
0.01344
0.00904
0.01012
0.01281
0.01089
0.01485
0.0133
0.01277
0.01059
0.01661
0.01713
0.01264
0.0135
0.01356
0.0165
0.01335
0.01588
0.01495
0.01448
0.01133
0.01912
0.01389
0.01528
0.01739
0.01971
0.01228
0.01687
0.0172
0.01592
0.01507
0.01506
0.01223
0.01535
0.01774
0.01941
0.01608
0.01578
0.01743
0.01665
0.01656
0.02095
0.01836
0.01514
0.02237
0.01785
0.02015
0.02004
0.02138
0.019
0.02099
0.01619
0.02303
0.0162
0.01768
0.02003
0.02162
0.02096
0.01663
0.01677
0.01915
0.02125
0.0159
0.02302
0.02191
0.02125
0.02058
0.02329
0.02276
0.02071
0.01973
0.02224
0.01874
0.02243
0.02259
0.01868
0.02061
0.02126
0.02043
0.02412
0.0226
0.02467
0.02363
0.02247
0.02501
0.02123
0.02473
0.02112
0.02308
0.01867
0.02632
0.02219
0.02163
0.02336
0.029
0.02548
0.02381
0.023
0.01978
0.02724
0.0257
0.02306
0.02584
0.02616
0.02772
0.0199
0.02574
0.02557
0.02837
0.0267
0.02664
0.02447
0.01816
0.02843
0.03018
