0.20408
0.19293
0.13573
0.13667
0.14667
0.16144
0.16802
0.16273
0.15669
0.14948
0.13915
0.12933
0.12612
0.11368
0.10425
0.10008
0.09005
0.08549
0.08067
0.07552
0.06893
0.06829
0.06938
0.06824
0.06541
0.05764
0.05798
0.06225
0.06027
0.0624
0.06212
0.0583
0.0561
0.05975
0.05563
0.0539
0.04977
0.05418
0.05091
0.05209
0.05078
0.04532
0.04678
0.0439
0.04467
0.04836
0.04115
0.04279
0.04704
0.04406
0.03956
0.0398
0.04197
0.03625
0.03987
0.03759
0.04217
0.03823
0.03605
0.03716
0.03441
0.03308
0.03446
0.032
0.03468
0.03433
0.03152
0.03241
0.03613
0.032
0.03212
0.03075
0.02829
0.03077
0.02919
0.03019
0.02999
0.02751
0.02799
0.03167
0.02693
0.0296
0.02611
0.02658
0.0276
0.02557
0.02337
0.0242
0.0233
0.02667
0.02224
0.02484
0.02458
0.02597
0.02463
0.02202
0.02486
0.02297
0.02265
0.02342
0.02125
0.01974
0.02174
0.02009
0.01972
0.02089
0.02423
0.01977
0.01957
0.02074
0.02249
0.02109
0.01587
0.01941
0.02031
0.01926
0.01887
0.01751
0.01982
0.02161
0.01899
0.02051
0.01886
0.02183
0.01723
0.02077
0.01383
0.01737
0.01674
0.01565
0.01605
0.01479
0.01631
0.01703
0.01301
0.01582
0.01445
0.01374
0.0169
0.01649
0.01558
0.01448
0.01529
0.01486
0.01378
0.01746
0.01838
0.01411
0.01768
0.01153
0.01601
0.01811
0.01242
0.01636
0.01425
0.01715
0.01664
0.01413
0.01438
0.01381
0.01671
0.01218
0.01367
0.01248
0.01452
0.0132
0.01002
0.01388
0.01656
0.01062
0.01332
0.01415
0.01858
0.01386
0.01178
0.01236
0.01356
0.01235
0.0135
0.01476
0.01187
0.0112
0.01204
0.00928
0.01063
0.01254
0.01367
0.013
0.01001
0.00982
0.01145
0.01316
0.01394
0.00801
0.0115
0.01113
0.01331
0.01299
0.00943
0.01155
0.01295
0.0111
0.00973
0.01104
0.0088
0.01178
0.00997
0.01064
0.01172
0.01024
0.00902
0.01129
0.01313
0.00959
0.01195
0.01022
0.01038
0.01019
0.00775
0.01216
0.01072
0.00867
0.00906
0.00965
0.00875
0.0107
0.00981
0.00927
0.00856
0.00907
0.01206
0.01036
0.0131
0.01003
0.00805
0.0103
0.01264
0.01102
0.0073
0.01048
0.00969
0.00897
0.01054
0.00967
0.00951
0.00749
0.00937
0.00697
0.01003
0.00769
0.00897
0.00969
0.00871
0.0075
0.00914
0.01012
0.01022
0.00854
0.01158
0.0074
0.00598
0.0078
0.00572
0.01039
0.00645
0.00747
0.00894
0.01034
0.00694
0.00862
0.00891
0.01019
0.011
0.00817
0.00979
0.00783
0.00869
0.00915
0.00647
0.00803
0.01005
0.00936
0.00909
0.00837
0.01304
0.01351
0.00674
0.01067
0.0075
0.00892
0.01032
0.00964
0.00931
0.00879
0.00761
0.00803
0.00827
0.00925
0.01101
0.00716
0.00609
0.00962
0.00802
0.00955
0.00968
0.00857
0.01005
0.00796
0.00774
0.0107
0.0111
0.00947
0.00812
0.00853
0.00868
0.00568
0.01068
0.00734
0.0126
0.00748
0.00883
0.01024
0.01237
0.00902
0.00922
0.00951
0.00782
0.00903
0.00963
0.00804
0.00803
0.00748
0.0072
0.00952
0.01069
0.01027
0.0095
0.00978
0.00757
0.00965
0.00887
0.00937
0.01132
0.0099
0.00892
0.00665
0.00745
0.00882
0.00562
0.00921
0.00779
0.00718
0.00935
0.00624
0.00679
0.01146
0.00925
0.01069
0.00915
0.00796
0.00827
0.01131
0.00947
0.00943
0.00889
0.00852
0.00987
0.00811
0.00857
0.00957
0.01044
0.00759
0.00769
0.00995
0.00799
0.00957
0.00543
0.00656
0.0085
0.00885
0.00942
0.01008
0.00928
0.00886
0.00914
0.00977
0.00958
0.0073
0.00753
0.00596
0.00811
0.01014
0.00846
0.00757
0.01138
0.00803
0.00874
0.00916
0.00816
0.00832
0.00625
0.01105
0.00729
0.0066
0.0058
0.00733
0.01292
0.00823
0.00682
0.01034
0.00973
0.00705
0.00689
0.00704
0.00757
0.01102
0.00771
0.00913
0.00645
0.00803
0.00775
0.00922
0.00779
0.00869
0.00693
0.00645
0.00805
0.01414
0.0087
0.00741
0.00825
0.01029
0.00719
0.00924
0.00648
0.00988
0.00786
0.00753
0.00763
0.00756
0.00617
0.0055
0.00713
0.00791
0.00686
0.0094
0.00647
0.01079
0.00719
0.00657
0.00884
0.00843
0.0101
0.00974
0.00582
0.00628
0.00775
0.00649
0.00736
0.00445
0.00483
0.00609
0.00666
0.00605
0.00528
0.00651
0.00677
0.00626
0.01015
0.00848
0.00512
0.00668
0.00596
0.00852
0.00465
0.0077
0.00934
0.00924
0.0048
0.00836
0.01052
0.00717
0.00544
0.0071
0.0066
0.0048
0.00785
0.00608
0.00552
0.00854
0.00625
0.00837
0.00764
0.00677
0.00532
0.00502
0.00615
0.00638
0.00527
0.00554
0.00582
0.00619
0.0059
0.00514
0.00955
0.00365
0.00667
0.00816
0.00648
0.00836
0.00839
0.00772
0.00706
0.0084
0.00909
0.00711
0.00513
0.00914
0.00554
0.0069
0.00597
0.00752
0.00732
0.00472
0.00678
0.00628
0.00481
0.00384
0.00488
0.00667
0.00816
0.00701
0.00606
0.00768
0.00613
0.0042
0.00531
0.00628
0.00739
0.00639
0.00839
0.00477
0.0051
0.0048
0.00536
0.00556
0.00768
0.00505
0.00488
0.00669
0.00529
0.00618
0.00493
0.00454
0.00733
0.00641
0.00866
0.00669
0.00679
0.00732
0.00628
0.00659
0.0082
0.00467
0.00796
0.00546
0.00318
0.00427
0.0072
0.00447
0.00491
0.00466
0.00781
0.00793
0.0051
0.00664
0.00478
0.00629
0.00564
0.0044
0.0074
0.00536
0.00718
0.0067
0.00796
0.00614
0.00566
0.00493
0.00648
0.0052
0.00487
0.00473
0.00971
0.00645
0.00372
0.00545
0.00773
0.00438
0.00591
0.0041
0.00532
0.00524
0.00539
0.0074
0.006
0.0054
0.00495
0.00705
0.00481
0.0069
0.0052
0.00557
0.00751
0.00784
0.00755
0.00636
0.0052
0.00665
0.00728
0.00687
0.0053
0.00648
0.0046
0.00434
0.00396
0.00474
0.00627
0.0071
0.00675
0.00474
0.00571
0.00744
0.00534
0.00543
0.00566
0.00548
0.00581
0.00583
0.00725
0.00633
0.00418
0.00781
0.00417
0.00557
0.00399
0.00659
0.0057
0.00583
0.0052
0.00866
0.00722
0.00597
0.00503
0.0091
0.00515
0.00444
0.006
0.0048
0.00897
0.00585
0.00567
0.0049
0.00709
0.00629
0.00563
0.00348
0.00744
0.0048
0.00764
0.00324
0.00849
0.00515
0.00402
0.00351
0.0057
0.00554
0.00628
0.00588
0.00588
0.00636
0.00581
0.00706
0.00629
0.00628
0.00515
0.00661
0.00502
0.00692
0.00676
0.00542
0.00725
0.0055
0.00504
0.00655
0.00781
0.00511
0.00905
0.00457
0.00511
0.00315
0.00739
0.00612
0.00497
0.00677
0.00731
0.00595
0.00473
0.0057
0.00454
0.00507
0.00497
0.00511
0.00455
0.00364
0.00694
0.00416
0.00523
0.00568
0.0065
0.00637
0.00818
0.0068
0.00444
0.00588
0.0084
0.00701
0.00728
0.00429
0.00671
0.00646
0.00326
0.0082
0.00615
0.00514
0.00467
0.0085
0.00811
0.00348
0.00418
0.00355
0.00531
0.00244
0.00759
0.00384
0.00442
0.00448
0.0053
0.00409
0.0042
0.00409
0.00462
0.00429
0.00549
0.00466
0.00671
0.00463
0.00395
0.00441
0.00857
0.00794
0.00881
0.0056
0.00421
0.00744
0.00533
0.00641
0.00465
0.00692
0.0046
0.00314
0.00725
0.0032
0.00568
0.00507
0.00625
0.00526
0.00348
0.00827
0.00651
0.00691
0.0052
0.00636
0.00368
0.00432
0.00556
0.00662
0.00663
0.00396
0.00611
0.00358
0.00654
0.00817
0.00404
0.00284
0.00433
0.0036
0.00426
0.00503
0.00741
0.00478
0.0035
0.00411
0.00463
0.00391
0.00407
0.00419
0.00641
0.00606
0.00393
0.00423
0.00346
0.00368
0.00284
0.00378
0.00441
0.00266
0.00679
0.00666
0.00465
0.00566
0.0029
0.00663
0.00641
0.00848
0.01032
0.0062
0.00514
0.00506
0.0053
0.00538
0.00536
0.00619
0.00613
0.00684
0.00568
0.00409
0.0048
0.00317
0.00369
0.00339
0.00333
0.00582
0.00458
0.00362
0.00503
0.00606
0.00649
0.00692
0.00505
0.00656
0.00588
0.00496
0.00654
0.00259
0.00358
0.00253
0.00769
0.0038
0.00312
0.00349
0.00527
0.00544
0.00589
0.00328
0.00365
0.00517
0.00374
0.00431
0.00481
0.00363
0.00283
0.00264
0.00504
0.00298
0.00284
0.00232
0.00248
0.00318
0.00179
0.00565
0.00396
0.0041
0.00332
0.00436
0.00428
0.00272
0.00536
0.00315
0.00379
0.00454
0.00281
0.00449
0.00557
0.00341
0.00236
0.00582
0.00599
0.00311
0.00465
0.00544
0.00749
0.00521
0.00406
0.0075
0.00212
0.00346
0.00598
0.00385
0.00624
0.00578
0.00557
0.00421
0.00682
0.00667
0.00594
0.00561
0.00583
0.0031
0.00372
0.00561
0.00827
0.00688
0.00477
0.00599
0.00255
0.00486
0.00533
0.00691
0.00721
0.00729
0.0046
0.00824
0.00561
0.00697
0.00711
0.00573
0.00582
0.0117
0.00385
0.00802
0.00689
0.00773
0.00665
0.00344
0.00828
0.01002
0.00635
0.00519
0.01049
0.0058
0.00755
0.00962
0.01103
0.00725
0.00716
0.00688
0.00775
0.0076
0.00744
0.00829
0.00654
0.01145
0.00792
0.01015
0.00865
0.00917
0.01173
0.00873
0.01181
0.01134
0.00973
0.01054
0.00707
0.01012
0.00574
0.00714
0.00989
0.00666
0.00855
0.01262
0.00703
0.00947
0.01256
0.00861
0.00897
0.01304
0.00768
0.0086
0.00977
0.00885
0.00632
0.01341
0.01275
0.01294
0.00888
0.00934
0.00749
0.00687
0.01252
0.01586
