0.33384
0.48013
0.44155
0.37867
0.33395
0.34654
0.39312
0.41283
0.42438
0.43309
0.43373
0.43448
0.43049
0.41263
0.39167
0.365
0.34612
0.32899
0.31846
0.32161
0.31956
0.32354
0.34068
0.34298
0.34664
0.3472
0.34917
0.35786
0.34998
0.35715
0.35634
0.35716
0.35402
0.35659
0.35504
0.34858
0.34688
0.34769
0.34254
0.34218
0.34462
0.3419
0.33919
0.33295
0.33174
0.32773
0.32587
0.32337
0.31499
0.31137
0.31224
0.30452
0.29347
0.28395
0.27253
0.2663
0.26235
0.2553
0.25167
0.24968
0.24154
0.22552
0.22873
0.22292
0.21838
0.21195
0.20863
0.20687
0.19523
0.18726
0.18355
0.17972
0.17095
0.16079
0.15689
0.15243
0.1427
0.13847
0.13267
0.12999
0.12659
0.11559
0.12461
0.11603
0.11142
0.10028
0.11185
0.10422
0.11304
0.11332
0.10904
0.10796
0.09424
0.09739
0.09325
0.08957
0.09861
0.09594
0.09236
0.09073
0.09558
0.0955
0.08589
0.08254
0.08612
0.08668
0.08742
0.07905
0.08916
0.08766
0.08327
0.08321
0.09352
0.08431
0.09288
0.08391
0.07994
0.0772
0.08115
0.07287
0.0831
0.08436
0.07544
0.07235
0.08225
0.0739
0.07817
0.09023
0.08784
0.066
0.06664
0.07243
0.07763
0.06992
0.07459
0.07615
0.07656
0.07192
0.06496
0.07361
0.08802
0.06238
0.07202
0.06917
0.08434
0.08068
0.06289
0.0779
0.0588
0.07367
0.07269
0.07428
0.06517
0.06412
0.07477
0.06621
0.07766
0.08141
0.06991
0.07457
0.072
0.07032
0.06904
0.07139
0.06638
0.06298
0.06993
0.07108
0.0632
0.07099
0.05882
0.0681
0.06299
0.07161
0.08503
0.06151
0.06672
0.07362
0.07844
0.06311
0.06917
0.07311
0.06111
0.06655
0.07528
0.06402
0.06089
0.05907
0.06531
0.07028
0.06573
0.07104
0.05975
0.0616
0.06064
0.06062
0.06629
0.06912
0.07552
0.07093
0.06416
0.05469
0.05558
0.06496
0.06913
0.07244
0.06623
0.07116
0.0719
0.06832
0.0647
0.05837
0.06791
0.07421
0.06324
0.06496
0.06024
0.06858
0.06516
0.06951
0.0647
0.06999
0.06376
0.0639
0.06434
0.07236
0.07104
0.0606
0.06733
0.06811
0.06975
0.06411
0.06392
0.05968
0.06981
0.05951
0.05332
0.07221
0.0667
0.06804
0.0602
0.06943
0.07455
0.0659
0.05945
0.06334
0.07117
0.06642
0.05556
0.064
0.06587
0.05748
0.04956
0.06668
0.06302
0.06931
0.05659
0.0655
0.05892
0.07048
0.07615
0.07099
0.07628
0.07966
0.06761
0.07818
0.0799
0.08306
0.07869
0.07879
0.07671
0.07223
0.06954
0.07925
0.08091
0.08942
0.08382
0.08
0.08018
0.07432
0.07651
0.08379
0.06746
0.08694
0.08478
0.06799
0.0747
0.07206
0.06832
0.08471
0.07153
0.08862
0.07807
0.08411
0.07907
0.06731
0.06854
0.07502
0.08105
0.08165
0.07694
0.0777
0.07057
0.06357
0.07622
0.06854
0.0776
0.06076
0.073
0.08268
0.06415
0.06796
0.05974
0.077
0.06677
0.08181
0.06636
0.07801
0.0604
0.05541
0.07711
0.072
0.07517
0.05855
0.05535
0.0607
0.06559
0.05674
0.05521
0.06412
0.05563
0.06304
0.04563
0.05671
0.06026
0.05392
0.06493
0.05053
0.06398
0.06249
0.05638
0.05663
0.06338
0.06258
0.04791
0.06901
0.06168
0.05577
0.05866
0.05415
0.05844
0.06648
0.05772
0.05452
0.04703
0.04689
0.05377
0.05573
0.0518
0.05494
0.05044
0.04189
0.05094
0.05666
0.03698
0.05171
0.05294
0.04748
0.04324
0.04502
0.05289
0.04372
0.03671
0.05189
0.04623
0.04421
0.04755
0.05169
0.05181
0.04675
0.03876
0.04683
0.05631
0.05038
0.04561
0.0443
0.04995
0.04406
0.04556
0.04592
0.04132
0.04106
0.05283
0.033
0.04645
0.0503
0.03803
0.04763
0.04171
0.04859
0.04181
0.04561
0.0497
0.04409
0.04615
0.04088
0.04767
0.03759
0.03903
0.04558
0.04634
0.03957
0.03084
0.04033
0.0377
0.03513
0.03581
0.03823
0.03737
0.03691
0.04156
0.03141
0.03001
0.04179
0.0376
0.03333
0.03973
0.03803
0.03385
0.02934
0.03927
0.02864
0.03106
0.03395
0.03543
0.03244
0.04493
0.0361
0.03573
0.04086
0.03277
0.03955
0.03019
0.02838
0.03931
0.03223
0.03067
0.04143
0.03089
0.03628
0.03123
0.0261
0.02918
0.03783
0.02988
0.03513
0.02653
0.0338
0.03089
0.03046
0.03871
0.03341
0.03583
0.02653
0.03361
0.02818
0.03085
0.0279
0.03935
0.0242
0.0258
0.02688
0.02906
0.02921
0.03035
0.02984
0.03108
0.02845
0.0286
0.03341
0.02831
0.03677
0.03454
0.03144
0.02862
0.03314
0.02411
0.02146
0.03592
0.02612
0.02706
0.02426
0.03138
0.03618
0.02843
0.0272
0.03093
0.0264
0.02426
0.02831
0.03288
0.02873
0.02774
0.02534
0.03094
0.02323
0.02801
0.03067
0.03261
0.02316
0.02511
0.03505
0.0294
0.02589
0.02067
0.02167
0.0245
0.02373
0.02833
0.03382
0.02989
0.02606
0.03785
0.02999
0.02505
0.02523
0.02612
0.02165
0.02346
0.02289
0.02877
0.02361
0.02335
0.02443
0.02632
0.03748
0.0332
0.02689
0.02558
0.02824
0.02473
0.03025
0.03104
0.0324
0.01638
0.03184
0.03085
0.02625
0.02044
0.02156
0.01916
0.02062
0.0241
0.02984
0.01938
0.02285
0.02114
0.03156
0.01832
0.02589
0.02176
0.01734
0.03313
0.03147
0.02185
0.02418
0.01862
0.01865
0.02702
0.02786
0.02038
0.02383
0.02375
0.02493
0.02086
0.0273
0.01221
0.01847
0.03021
0.01712
0.02165
0.0217
0.02685
0.02527
0.01581
0.01825
0.02107
0.01837
0.01943
0.0204
0.02349
0.02047
0.01771
0.02238
0.02357
0.02445
0.02724
0.02084
0.01583
0.02615
0.01521
0.02393
0.01807
0.02023
0.02682
0.01298
0.02122
0.02735
0.02179
0.01673
0.01968
0.01636
0.02286
0.02211
0.01625
0.02637
0.02724
0.01504
0.02055
0.03387
0.01172
0.02205
0.01834
0.02021
0.01775
0.03129
0.01135
0.02828
0.01411
0.01711
0.0215
0.02437
0.01141
0.01849
0.01901
0.02239
0.01758
0.01817
0.01339
0.01968
0.02037
0.02029
0.01404
0.01902
0.01914
0.01597
0.02992
0.01572
0.01599
0.01944
0.02103
0.02189
0.02279
0.01212
0.01745
0.02333
0.02193
0.021
0.01547
0.02439
0.01281
0.01332
0.02113
0.01546
0.02311
0.01896
0.01637
0.01963
0.02038
0.00845
0.01921
0.02026
0.01582
0.01572
0.01683
0.01922
0.02394
0.01822
0.0156
0.01421
0.00823
0.01188
0.01329
0.01896
0.02538
0.01141
0.01627
0.01608
0.02447
0.02423
0.01544
0.01146
0.01532
0.01695
0.02379
0.02057
0.01349
0.02169
0.01965
0.0137
0.00828
0.01251
0.01912
0.01811
0.01441
0.01893
0.02308
0.01087
0.01478
0.01635
0.02127
0.01528
0.02083
0.01178
0.013
0.01637
0.01175
0.0168
0.01145
0.00873
0.02182
0.01367
0.01528
0.00972
0.02179
0.01937
0.02033
0.01753
0.01711
0.02089
0.01051
0.01602
0.01753
0.00934
0.01905
0.02287
0.01243
0.01976
0.01473
0.00826
0.01917
0.01233
0.01269
0.01898
0.01585
0.01367
0.01253
0.01822
0.01321
0.01341
0.01293
0.01691
0.01764
0.01553
0.02195
0.01129
0.0131
0.01921
0.00926
0.01023
0.01275
0.01496
0.01513
0.01002
0.01979
0.01552
0.0186
0.01916
0.01228
0.0173
0.01282
0.0139
0.01144
0.00734
0.01214
0.02154
0.01717
0.01809
0.01494
0.00752
0.00994
0.01033
0.01283
0.01474
0.01486
0.01338
0.0086
0.01084
0.01493
0.02017
0.0129
0.01035
0.00523
0.01545
0.01061
0.01079
0.01334
0.0201
0.01416
0.01658
0.00879
0.01208
0.00928
0.00714
0.01235
0.01794
0.01254
0.01356
0.0112
0.00893
0.00783
0.01732
0.01419
0.01193
0.01189
0.01461
0.01639
0.01207
0.01434
0.01523
0.01158
0.01467
0.00754
0.01505
0.01403
0.01062
0.01019
0.01155
0.00773
0.00787
0.01181
0.00866
0.01541
0.00841
0.01392
0.00866
0.01603
0.00797
0.00839
0.01078
0.01451
0.01264
0.01267
0.00959
0.00853
0.01015
0.00741
0.0099
0.00956
0.00641
0.02043
0.0106
0.00913
0.00888
0.01511
0.00705
0.0087
0.00807
0.01872
0.01168
0.01353
0.00941
0.01398
0.00632
0.01595
0.00753
0.01116
0.00824
0.01014
0.01133
0.0075
0.00896
0.01023
0.01311
0.01029
0.01238
0.01228
0.01716
0.01574
0.00527
0.01317
0.01073
0.00945
0.00874
0.01389
0.0084
0.00984
0.01145
0.00906
0.01453
0.00494
0.0137
0.01353
0.01231
0.01553
0.00727
0.01135
0.01083
0.01316
0.00904
0.00788
0.01289
0.00747
0.00654
0.01237
0.00951
0.01038
0.01937
0.0105
0.00957
0.01828
0.0055
0.01369
0.00772
0.00892
0.00814
0.01148
0.00806
0.01219
0.01272
0.00726
0.01445
0.0049
0.01359
0.01221
0.00943
0.01213
0.01292
0.00416
0.01454
0.01116
0.01019
0.01037
0.01041
0.01003
0.01136
0.00958
0.01139
0.01016
0.00869
0.00967
0.00986
0.00746
0.00957
0.01202
0.00851
0.01731
0.01112
0.01154
0.00636
0.00552
0.00933
0.01285
0.00933
0.00923
0.00854
0.01098
0.00496
0.01162
0.00816
0.0131
0.00854
0.01034
0.01152
0.00662
0.00809
0.01582
0.01398
0.00982
0.00844
0.01017
0.00643
0.0035
0.0156
0.0051
0.00702
0.01748
0.01259
0.008
0.0057
0.0138
0.00696
0.00848
0.01173
0.00752
0.00815
0.00858
0.01463
0.00676
0.00956
0.00864
0.01002
0.01306
0.01274
0.00455
0.01065
0.00828
0.00651
0.00687
0.00599
