0.79488
0.5483
0.58485
0.66873
0.71782
0.69669
0.63124
0.61712
0.60379
0.58447
0.57934
0.58176
0.59058
0.60643
0.62834
0.65402
0.67791
0.69078
0.70485
0.7064
0.70055
0.69478
0.67764
0.67085
0.66787
0.66853
0.66837
0.65631
0.65864
0.65479
0.65315
0.65183
0.65217
0.65105
0.65303
0.65728
0.66201
0.65691
0.66565
0.66471
0.66309
0.66496
0.66824
0.67322
0.67218
0.6782
0.67925
0.68404
0.69008
0.69444
0.69564
0.70115
0.71201
0.72144
0.72945
0.73603
0.74394
0.74623
0.75114
0.75715
0.76162
0.77287
0.77652
0.78303
0.78288
0.79097
0.79349
0.79548
0.80903
0.81548
0.81879
0.82456
0.83251
0.84209
0.8508
0.85081
0.85934
0.86365
0.86724
0.87978
0.8735
0.88781
0.88351
0.88555
0.89066
0.89433
0.896
0.9003
0.89144
0.90015
0.89717
0.89467
0.91309
0.90722
0.91055
0.90824
0.906
0.89744
0.91918
0.91498
0.91331
0.91011
0.91893
0.92371
0.91048
0.9234
0.91318
0.91496
0.92073
0.91685
0.91907
0.91424
0.9138
0.91735
0.91053
0.91493
0.91492
0.9276
0.92403
0.9293
0.9176
0.91538
0.92208
0.92686
0.91618
0.92649
0.92533
0.92133
0.91536
0.93384
0.92243
0.93072
0.92338
0.92874
0.93144
0.92015
0.91644
0.92624
0.92331
0.93706
0.91524
0.92615
0.93454
0.92114
0.92472
0.92436
0.94236
0.92814
0.93237
0.93176
0.92339
0.92872
0.92472
0.93421
0.92932
0.93539
0.92214
0.91704
0.94235
0.91559
0.9264
0.93302
0.92632
0.92963
0.92998
0.92799
0.92796
0.92556
0.92838
0.92721
0.93012
0.93527
0.92597
0.92618
0.91261
0.92895
0.92594
0.93048
0.92771
0.92607
0.923
0.93142
0.9326
0.9265
0.92563
0.93457
0.92659
0.93277
0.93703
0.92943
0.93435
0.92566
0.9286
0.92826
0.93176
0.92923
0.92113
0.93786
0.93018
0.92716
0.93435
0.93011
0.93003
0.92881
0.92569
0.93753
0.93219
0.93075
0.92167
0.93781
0.93377
0.92875
0.92381
0.92329
0.92548
0.92626
0.93476
0.92748
0.92776
0.92603
0.92702
0.93655
0.94568
0.92356
0.92804
0.94179
0.91876
0.92978
0.93055
0.93808
0.93009
0.93424
0.92879
0.93095
0.93803
0.93113
0.94871
0.92835
0.93265
0.93312
0.93335
0.93526
0.92067
0.92402
0.93575
0.93411
0.92706
0.93024
0.93443
0.9319
0.92622
0.93539
0.93941
0.93482
0.93494
0.92699
0.93861
0.93183
0.92628
0.92899
0.91712
0.92366
0.92274
0.92299
0.93007
0.92033
0.91688
0.9138
0.9132
0.90873
0.91721
0.91729
0.91598
0.90553
0.91402
0.90987
0.92266
0.90919
0.91721
0.91615
0.91982
0.92203
0.92251
0.91589
0.90727
0.91795
0.91303
0.92026
0.93077
0.91973
0.91327
0.91554
0.91535
0.91633
0.92009
0.91651
0.92143
0.92533
0.91818
0.91836
0.92159
0.91738
0.92802
0.92142
0.91692
0.93107
0.9227
0.92112
0.92335
0.92315
0.93153
0.92645
0.93239
0.9295
0.93159
0.92651
0.93026
0.92706
0.93385
0.93471
0.9277
0.92924
0.92938
0.93808
0.93295
0.9391
0.92837
0.93321
0.9366
0.93899
0.93931
0.93644
0.94294
0.92984
0.93732
0.94082
0.93261
0.94132
0.93536
0.9311
0.9405
0.93354
0.93423
0.93096
0.94024
0.93673
0.93685
0.93983
0.93859
0.93807
0.93703
0.93623
0.94438
0.93733
0.94209
0.94541
0.94707
0.94707
0.9443
0.94522
0.94464
0.94412
0.94155
0.94709
0.94433
0.94194
0.94183
0.94506
0.94228
0.95234
0.94343
0.94947
0.94972
0.9534
0.94615
0.95002
0.95045
0.9447
0.94435
0.95424
0.95311
0.94717
0.94842
0.94545
0.9474
0.94617
0.95001
0.95415
0.95695
0.94895
0.94998
0.95776
0.94737
0.95276
0.95048
0.95213
0.95629
0.94315
0.9576
0.96063
0.96119
0.95544
0.95146
0.95696
0.95315
0.95675
0.95217
0.95024
0.95612
0.95541
0.95173
0.9581
0.96203
0.9573
0.96104
0.95724
0.96212
0.95364
0.96143
0.96475
0.96035
0.97079
0.9571
0.96037
0.96598
0.96496
0.9599
0.95954
0.9518
0.96682
0.96438
0.96404
0.9617
0.95503
0.96381
0.96875
0.95778
0.96545
0.96031
0.95956
0.95572
0.95676
0.96498
0.96488
0.95507
0.95558
0.96108
0.95942
0.96187
0.96235
0.96553
0.96607
0.9619
0.96525
0.96661
0.96058
0.9728
0.9642
0.96768
0.97463
0.96553
0.96594
0.95746
0.96648
0.95455
0.96784
0.96572
0.96985
0.96382
0.97344
0.96969
0.95896
0.96713
0.96619
0.97159
0.96845
0.96829
0.96902
0.96523
0.9615
0.97049
0.95965
0.96405
0.96473
0.96412
0.97204
0.96803
0.97433
0.96494
0.96776
0.96874
0.96982
0.96416
0.96187
0.96643
0.96852
0.97304
0.96741
0.96796
0.97444
0.96769
0.97578
0.96622
0.97347
0.96806
0.9709
0.96587
0.96998
0.96698
0.96864
0.96968
0.9726
0.964
0.97045
0.97613
0.98024
0.97483
0.97041
0.96931
0.96768
0.97308
0.96718
0.9699
0.96797
0.97018
0.97047
0.97181
0.97883
0.97024
0.97687
0.96257
0.97313
0.97519
0.97138
0.97326
0.96896
0.96785
0.98128
0.97817
0.96869
0.96871
0.96837
0.9685
0.97588
0.97354
0.97333
0.97218
0.96771
0.9743
0.97986
0.9774
0.97567
0.97279
0.97031
0.9788
0.96823
0.97076
0.97306
0.97844
0.96468
0.97291
0.97337
0.96867
0.9706
0.97197
0.97601
0.97643
0.975
0.97602
0.9715
0.97842
0.96597
0.97332
0.98023
0.97686
0.97985
0.98279
0.98305
0.97245
0.97793
0.97727
0.97826
0.98196
0.97989
0.97788
0.97979
0.97929
0.97528
0.97713
0.97601
0.97769
0.98047
0.97938
0.98069
0.97366
0.97994
0.97832
0.98028
0.97798
0.98477
0.97659
0.97619
0.97728
0.98113
0.97289
0.98049
0.97737
0.97592
0.98252
0.97457
0.98035
0.98244
0.97702
0.96685
0.98153
0.97682
0.97371
0.97965
0.98441
0.97249
0.98622
0.97541
0.9793
0.97769
0.97911
0.98464
0.97892
0.98065
0.98099
0.98326
0.98012
0.97515
0.98251
0.9821
0.97205
0.97272
0.98153
0.98547
0.98379
0.97491
0.98264
0.97249
0.98172
0.98004
0.98341
0.98674
0.97502
0.98283
0.97333
0.98082
0.98107
0.97381
0.97714
0.97949
0.98338
0.98216
0.98021
0.97221
0.98194
0.97946
0.98476
0.98377
0.98034
0.97847
0.98096
0.97533
0.98072
0.97882
0.98079
0.98625
0.9816
0.97555
0.98129
0.9803
0.9827
0.98233
0.98099
0.98459
0.98491
0.98091
0.98959
0.98229
0.98112
0.97825
0.97977
0.98405
0.98214
0.98368
0.97636
0.97871
0.97956
0.97863
0.97865
0.98612
0.97694
0.98522
0.97912
0.98806
0.97833
0.9861
0.98431
0.9829
0.9822
0.98085
0.97991
0.97969
0.98323
0.98367
0.97677
0.98454
0.9742
0.98225
0.98696
0.98887
0.98383
0.98518
0.99105
0.98219
0.98426
0.99031
0.98182
0.98212
0.98274
0.98394
0.98107
0.98285
0.9823
0.98415
0.97978
0.98681
0.98031
0.98067
0.97719
0.98682
0.97825
0.98321
0.98303
0.9801
0.9842
0.98555
0.97832
0.98442
0.98131
0.9831
0.98451
0.98774
0.98945
0.98504
0.98276
0.98682
0.98627
0.98109
0.98384
0.97686
0.98066
0.98627
0.98335
0.97819
0.98672
0.98686
0.97985
0.98247
0.98725
0.98523
0.982
0.98273
0.98702
0.98471
0.98958
0.98378
0.99088
0.98746
0.98569
0.98527
0.98542
0.98539
0.9856
0.98261
0.97715
0.98758
0.98907
0.98111
0.98928
0.97631
0.98484
0.98432
0.98811
0.98552
0.98797
0.9812
0.9832
0.98521
0.98923
0.98787
0.97916
0.98839
0.98703
0.98263
0.98689
0.98251
0.98472
0.98823
0.98947
0.98331
0.98055
0.98625
0.98572
0.98672
0.9875
0.98541
0.9848
0.992
0.9818
0.98344
0.98905
0.98585
0.98719
0.98477
0.9844
0.98501
0.98997
0.98304
0.98593
0.98357
0.98926
0.99149
0.989
0.98924
0.98773
0.98926
0.99063
0.98427
0.98807
0.98654
0.98442
0.98498
0.99181
0.98742
0.98534
0.98545
0.98658
0.98704
0.98922
0.98753
0.99066
0.99405
0.98941
0.99354
0.99146
0.99168
0.98795
0.98889
0.99027
0.98851
0.98655
0.98731
0.98949
0.99379
0.98992
0.98117
0.99044
0.99161
0.98439
0.99427
0.99123
0.98232
0.98862
0.98428
0.99432
0.98376
0.99103
0.98684
0.98842
0.99185
0.98904
0.99055
0.98815
0.99276
0.98563
0.98926
0.97848
0.98816
0.99183
0.98881
0.98646
0.98917
0.9927
0.98997
0.99115
0.9896
0.99352
0.98963
0.98579
0.98268
0.98687
0.98655
0.98692
0.98071
0.98804
0.98982
0.99252
0.98618
0.99344
0.99028
0.99303
0.99209
0.98609
0.9837
0.98601
0.99198
0.97891
0.98826
0.98526
0.98891
0.99336
0.98724
0.99203
0.98453
0.98447
0.99274
0.99242
0.98719
0.99277
0.989
0.99163
0.98756
0.9907
0.98706
0.9893
0.98569
0.99114
0.99002
0.9862
0.98657
0.98603
0.99237
0.98379
0.99319
0.99033
0.99263
0.98867
0.99159
0.99063
0.99218
0.98608
0.98832
0.98328
0.9902
0.98982
0.99199
0.98992
0.99455
0.98751
0.99206
0.99001
0.98981
0.99003
0.98786
0.98858
0.98512
0.98786
0.99154
0.98713
0.98931
0.9865
0.98752
0.98616
0.9886
0.98852
0.98363
0.99206
0.99339
0.99092
0.98695
0.99349
0.98978
0.98994
0.99055
0.99296
0.98915
0.9905
0.98894
0.99113
0.98856
0.98633
0.99262
0.99339
0.99149
0.99164
0.99096
0.99153
0.98781
0.99032
0.98726
0.99025
0.99176
0.98969
0.99291
0.99147
0.98883
