1.39759
1.73038
1.40024
1.16675
0.99792
1.0976
1.26753
1.27544
1.30345
1.34151
1.32086
1.31682
1.28388
1.2251
1.15129
1.06966
1.00182
0.95094
0.92005
0.93333
0.93141
0.94683
1.0119
1.02597
1.037
1.03205
1.03924
1.08097
1.05291
1.06628
1.06455
1.07169
1.05964
1.06323
1.0496
1.03104
1.02042
1.03304
1.00301
1.006
1.01975
1.00612
0.99825
0.9761
0.98013
0.95502
0.95018
0.94158
0.91419
0.8991
0.90223
0.88239
0.83997
0.81013
0.77473
0.76146
0.74145
0.7244
0.71849
0.70138
0.68197
0.64193
0.63826
0.62275
0.61402
0.60093
0.58492
0.58506
0.54073
0.51201
0.50308
0.48211
0.46916
0.42885
0.41856
0.41119
0.38139
0.37306
0.3746
0.34417
0.36573
0.31135
0.34423
0.32168
0.30171
0.28606
0.31263
0.28635
0.32996
0.32263
0.30749
0.30435
0.261
0.27987
0.26587
0.26904
0.30445
0.31264
0.25648
0.26807
0.27089
0.28954
0.2594
0.23803
0.28768
0.26391
0.29141
0.26163
0.25651
0.29294
0.2956
0.26963
0.29582
0.26335
0.29298
0.27881
0.26597
0.25068
0.2473
0.22916
0.29012
0.27211
0.25447
0.24533
0.29942
0.26164
0.25233
0.28221
0.33698
0.21176
0.2402
0.25846
0.27984
0.23785
0.25123
0.27447
0.27259
0.26592
0.22867
0.24863
0.30931
0.23135
0.23251
0.26511
0.30869
0.28684
0.20776
0.26042
0.21209
0.24035
0.26433
0.24635
0.23223
0.226
0.27457
0.22835
0.27039
0.31633
0.26231
0.27532
0.27816
0.23007
0.25807
0.28288
0.22651
0.22025
0.27269
0.25831
0.24216
0.23825
0.23329
0.24174
0.25739
0.26564
0.30839
0.23402
0.25604
0.26072
0.25795
0.26577
0.25914
0.25689
0.23904
0.23885
0.26476
0.21997
0.22159
0.20624
0.23786
0.26505
0.21796
0.27819
0.23337
0.24909
0.23852
0.22309
0.27502
0.22752
0.25096
0.25652
0.2404
0.20572
0.21933
0.23176
0.24651
0.2583
0.22358
0.25923
0.26247
0.21695
0.23828
0.2364
0.28932
0.27941
0.23173
0.25538
0.20943
0.2705
0.24347
0.25182
0.23185
0.22143
0.20164
0.24075
0.23749
0.23658
0.30761
0.25348
0.24286
0.23246
0.25262
0.21812
0.2308
0.24437
0.22665
0.22031
0.1621
0.2624
0.2268
0.23983
0.22108
0.23707
0.32585
0.25498
0.21829
0.2263
0.24154
0.2337
0.21498
0.22378
0.25794
0.19944
0.17644
0.23451
0.24094
0.25872
0.18972
0.23591
0.22973
0.27827
0.30037
0.25782
0.26008
0.27184
0.2424
0.28901
0.31946
0.30322
0.2907
0.30771
0.27779
0.27273
0.28625
0.31872
0.29079
0.3318
0.2808
0.29268
0.28113
0.27138
0.25559
0.30553
0.23569
0.29236
0.3378
0.25099
0.28039
0.25602
0.22682
0.27657
0.28309
0.29868
0.27047
0.27665
0.28067
0.25608
0.2567
0.25516
0.2787
0.28734
0.25247
0.28087
0.22186
0.23946
0.28539
0.2182
0.26545
0.24898
0.25652
0.26999
0.21568
0.23379
0.20384
0.26021
0.2347
0.28235
0.21643
0.25846
0.1991
0.19735
0.26385
0.26286
0.23555
0.2054
0.19373
0.20642
0.23133
0.21546
0.18692
0.21982
0.21489
0.2288
0.16988
0.21695
0.20538
0.17087
0.2283
0.17525
0.23497
0.22532
0.19389
0.21025
0.21264
0.22586
0.16992
0.22134
0.22081
0.21207
0.19265
0.1794
0.19982
0.25
0.17342
0.1997
0.16585
0.17354
0.16886
0.18275
0.17191
0.17102
0.17769
0.18914
0.19203
0.18629
0.14525
0.19476
0.19317
0.16919
0.16115
0.14181
0.17603
0.15767
0.13324
0.16715
0.16473
0.15809
0.16406
0.17302
0.18294
0.17886
0.12903
0.16767
0.1778
0.18564
0.17321
0.16969
0.1622
0.14768
0.14731
0.15163
0.14744
0.13213
0.19714
0.13189
0.1452
0.16098
0.12981
0.20105
0.13972
0.13895
0.14407
0.152
0.15562
0.14622
0.16485
0.14884
0.16201
0.15783
0.1334
0.15218
0.16176
0.12598
0.10355
0.1282
0.12709
0.12607
0.11084
0.13915
0.12295
0.11247
0.13646
0.09031
0.11934
0.17173
0.14311
0.10909
0.13315
0.13454
0.15207
0.09136
0.1294
0.10123
0.11306
0.13394
0.13391
0.1055
0.16721
0.11845
0.13729
0.14452
0.13359
0.14047
0.10431
0.09753
0.14682
0.1288
0.11979
0.13628
0.1238
0.13433
0.11355
0.09875
0.11453
0.13133
0.11051
0.12519
0.08395
0.11613
0.10723
0.11047
0.12714
0.11348
0.13829
0.0974
0.15224
0.09546
0.11341
0.09429
0.12432
0.07625
0.09974
0.10636
0.09781
0.1159
0.09517
0.09993
0.1056
0.09751
0.1102
0.12815
0.09279
0.13587
0.12224
0.10585
0.10409
0.09987
0.09442
0.07685
0.12232
0.10595
0.10125
0.09206
0.12625
0.13457
0.11157
0.09239
0.09249
0.0999
0.08924
0.0869
0.10507
0.09784
0.10345
0.09226
0.10789
0.08149
0.11486
0.10019
0.16799
0.09381
0.09575
0.114
0.11117
0.09028
0.0675
0.06017
0.07352
0.09721
0.10257
0.12644
0.10176
0.10053
0.11642
0.11738
0.10031
0.08416
0.09396
0.06506
0.08298
0.07342
0.12616
0.08256
0.07871
0.09169
0.10641
0.12949
0.12604
0.10954
0.07674
0.09884
0.09285
0.11125
0.11211
0.10944
0.07603
0.10865
0.11532
0.1361
0.0745
0.06199
0.06553
0.07598
0.08235
0.09646
0.07986
0.1019
0.09416
0.09882
0.06585
0.11263
0.07785
0.07155
0.11892
0.10935
0.08207
0.07585
0.06556
0.07574
0.10141
0.08821
0.06756
0.11053
0.08495
0.06983
0.06293
0.07393
0.04782
0.05394
0.10035
0.0606
0.07432
0.06944
0.07011
0.07673
0.06104
0.05944
0.06665
0.0712
0.07854
0.07179
0.07773
0.07262
0.05751
0.06526
0.0858
0.08322
0.10141
0.07441
0.06251
0.08312
0.07553
0.08398
0.07204
0.06744
0.09413
0.05411
0.07889
0.09153
0.07287
0.07282
0.06666
0.0539
0.08076
0.10521
0.05748
0.0866
0.09243
0.05697
0.06036
0.11692
0.03421
0.08007
0.0648
0.07336
0.06466
0.09952
0.04739
0.09406
0.05329
0.05084
0.06835
0.0821
0.04323
0.06158
0.08554
0.09396
0.05676
0.06195
0.04419
0.0761
0.06656
0.08435
0.04846
0.06228
0.05424
0.04792
0.12518
0.05652
0.08951
0.06851
0.06178
0.09586
0.08026
0.05307
0.06021
0.06458
0.06839
0.07991
0.06468
0.07278
0.04304
0.04119
0.06315
0.0678
0.09188
0.07289
0.062
0.07887
0.06589
0.03195
0.0624
0.07867
0.05625
0.05908
0.05562
0.06095
0.07265
0.05788
0.04979
0.05239
0.0268
0.04734
0.05373
0.06089
0.08211
0.04251
0.05477
0.05649
0.08231
0.09667
0.05786
0.05541
0.0611
0.05166
0.08494
0.06453
0.05687
0.05726
0.07257
0.03803
0.03683
0.04995
0.06111
0.06336
0.06142
0.06586
0.07887
0.04747
0.07342
0.05458
0.08055
0.05165
0.05473
0.03723
0.04658
0.04567
0.03087
0.06036
0.04349
0.02829
0.06547
0.05188
0.05453
0.0402
0.07594
0.06705
0.07275
0.05257
0.06285
0.05416
0.05376
0.06407
0.06835
0.03176
0.07241
0.07477
0.04978
0.06712
0.05202
0.03723
0.07481
0.04288
0.05239
0.06171
0.04971
0.04907
0.03341
0.05479
0.05304
0.04362
0.05468
0.06179
0.0592
0.07086
0.06938
0.03904
0.04816
0.0726
0.03392
0.03595
0.05404
0.05743
0.04441
0.03556
0.06815
0.0563
0.04988
0.06583
0.03351
0.0609
0.03291
0.04361
0.04981
0.0336
0.04211
0.0602
0.05716
0.05711
0.07237
0.03028
0.03435
0.04873
0.03771
0.07855
0.04797
0.05088
0.03503
0.03978
0.04417
0.07709
0.06161
0.03744
0.0213
0.04742
0.05859
0.03591
0.03969
0.06447
0.04122
0.06993
0.03862
0.03417
0.03032
0.03688
0.06017
0.06144
0.04785
0.04928
0.03461
0.04261
0.03658
0.04585
0.05573
0.04945
0.03684
0.04733
0.052
0.0449
0.05208
0.05671
0.03393
0.07213
0.03684
0.05885
0.04452
0.03249
0.03786
0.03268
0.03232
0.02835
0.03468
0.04075
0.05651
0.04008
0.04856
0.03839
0.0392
0.03427
0.03726
0.04828
0.05494
0.04069
0.03841
0.04
0.02534
0.02364
0.02938
0.02902
0.02456
0.02
0.08041
0.03798
0.0355
0.0302
0.04968
0.02941
0.02923
0.02051
0.05469
0.05335
0.04595
0.05016
0.05179
0.01578
0.04414
0.05248
0.04058
0.04427
0.02424
0.05941
0.02488
0.0343
0.04139
0.03128
0.03359
0.03463
0.03611
0.05122
0.05562
0.02631
0.06728
0.03805
0.03166
0.03195
0.04784
0.02891
0.02659
0.04399
0.02987
0.04536
0.01777
0.04422
0.05371
0.04854
0.06096
0.0316
0.0439
0.0581
0.04003
0.02822
0.02496
0.04375
0.02114
0.02597
0.02997
0.02812
0.04365
0.07673
0.03749
0.02665
0.08254
0.03698
0.05107
0.03439
0.0288
0.041
0.03545
0.03685
0.04788
0.03127
0.02159
0.05162
0.01722
0.04487
0.03612
0.03895
0.03765
0.04862
0.02184
0.05112
0.03028
0.03915
0.0416
0.04318
0.03956
0.02835
0.04414
0.03388
0.03033
0.02436
0.03908
0.03077
0.02841
0.02887
0.0494
0.03366
0.08499
0.03055
0.03195
0.02493
0.02414
0.02228
0.04273
0.02608
0.02955
0.03088
0.032
0.02905
0.03668
0.03896
0.05373
0.02738
0.0376
0.03579
0.03525
0.03245
0.05495
0.04159
0.03596
0.04039
0.02755
0.01749
0.02268
0.05955
0.01705
0.02779
0.05905
0.03799
0.02255
0.03011
0.04255
0.03427
0.02853
0.03938
0.03839
0.025
0.02354
0.04245
0.02694
0.03057
0.02641
0.03867
0.03577
0.04413
0.02065
0.02924
0.02883
0.02619
0.02384
0.02621
