8.082
1.48639
1.62607
2.24794
2.42979
2.55645
2.03123
1.76182
1.61914
1.50689
1.39402
1.39614
1.40129
1.46576
1.61625
1.82223
2.00312
2.1498
2.32167
2.33261
2.32921
2.25713
2.13589
2.06742
2.03221
2.06108
2.01091
1.93981
1.89753
1.84703
1.80736
1.78761
1.78645
1.76346
1.76632
1.78725
1.80436
1.80384
1.82757
1.82398
1.82959
1.84472
1.85325
1.88638
1.89109
1.91002
1.945
1.95812
1.99576
2.01405
2.04646
2.10373
2.17072
2.28197
2.36099
2.46655
2.55222
2.62702
2.65521
2.69172
2.78465
2.87263
2.9671
3.05195
3.08037
3.20253
3.22286
3.27876
3.37453
3.53653
3.53635
3.61688
3.75405
3.83871
4.04136
4.08863
4.1862
4.25356
4.32668
4.4689
4.52657
4.70601
4.78993
4.8191
4.89806
5.0714
5.06799
5.18474
5.08939
5.10444
5.23389
5.19374
5.35189
5.41308
5.4998
5.60106
5.57078
5.54153
5.56917
5.72428
5.6958
5.70881
5.78227
5.89976
5.87256
5.90451
5.89515
5.9839
6.06774
6.02746
6.01426
6.15802
5.98688
6.05616
6.00597
6.1194
6.18476
6.22716
6.1937
6.253
6.18147
6.27337
6.28243
6.24945
6.22665
6.35129
6.37085
6.32772
6.35201
6.33028
6.44371
6.43697
6.45575
6.54413
6.4374
6.44478
6.52389
6.48285
6.58102
6.48463
6.56911
6.65232
6.53626
6.76056
6.4901
6.64423
6.70218
6.62235
6.64944
6.74618
6.58851
6.76057
6.852
6.73952
6.67393
6.67939
6.81917
6.67535
6.70009
6.81076
6.6108
6.74077
6.83246
6.75825
6.91354
6.91586
6.84886
6.7967
6.84642
6.8369
6.83377
6.90231
6.81776
6.91688
6.80214
6.82928
6.86013
6.80502
6.84554
6.98341
6.8967
6.87113
6.86493
6.89239
7.04007
7.02084
7.03223
7.07194
6.98235
7.00244
7.01394
6.89406
6.94224
6.96049
6.95123
7.04921
6.94035
6.86301
7.01097
7.00079
6.96879
7.00523
7.12241
6.80786
6.95401
6.95726
6.97182
6.92092
6.94706
7.04451
7.00143
7.05403
7.03344
6.81733
7.09624
7.02949
7.02995
7.01418
7.0424
6.99882
6.97557
6.79128
7.01073
6.9912
7.03543
7.01457
6.87399
6.97957
6.85057
7.06956
7.04772
6.97304
7.03003
7.08445
7.11123
7.15319
7.18995
7.22582
7.12451
7.08344
7.08559
7.05038
6.92506
7.06175
7.08476
7.05851
7.03679
7.03755
7.17015
7.03908
7.09927
7.12304
7.28428
7.15666
7.10851
7.09508
7.12302
7.06053
7.1088
6.95682
7.03644
6.86438
6.89434
6.82462
6.87435
6.77567
6.62845
6.6693
6.65796
6.60324
6.64071
6.67082
6.66766
6.61694
6.56864
6.60185
6.46125
6.52636
6.47869
6.56722
6.67095
6.46582
6.57431
6.49853
6.49993
6.60754
6.62284
6.6254
6.60525
6.60872
6.53149
6.47003
6.51923
6.52299
6.57908
6.56338
6.58123
6.5824
6.57962
6.50207
6.53783
6.55365
6.57537
6.67339
6.59094
6.65868
6.58933
6.57256
6.51951
6.59236
6.64553
6.71408
6.74569
6.59521
6.70424
6.65194
6.77801
6.71686
6.79342
6.91465
6.65437
6.761
6.8381
6.83344
7.06151
6.85935
6.94978
6.93773
6.98756
7.02055
7.10261
6.94489
7.23564
6.99697
7.09065
7.17425
7.1006
7.18407
6.98265
7.12987
7.15236
7.17704
7.13152
7.14574
7.15648
7.11309
7.07683
7.05221
7.1271
7.23066
7.28896
7.01551
7.28347
7.18043
7.39763
7.28561
7.30468
7.26963
7.44536
7.26531
7.33232
7.42978
7.29874
7.49194
7.4595
7.51117
7.52623
7.51317
7.48738
7.54857
7.50844
7.58861
7.72113
7.57023
7.70647
7.70587
7.71726
7.46843
7.58057
7.57402
7.73803
7.76327
7.69059
7.60086
7.71143
7.64915
7.67383
7.71659
7.75386
7.70764
7.80541
7.81116
7.66813
7.89259
7.69913
7.93235
7.84773
7.74057
7.85629
7.80879
7.85842
7.91194
7.88891
7.95254
7.85421
7.9526
7.98407
8.0147
7.92774
7.95033
8.01469
8.11265
8.22469
7.98428
8.18965
8.10011
8.15025
8.2836
8.06812
8.22746
8.23013
8.39751
8.29353
8.34056
8.28519
8.34507
8.45158
8.32463
8.29777
8.51249
8.34091
8.53863
8.43737
8.49181
8.36588
8.55015
8.39621
8.34149
8.47863
8.4216
8.40963
8.48487
8.68093
8.59852
8.33309
8.49883
8.56365
8.59639
8.50487
8.4207
8.51723
8.86328
8.53238
8.67506
8.56453
8.77939
8.70041
8.76806
8.85001
8.76646
8.69296
8.76043
8.71997
8.77845
8.83539
8.66118
8.78962
8.9288
8.80847
8.90529
8.88311
8.6925
8.79753
8.94982
8.92281
9.00403
8.85508
8.93882
8.99784
8.8616
8.99933
8.87562
8.88632
8.84247
8.93727
8.98355
9.12051
9.08215
8.96099
9.2721
8.96743
9.0961
8.90619
8.99607
8.90728
9.01692
9.33931
9.12215
9.06284
9.33459
8.93239
9.16132
9.15157
9.1801
9.18159
9.06337
9.1265
9.22884
9.16121
9.20467
9.36233
9.29129
9.08496
9.40514
9.12775
9.48159
9.56452
9.18272
9.35688
9.21543
9.45606
9.0719
9.14088
9.37575
9.30605
9.46201
9.36702
9.54242
9.31436
9.52906
9.52335
9.38874
9.41854
9.49975
9.57106
9.43331
9.37525
9.65288
9.52031
9.48169
9.61373
9.4665
9.51368
9.58269
9.66034
9.36259
9.59715
9.5949
9.66118
9.66479
9.69001
9.7032
9.58661
9.56382
9.81342
9.72035
9.53469
9.76653
9.72357
9.5623
9.72136
9.92636
9.64579
9.64182
9.61335
9.75993
9.8363
9.59964
9.77569
9.6912
9.82648
9.64214
9.74486
9.69836
9.95172
9.85169
9.79426
9.96895
9.81015
9.91751
9.81146
9.9595
10.12032
9.82611
9.80776
10.14627
9.97597
9.89082
9.97612
10.05933
10.20616
9.96975
10.07842
10.01183
10.03747
10.21487
10.35755
10.11019
10.15375
10.26926
10.36705
10.04698
10.05438
10.07805
10.12698
10.22813
10.34118
10.04433
10.09559
10.19114
10.20154
10.29768
10.32706
10.09666
10.34242
10.37098
10.3907
10.08809
10.27085
10.24883
10.4573
10.40798
10.25782
10.32568
10.15763
9.93014
10.4318
10.58162
10.32808
10.46371
10.31296
10.38414
10.58653
10.27263
10.57461
10.25039
10.51636
10.53222
10.53228
10.38921
10.09698
10.49998
10.57277
10.40653
10.47627
10.55915
10.2017
10.53348
10.2264
10.3557
10.62801
10.26458
10.38384
10.57058
10.21961
10.4931
10.58785
10.18777
10.55208
10.47091
10.54813
10.64489
10.83261
10.31996
10.70778
10.68224
10.4535
10.5084
10.75159
10.82421
10.57779
10.56503
10.69178
10.5957
10.59826
10.55257
10.5309
10.75714
10.80636
10.87402
10.87309
10.88477
10.7307
10.87152
10.55584
10.65023
10.85676
10.9437
10.56867
10.61307
10.58698
10.65709
10.63406
10.68114
10.63454
10.67992
10.8362
10.89053
10.75376
10.88938
10.91234
10.88476
11.17107
10.68152
10.81742
10.6267
11.06142
10.93683
10.9939
10.8543
10.68349
10.97661
10.95221
11.29057
11.0271
11.19488
11.15744
10.77462
11.35571
11.18229
10.92932
10.84527
10.93763
10.75546
10.93027
11.0386
10.83189
11.035
10.90518
11.47305
11.08333
10.99276
11.00061
11.43468
11.12519
10.96244
11.0851
10.86954
11.02805
11.30479
10.88569
11.22193
10.6709
11.3111
11.28885
11.29656
11.25428
11.11783
11.17269
11.15985
11.27732
11.37116
11.37776
10.99265
11.13281
11.10725
11.14118
11.21328
11.34946
11.18826
11.09527
11.21094
11.56571
11.62953
11.26739
11.15516
11.33739
11.60215
11.75195
11.20707
11.79453
11.11075
11.41866
11.46317
11.57691
11.10097
11.59456
11.3958
11.38286
11.25239
11.44508
11.52662
11.37733
11.2193
11.65131
11.33481
11.51605
11.50955
11.6319
11.30139
11.84455
11.19983
11.44108
11.68717
11.63194
11.19126
11.54012
11.34576
11.57263
11.51373
11.64582
11.73695
11.67174
11.56028
11.52019
11.71158
11.9409
11.71198
11.52076
11.72767
11.58052
11.64164
11.44947
11.67565
11.74048
11.47951
12.00012
11.79365
11.46902
11.43375
11.80426
11.46673
11.88204
11.82666
11.73902
11.99448
11.56878
11.74593
11.72512
11.47652
12.06218
11.69647
11.95631
12.19726
11.46289
11.47156
12.10547
12.10348
11.80535
11.48152
11.80978
11.8386
11.94856
11.8363
12.16842
12.0711
11.90147
12.33313
12.33521
12.21262
12.14954
12.12818
12.13265
12.37949
11.93222
12.26806
12.19325
12.42997
12.18788
12.08738
12.32094
12.06686
12.10525
12.34881
12.20699
11.88629
12.45653
11.96839
12.11613
12.20907
12.22741
12.00793
12.45251
12.12028
12.23863
11.9257
12.58161
12.24331
11.84815
12.10776
12.10683
12.29099
12.68576
12.29568
12.47784
12.33786
12.19323
12.44163
12.01157
12.06254
12.41293
12.26489
12.44223
12.61668
12.17913
11.93923
12.30692
11.86635
12.42064
12.52488
12.53396
12.00789
12.38947
12.49987
12.66437
12.37552
12.41058
12.35346
12.34323
12.40783
12.15396
12.20744
12.23983
12.30968
12.36558
12.40922
12.38152
12.29071
12.25313
12.33903
12.40802
12.18148
12.35115
12.52432
12.30016
12.35174
12.59179
12.52287
12.55392
11.96517
12.7369
12.71677
12.47856
12.06107
12.58708
12.60033
12.48679
12.30792
12.60966
12.77778
12.38277
12.6234
12.69031
12.93747
12.33855
12.76388
12.27359
12.58353
12.69697
12.44496
12.43165
12.70995
12.28751
12.67596
12.67472
12.66501
12.29738
12.53611
12.28146
12.72899
12.19328
12.90588
12.86179
12.69509
12.49946
12.4034
12.24449
12.4972
12.56286
12.66225
12.86678
13.00184
12.47535
12.41119
13.12327
12.78545
12.23895
12.93394
12.91615
12.7338
12.50525
12.75924
12.65425
12.37448
12.75785
12.9591
12.91104
12.55383
12.7046
12.50743
12.58089
12.1666
12.85526
12.55562
12.76076
12.89308
13.04006
12.67927
13.3578
12.66975
