0.09821
0.37406
0.30099
0.21628
0.17707
0.18212
0.24872
0.27667
0.2955
0.31448
0.32893
0.32767
0.32507
0.31639
0.29419
0.26825
0.23904
0.22651
0.2085
0.21145
0.21488
0.22704
0.23849
0.25101
0.26158
0.25393
0.25939
0.26972
0.26911
0.27757
0.28187
0.28508
0.28241
0.28464
0.28447
0.28214
0.27893
0.27496
0.27464
0.27363
0.2734
0.26985
0.26834
0.2652
0.25946
0.26162
0.2548
0.25714
0.24712
0.24437
0.24399
0.23406
0.22484
0.20706
0.20061
0.1857
0.18074
0.17187
0.17023
0.17
0.16477
0.15506
0.15102
0.1405
0.14241
0.12704
0.13356
0.12531
0.11627
0.11396
0.11694
0.10603
0.103
0.10598
0.09351
0.08632
0.08931
0.08283
0.083
0.07554
0.07563
0.06678
0.06154
0.06755
0.06204
0.05546
0.0604
0.05818
0.05653
0.06573
0.05999
0.06091
0.04871
0.05668
0.04456
0.04658
0.05971
0.05094
0.05256
0.04776
0.04918
0.04533
0.04396
0.04864
0.04611
0.04574
0.04775
0.04171
0.04227
0.04368
0.04569
0.03747
0.04958
0.04862
0.04966
0.04289
0.0419
0.04004
0.04226
0.03801
0.0536
0.04887
0.03834
0.03837
0.05175
0.04058
0.04056
0.04244
0.05067
0.03185
0.0389
0.03928
0.04094
0.0333
0.04365
0.03492
0.03846
0.03253
0.03509
0.04637
0.04289
0.02982
0.03977
0.03418
0.04915
0.04661
0.03546
0.04321
0.03806
0.03857
0.03739
0.03923
0.03324
0.03709
0.04239
0.03451
0.0449
0.04756
0.04114
0.0383
0.03635
0.03916
0.03946
0.04413
0.03345
0.03188
0.03382
0.03288
0.03228
0.03812
0.03245
0.03727
0.03549
0.0349
0.04004
0.03307
0.03496
0.04424
0.04342
0.03199
0.03351
0.03964
0.03274
0.03878
0.04037
0.03583
0.03051
0.03243
0.03622
0.04291
0.03383
0.03964
0.03616
0.03075
0.03697
0.03848
0.03391
0.04251
0.03856
0.03659
0.03445
0.03518
0.02588
0.03827
0.04428
0.03911
0.03358
0.04125
0.03983
0.03585
0.03298
0.03333
0.03704
0.03894
0.03349
0.03545
0.0291
0.03943
0.03607
0.03897
0.03992
0.04011
0.03912
0.03578
0.03847
0.05088
0.04213
0.03242
0.0402
0.03159
0.04324
0.03811
0.03491
0.03626
0.03603
0.03292
0.02969
0.03534
0.0347
0.03213
0.03597
0.04238
0.03978
0.03162
0.03262
0.02951
0.04016
0.03917
0.02529
0.03528
0.03264
0.03425
0.02242
0.03646
0.04145
0.03433
0.03813
0.03132
0.02865
0.03876
0.03949
0.03923
0.04024
0.04878
0.02963
0.03797
0.05024
0.04282
0.04472
0.04438
0.04361
0.03845
0.03888
0.04218
0.0447
0.04705
0.05157
0.04149
0.04382
0.03845
0.04137
0.05497
0.04648
0.04348
0.04889
0.03828
0.04273
0.04394
0.0423
0.04562
0.0401
0.0526
0.0418
0.04819
0.04484
0.03749
0.04233
0.04098
0.04294
0.04731
0.04647
0.04686
0.04556
0.03707
0.04287
0.03774
0.04643
0.03646
0.05165
0.04501
0.04252
0.03848
0.0367
0.04702
0.03558
0.04897
0.03804
0.04932
0.03578
0.02992
0.05265
0.03841
0.04732
0.03505
0.02848
0.03631
0.03476
0.02977
0.03336
0.03944
0.03105
0.04113
0.02492
0.03241
0.03196
0.02878
0.03451
0.03088
0.0389
0.03452
0.02863
0.0285
0.03848
0.03252
0.0234
0.0384
0.0352
0.03441
0.03479
0.03116
0.03255
0.04154
0.03221
0.03167
0.02393
0.02507
0.0354
0.03322
0.02909
0.03027
0.02883
0.02914
0.02654
0.03065
0.0201
0.02831
0.02802
0.02702
0.02525
0.02352
0.02805
0.02615
0.01574
0.03174
0.0269
0.02523
0.02289
0.0289
0.03234
0.03
0.02163
0.02879
0.02961
0.02996
0.02481
0.02186
0.02966
0.02366
0.02557
0.02614
0.02058
0.02172
0.02821
0.01584
0.0253
0.02997
0.02173
0.02827
0.02333
0.02687
0.02399
0.02449
0.03058
0.02378
0.02462
0.02481
0.02426
0.0184
0.02091
0.02927
0.02349
0.01754
0.01833
0.02825
0.01829
0.02013
0.01955
0.02156
0.02248
0.0174
0.02366
0.01508
0.01435
0.02691
0.02502
0.01967
0.02233
0.02054
0.01486
0.01549
0.02087
0.014
0.0173
0.01769
0.01756
0.01879
0.02619
0.02395
0.02108
0.0251
0.01464
0.02168
0.01495
0.01277
0.02125
0.01673
0.01557
0.02146
0.01779
0.02075
0.01745
0.0137
0.01493
0.02086
0.01813
0.01671
0.01468
0.0161
0.01418
0.02221
0.0239
0.01917
0.01597
0.01385
0.01781
0.01523
0.01927
0.01327
0.01615
0.00931
0.01332
0.01263
0.01299
0.01494
0.01575
0.01665
0.01678
0.01667
0.01444
0.01473
0.01617
0.0156
0.0181
0.01603
0.01474
0.01737
0.01226
0.01024
0.02056
0.01297
0.0143
0.01188
0.01628
0.01803
0.01832
0.01447
0.01529
0.0129
0.01142
0.01617
0.02005
0.01305
0.01408
0.01245
0.01685
0.00973
0.01591
0.01468
0.02297
0.01267
0.01356
0.01812
0.01712
0.01104
0.01651
0.00942
0.01245
0.01767
0.01158
0.0184
0.01531
0.01895
0.02439
0.01506
0.01466
0.01414
0.01175
0.00879
0.01221
0.01125
0.01533
0.01347
0.01257
0.01159
0.01153
0.01773
0.01744
0.01152
0.01442
0.01189
0.01217
0.01607
0.01706
0.01904
0.00827
0.023
0.01279
0.01155
0.01072
0.01101
0.01046
0.01047
0.01491
0.01479
0.01163
0.00885
0.0122
0.01761
0.01101
0.01281
0.00821
0.00616
0.01765
0.01647
0.01264
0.01448
0.01019
0.00899
0.01367
0.01263
0.01051
0.01132
0.0117
0.01238
0.0097
0.01608
0.00583
0.00975
0.01629
0.01108
0.01008
0.00849
0.01391
0.01674
0.00819
0.00881
0.01194
0.0092
0.00993
0.01286
0.01197
0.01128
0.00637
0.01019
0.00814
0.0114
0.01436
0.01116
0.00734
0.01381
0.00543
0.01021
0.01239
0.00805
0.01496
0.00721
0.01174
0.01118
0.01237
0.00816
0.00785
0.01041
0.00914
0.00979
0.00873
0.0099
0.01049
0.00863
0.01177
0.01841
0.00838
0.00884
0.0066
0.00883
0.00838
0.01976
0.0049
0.01764
0.00758
0.00719
0.01303
0.01303
0.00607
0.00965
0.00726
0.01053
0.00748
0.01218
0.00758
0.01089
0.0117
0.00705
0.00708
0.00528
0.01016
0.00737
0.02066
0.0077
0.00924
0.00955
0.00868
0.00924
0.00827
0.00545
0.01012
0.00906
0.01119
0.01124
0.00773
0.01354
0.00571
0.00604
0.01051
0.00585
0.01307
0.00832
0.00865
0.01037
0.00806
0.00528
0.00863
0.00658
0.00828
0.00852
0.00728
0.00897
0.01329
0.00937
0.00702
0.00717
0.00559
0.00756
0.00632
0.01102
0.01311
0.00567
0.00724
0.00731
0.01242
0.01584
0.00469
0.00637
0.00653
0.0094
0.01433
0.0104
0.00915
0.00944
0.00936
0.00556
0.00618
0.00548
0.01412
0.01005
0.0065
0.01078
0.00979
0.00732
0.00711
0.00932
0.01198
0.00449
0.00997
0.00467
0.00498
0.00782
0.0062
0.01002
0.005
0.00746
0.00984
0.00743
0.00629
0.00538
0.00933
0.01021
0.01313
0.00601
0.01112
0.00702
0.00451
0.00847
0.00405
0.00535
0.00829
0.01332
0.00615
0.01005
0.00543
0.00448
0.00866
0.00602
0.00622
0.00825
0.009
0.00872
0.00691
0.00846
0.00524
0.00486
0.0052
0.00705
0.00543
0.00629
0.00853
0.00502
0.00778
0.00739
0.00568
0.00452
0.00634
0.00853
0.00534
0.00423
0.00739
0.00921
0.00805
0.0112
0.00516
0.00576
0.00841
0.00591
0.00689
0.00489
0.00598
0.00945
0.0099
0.00965
0.0066
0.00441
0.00477
0.00411
0.0068
0.00742
0.00599
0.00554
0.00508
0.00467
0.00537
0.00983
0.00615
0.00561
0.00372
0.00672
0.00536
0.0044
0.0066
0.00888
0.00574
0.00814
0.00448
0.00618
0.00555
0.00259
0.0052
0.00901
0.00682
0.00678
0.00552
0.00355
0.00441
0.00715
0.00739
0.0079
0.00854
0.00745
0.00741
0.00449
0.00623
0.00937
0.00575
0.01014
0.00421
0.00759
0.0078
0.00415
0.00275
0.00549
0.00339
0.00531
0.00342
0.00556
0.00765
0.00324
0.00815
0.00378
0.00556
0.00412
0.00249
0.00608
0.00571
0.00504
0.00402
0.00447
0.00407
0.00379
0.00535
0.00329
0.00475
0.00204
0.00997
0.00631
0.00419
0.00329
0.00561
0.00331
0.00496
0.00219
0.00635
0.00891
0.00609
0.00398
0.00683
0.00265
0.00608
0.00271
0.00482
0.00305
0.0039
0.00571
0.00569
0.00452
0.00443
0.00561
0.00729
0.00864
0.00314
0.00659
0.00593
0.00277
0.008
0.00437
0.00371
0.00366
0.00758
0.00478
0.00385
0.00713
0.0042
0.00878
0.00201
0.00701
0.00675
0.00444
0.00598
0.00309
0.00292
0.00313
0.00397
0.00272
0.00341
0.00584
0.00442
0.00282
0.00457
0.00541
0.00584
0.00614
0.00484
0.00363
0.01273
0.00251
0.00555
0.00348
0.00471
0.00394
0.00661
0.00446
0.00426
0.00475
0.00423
0.0065
0.00114
0.00651
0.00699
0.0051
0.00698
0.00646
0.00428
0.00416
0.00491
0.00498
0.0054
0.00313
0.00528
0.00517
0.0041
0.0074
0.00281
0.00389
0.00333
0.0045
0.00254
0.00356
0.00651
0.00385
0.00833
0.0039
0.00224
0.00204
0.00474
0.00372
0.00918
0.00519
0.00415
0.00523
0.0056
0.00685
0.00311
0.00354
0.00913
0.00287
0.00474
0.0069
0.00274
0.00352
0.00871
0.00404
0.00524
0.00397
0.00554
0.003
0.00187
0.00694
0.00263
0.00216
0.01032
0.0052
0.00304
0.00238
0.0057
0.00346
0.00383
0.00498
0.00181
0.00333
0.00354
0.00414
0.00327
0.0043
0.00362
0.00344
0.00548
0.0068
0.00132
0.00501
0.00522
0.00402
0.00255
0.00276
