11.76804
3.20261
1.47925
1.78485
1.38579
1.61838
1.97398
2.29786
2.16383
2.07808
1.91554
1.92452
1.70101
1.62942
1.62521
1.59398
1.53368
1.53862
1.68077
1.68072
1.74725
1.80491
1.83558
1.80156
1.90996
1.99736
2.18704
2.11152
2.1921
2.14191
2.22501
2.19471
2.16506
2.04138
2.02944
1.87393
1.88587
1.82862
1.80925
1.77973
1.72313
1.72073
1.70111
1.70157
1.60117
1.65897
1.60586
1.66091
1.6267
1.68634
1.62874
1.68991
1.65951
1.67152
1.70842
1.66861
1.70799
1.672
1.74344
1.71522
1.72601
1.70703
1.746
1.76306
1.74973
1.72216
1.78525
1.7737
1.78862
1.75752
1.79974
1.83303
1.84234
1.83839
1.81536
1.85585
1.82077
1.90348
1.85373
1.92282
1.8433
1.94589
1.92402
1.99985
1.9302
2.03447
1.9914
2.04208
1.99873
2.09453
2.06108
2.13034
2.13534
2.19871
2.16465
2.25023
2.21299
2.29448
2.28494
2.31216
2.35225
2.43031
2.3741
2.43463
2.47776
2.50342
2.50212
2.49297
2.51706
2.60972
2.57838
2.71796
2.60737
2.66748
2.76786
2.69605
2.69392
2.75745
2.71769
2.88437
2.80836
2.77693
2.85501
2.91666
2.85931
2.88042
2.86526
2.89627
2.90176
3.03729
2.88748
2.95775
2.99292
2.9567
3.00598
3.01652
3.07806
2.87797
3.01244
3.04851
3.01406
3.04787
3.0399
3.06027
3.09856
3.01164
3.05032
3.18619
2.9716
3.12464
3.24369
3.05764
3.07315
3.11408
3.15897
3.29858
3.16646
3.23135
3.22506
3.267
3.32191
3.26551
3.27824
3.29121
3.32316
3.23862
3.44077
3.29445
3.31724
3.33158
3.38544
3.3905
3.32897
3.40753
3.35194
3.39927
3.37494
3.38956
3.44611
3.34722
3.47028
3.45089
3.43828
3.40159
3.45107
3.52342
3.35381
3.50594
3.40909
3.47483
3.46808
3.4343
3.54934
3.46484
3.53172
3.42168
3.48478
3.46722
3.53067
3.58694
3.5244
3.57492
3.52263
3.59138
3.66758
3.64226
3.67021
3.61999
3.63873
3.6992
3.68894
3.63606
3.76198
3.67849
3.7363
3.6073
3.70624
3.69922
3.80378
3.76239
3.6768
3.80311
3.62098
3.7684
3.71731
3.73868
3.83879
3.72567
3.80588
3.91093
3.8304
3.91531
3.7995
3.79494
3.87879
3.83237
3.9023
3.9156
3.88183
3.92706
3.87355
3.84906
3.92068
3.98325
3.89643
3.96313
4.03664
3.72684
4.03666
3.92154
3.98073
4.02364
3.94745
4.05722
3.91666
4.12517
3.92594
4.07282
3.99253
4.03811
4.08343
3.91555
4.06764
4.11449
4.08833
4.01347
4.07972
4.13815
4.08045
3.99847
4.07441
4.05653
4.13883
4.0569
4.19228
3.95817
4.08872
4.13245
4.20424
4.16325
4.08831
4.26065
4.01041
4.07285
3.99517
4.15614
4.05834
4.15052
4.05816
4.17777
4.06374
4.15932
4.14947
4.08474
4.2431
4.14324
4.24025
4.18049
4.19649
4.20441
4.22959
4.09871
4.33777
4.18942
4.1686
4.27198
4.23591
4.17905
4.26219
4.28105
4.28555
4.19836
4.2562
4.31796
4.21153
4.33234
4.20184
4.21134
4.39186
4.35222
4.29396
4.3362
4.20467
4.43868
4.12545
4.36847
4.27604
4.36282
4.39322
4.2504
4.35839
4.2961
4.37843
4.36275
4.39496
4.26984
4.34948
4.32867
4.37296
4.33887
4.35385
4.29256
4.36421
4.38994
4.33957
4.42469
4.47363
4.28689
4.54196
4.30133
4.34916
4.40819
4.58266
4.45221
4.48334
4.42799
4.501
4.56581
4.53389
4.35841
4.34274
4.53997
4.37205
4.51447
4.40811
4.47152
4.39561
4.41355
4.42147
4.45755
4.244
4.36243
4.42123
4.36435
4.37002
4.39077
4.28263
4.35243
4.30412
4.37418
4.34119
4.38619
4.46077
4.2067
4.42235
4.34468
4.37867
4.27439
4.33617
4.39382
4.33524
4.48567
4.39548
4.43893
4.37527
4.42117
4.44855
4.37378
4.40329
4.40529
4.43422
4.48547
4.52103
4.42866
4.35751
4.60434
4.37581
4.56245
4.41152
4.49371
4.53809
4.53015
4.44364
4.57472
4.47645
4.45483
4.59357
4.5227
4.55579
4.51999
4.70605
4.53576
4.6264
4.62045
4.66323
4.47737
4.72703
4.65776
4.46448
4.73952
4.70568
4.45194
4.77158
4.53068
4.75125
4.62349
4.71344
4.59169
4.86508
4.5491
4.74244
4.61706
4.7638
4.69945
4.7141
4.81267
4.72361
4.74176
4.71102
4.80261
4.68203
4.74832
4.84136
4.83261
4.7146
4.80658
4.89881
4.7215
4.86306
4.89611
4.73649
4.92164
4.78655
4.77907
4.87289
4.83082
4.90351
4.95829
4.93436
4.92959
5.06083
4.90511
4.88721
4.89463
5.09666
4.89958
5.03206
4.98163
4.91432
5.07098
5.05451
5.04938
5.06748
5.08604
5.05737
4.92157
5.14973
5.00639
5.0697
5.14357
5.07605
5.09961
5.05926
5.16495
5.17385
4.98742
5.07346
5.15097
5.01837
5.2217
5.33295
5.13591
5.12998
5.14023
5.19316
5.22219
5.35938
5.2809
5.08096
5.23082
5.30222
5.16023
5.22597
5.27583
5.14417
5.18762
5.27528
5.43582
5.32202
5.33464
5.14964
5.38899
5.46766
5.27741
5.1686
5.18346
5.31375
5.32672
5.28354
5.51659
5.24541
5.45655
5.38779
5.33253
5.38931
5.4542
5.41108
5.33096
5.47605
5.63668
5.51532
5.34771
5.47074
5.4233
5.48845
5.56469
5.43567
5.45645
5.564
5.48575
5.70944
5.42429
5.51125
5.57086
5.61421
5.45058
5.44785
5.49817
5.48381
5.5649
5.66938
5.55096
5.74234
5.65228
5.54949
5.60836
5.62154
5.72056
5.59283
5.50682
5.84127
5.52111
5.56834
5.74001
5.65252
5.7287
5.64248
5.68724
5.73206
5.71942
5.8173
5.7786
5.55083
5.73284
5.74549
5.89695
5.82119
5.93334
5.80228
5.63054
5.83498
5.824
5.86909
5.69736
5.83208
5.79891
5.96177
5.9501
5.8123
5.85773
5.76778
5.83186
5.96435
5.85326
5.98892
6.07827
6.00219
5.86624
5.92224
5.82928
5.98895
6.01495
5.88121
6.014
5.85336
5.99628
5.93474
6.00657
5.9246
5.80073
5.92298
6.09454
6.05586
6.20663
5.94977
6.11367
5.80305
6.0929
6.08996
6.01078
6.00017
6.24412
5.9431
6.18105
6.15121
6.05373
5.69697
6.09742
6.11084
6.09196
6.03725
6.17746
6.26777
6.07153
6.11703
6.09767
6.11757
6.20913
6.04898
6.19897
6.09087
6.12406
5.93945
6.1663
5.95858
6.37336
6.09027
6.17894
6.07353
6.27358
6.26134
6.11033
6.44995
6.02981
6.04032
6.12737
6.26163
6.00749
6.33184
6.26128
6.44858
5.97239
6.29768
6.3562
6.09475
6.29023
6.26907
6.22772
6.21825
6.27701
6.34603
6.06072
6.44184
6.3344
6.26093
6.47407
6.28546
6.19431
6.38842
6.30455
6.28049
6.38249
6.23375
6.56871
6.01209
6.29142
6.47891
6.38786
6.74348
6.25053
6.56736
6.26928
6.32339
6.69562
6.24516
6.55836
6.24797
6.53518
6.38343
6.49458
6.50498
6.54115
6.42537
6.55834
6.51282
6.41456
6.42774
6.47087
6.46832
6.50945
6.45382
6.58225
6.51623
6.60867
6.52001
6.69043
6.40268
6.61401
6.44577
6.87281
6.73003
6.37829
6.46477
6.56251
6.47454
6.66008
6.55312
6.59085
6.65449
6.56895
6.54829
6.61026
6.70242
6.60079
6.51226
6.97378
6.6454
6.59467
6.71419
6.631
6.59976
6.74158
6.34142
6.76465
6.69786
6.59834
6.62353
6.72722
6.77333
6.32892
6.62973
6.90662
6.8055
6.46757
6.72851
6.6604
6.77703
6.76424
6.85852
6.77428
6.81443
6.87184
6.67842
6.46627
6.83688
7.00383
6.64555
6.94359
6.60814
6.93484
6.7033
6.87369
6.63278
6.83655
6.97591
6.706
6.93078
7.01082
6.90551
6.96029
6.70949
6.76334
6.7965
6.90524
6.87123
6.97239
6.85447
6.94839
6.9025
6.93775
6.90141
6.87557
6.77936
6.99482
6.76601
6.99816
6.73884
6.68818
7.04642
7.10201
6.83764
6.84134
7.04093
6.84489
7.01088
7.04452
6.95025
7.21437
6.9508
7.1045
6.79738
7.11867
6.84245
7.06759
7.02952
7.20667
6.9868
6.79496
7.09906
6.80335
6.90447
7.16105
7.34962
6.7947
7.06138
7.29819
6.88421
6.9591
7.04345
6.90716
7.04919
7.10512
7.03976
7.07163
7.30048
7.32171
7.12804
7.17909
7.08768
7.29318
6.81713
7.2496
7.14873
7.25861
7.19853
7.17862
7.03548
7.23768
7.48874
7.02481
7.24368
7.28189
7.17283
7.16966
6.98657
7.30371
7.11268
7.30344
7.53467
7.02252
7.19224
7.29757
7.06032
7.18005
7.24474
7.13871
7.32122
7.05577
7.22029
7.27676
7.40369
7.09313
7.29726
7.36803
7.23964
7.26839
7.28875
7.59223
7.50844
7.07928
7.41595
7.14695
7.10882
7.43836
7.39161
7.14327
7.98793
7.4741
7.68009
7.48625
7.56476
7.34591
7.07474
7.50726
6.93031
7.22131
8.51957
7.27492
7.57755
7.34735
7.56702
7.29507
7.38705
7.38111
7.79989
7.12748
7.31524
7.2134
7.26724
7.2207
7.31926
7.40673
7.53237
7.33628
7.79443
7.50863
7.43039
7.6835
7.54531
7.45242
7.41834
7.5856
7.54531
7.68055
6.97976
7.63517
7.82889
7.19538
7.23445
7.66786
7.51004
7.64199
7.31769
7.55336
7.64109
7.39681
7.48304
7.83943
7.57514
7.81405
8.01881
7.60576
7.41868
7.57297
7.88293
7.42878
7.68869
7.63111
7.42536
7.67324
7.2749
7.64733
7.71182
7.22513
7.83072
7.92331
7.85363
7.49595
7.54949
7.40249
7.49856
8.00316
7.97497
7.47367
7.76901
7.94767
7.4177
7.33711
7.76648
7.53568
7.78352
7.64528
7.60366
8.15285
7.74462
7.26338
7.63007
7.24779
7.94646
7.52708
7.78434
7.7299
7.49192
7.62825
7.62073
7.85881
7.68388
7.81961
7.5864
7.42009
