0.95566
0.98721
0.99558
0.99614
0.99569
0.99292
0.92561
0.89111
0.95755
0.93587
0.96236
0.98132
0.99513
0.9916
0.90956
0.92729
0.96317
0.97564
0.93652
0.9754
0.93639
0.9679
0.97797
0.96455
0.94782
0.96553
0.96661
0.95789
0.96918
0.97987
0.98687
0.94208
0.93519
0.96793
0.97408
0.98887
0.97569
0.98629
0.95876
0.95971
0.97766
0.9829
0.95976
0.97453
0.97368
0.9403
0.96172
0.97774
0.97141
0.97663
0.98214
0.9859
0.97787
0.9894
0.99472
0.99595
0.93966
0.93875
0.97418
0.97696
0.9727
0.96951
0.98152
0.98091
0.97885
0.98178
0.98506
0.99401
0.99072
0.93866
0.95592
0.98543
0.97811
0.98559
0.99166
0.94933
0.97192
0.98812
0.9911
0.98765
0.98087
0.98404
0.987
0.99115
0.98191
0.97755
0.99045
0.98869
0.96418
0.97778
0.98718
0.98062
0.9404
0.97668
0.96073
0.9542
0.96745
0.98743
0.9745
0.98735
0.98321
0.98435
0.98347
0.9865
0.97607
0.98635
0.99054
0.97196
0.96196
0.98103
0.98429
0.94013
0.97924
0.9794
0.96802
0.97821
0.93807
0.97839
0.96488
0.98305
0.96224
0.96937
0.97899
0.98125
0.97779
0.98657
0.98908
0.9898
0.97796
0.97631
0.95293
0.97886
0.98028
0.98756
0.99095
0.99269
0.97343
0.97069
0.98254
0.98609
0.98486
0.98014
0.98314
0.95612
0.98427
0.98202
0.97822
0.94001
0.98222
0.98981
0.98202
0.97481
0.97139
0.96331
0.95775
0.98045
0.98399
0.9776
0.98742
0.98002
0.96926
0.98441
0.98449
0.93664
0.97158
0.9727
0.98514
0.9762
0.98324
0.98152
0.96248
0.9622
0.98382
0.98437
0.97683
0.97492
0.94339
0.97539
0.97726
0.9714
0.96728
0.97471
0.97761
0.97967
0.97563
0.96237
0.97947
0.96859
0.97201
0.97604
0.97606
0.97669
0.97928
0.97643
0.98464
0.98479
0.98087
0.97665
0.94811
0.97906
0.9759
0.9696
0.96808
0.98643
0.98365
0.98531
0.98919
0.97801
0.96832
0.98177
0.98664
0.97886
0.95231
0.96868
0.98395
0.98123
0.93942
0.93776
0.95003
0.98
0.96971
0.97121
0.96452
0.97479
0.98587
0.98587
0.98559
0.97685
0.9699
0.98182
0.97623
0.98146
0.98747
0.98798
0.97428
0.97516
0.98198
0.98421
0.98606
0.97862
0.97773
0.98428
0.98292
0.9739
0.98923
0.9863
0.98695
0.9901
0.98908
0.98734
0.99426
0.99217
0.98958
0.96864
0.98193
0.98946
0.98763
0.96595
0.98046
0.98767
0.99171
0.98299
0.97022
0.98423
0.98241
0.98276
0.97865
0.98557
0.98351
0.98739
0.98408
0.97761
0.95111
0.98053
0.98628
0.97407
0.96372
0.96523
0.98254
0.9834
0.9817
0.98227
0.98666
0.99009
0.97074
0.99216
0.98839
0.99192
0.9876
0.994
0.98985
0.99169
0.99385
0.99377
0.98277
0.96635
0.98251
0.98137
0.98326
0.98762
0.97698
0.98231
0.97782
0.9869
0.99039
0.99058
0.98192
0.98759
0.98153
0.98649
0.98819
0.98544
0.98999
0.99038
0.98883
0.98489
0.99318
0.9921
0.98923
0.97015
0.96466
0.95897
0.97728
0.95642
0.98172
0.98732
0.98033
0.98108
0.98108
0.98082
0.98332
0.98495
0.98485
0.98994
0.97375
0.98317
0.98936
0.98427
0.98652
0.9864
0.98538
0.98335
0.94531
0.9876
0.98299
0.98945
0.98096
0.97985
0.98944
0.98345
0.98659
0.98624
0.98309
0.98444
0.98495
0.97975
0.96117
0.98284
0.97861
0.98485
0.98464
0.98367
0.98383
0.98637
0.99135
0.98318
0.98481
0.98723
0.97633
0.98289
0.98538
0.98512
0.95978
0.98161
0.98259
0.98192
0.98392
0.96905
0.9749
0.98902
0.98175
0.98318
0.98428
0.98279
0.98293
0.98449
0.98515
0.98173
0.98836
0.98955
0.98879
0.98651
0.98589
0.97875
0.98274
0.98842
0.9848
0.98355
0.98546
0.98666
0.98834
0.99011
0.9886
0.98772
0.98582
0.9899
0.98765
0.98878
0.99117
0.98608
0.98514
0.98846
0.98915
0.98861
0.98795
0.98749
0.98229
0.98146
0.99048
0.99174
0.96885
0.96128
0.98444
0.98948
0.9854
0.99071
0.98664
0.98561
0.98224
0.9847
0.99039
0.98598
0.98409
0.98571
0.98286
0.9867
0.98515
0.98633
0.98498
0.98913
0.99024
0.97852
0.95879
0.98276
0.98935
0.98172
0.98799
0.98245
0.98384
0.98555
0.98643
0.98603
0.9883
0.98843
0.98929
0.98704
0.98508
0.98802
0.9884
0.98971
0.98603
0.98691
0.98792
0.98864
0.98902
0.9925
0.992
0.98972
0.9922
0.99006
0.99176
0.98914
0.99037
0.98327
0.99099
0.97488
0.97958
0.9903
0.98745
0.98353
0.97354
0.98671
0.98811
0.98479
0.98944
0.9869
0.98758
0.98508
0.98788
0.98833
0.98132
0.98842
0.98814
0.98451
0.9916
0.98922
0.99153
0.9874
0.99074
0.99215
0.99239
0.9899
0.99314
0.99306
0.9893
0.98664
0.98481
0.99172
0.9902
0.98976
0.97986
0.98878
0.98837
0.98717
0.9917
0.99204
0.99083
0.99085
0.99424
0.99297
0.99168
0.98921
0.99092
0.98645
0.98683
0.97369
0.98542
0.99355
0.97929
0.99081
0.99372
0.98996
0.98796
0.99053
0.98251
0.97731
0.98962
0.98699
0.98673
0.98747
0.98395
0.98727
0.98507
0.9867
0.98684
0.98864
0.98896
0.98846
0.98807
0.98801
0.99075
0.99111
0.98765
0.9738
0.98723
0.98395
0.99183
0.98997
0.99186
0.98858
0.98713
0.98697
0.99145
0.98995
0.98815
0.9917
0.99085
0.99087
0.99133
0.9672
0.98685
0.98675
0.97399
0.98736
0.985
0.98559
0.98548
0.98995
0.98673
0.98889
0.98414
0.98662
0.98724
0.98977
0.99129
0.99012
0.98928
0.99157
0.98959
0.9921
0.99175
0.99076
0.98966
0.99139
0.99249
0.99166
0.98954
0.99163
0.98997
0.99055
0.98956
0.98985
0.97434
0.98973
0.99365
0.98639
0.9865
0.99274
0.98814
0.99165
0.98618
0.98855
0.98597
0.98979
0.99054
0.99054
0.99374
0.99086
0.99238
0.99209
0.9935
0.99263
0.9917
0.98682
0.99261
0.99235
0.99062
0.98831
0.99096
0.99339
0.99126
0.993
0.99218
0.97538
0.98844
0.95793
0.98676
0.98456
0.98307
0.98596
0.98707
0.98846
0.98681
0.98678
0.98604
0.98845
0.98777
0.98545
0.9866
0.9898
0.98879
0.98895
0.98548
0.98332
0.9742
0.99042
0.98779
0.98399
0.9886
0.98939
0.99008
0.99054
0.98759
0.99085
0.98945
0.98962
0.98929
0.98911
0.99072
0.98989
0.97369
0.97691
0.98367
0.96636
0.98642
0.98822
0.98771
0.99017
0.98735
0.99154
0.99069
0.99076
0.98902
0.99227
0.98949
0.98803
0.96886
0.98419
0.98366
0.9897
0.98532
0.99
0.98406
0.98706
0.98834
0.99128
0.98991
0.98868
0.98992
0.99171
0.99139
0.99092
0.99121
0.99135
0.99158
0.99052
0.99103
0.98694
0.98631
0.99129
0.99099
0.98971
0.99108
0.99123
0.99249
0.99125
0.99188
0.99087
0.99003
0.99202
0.99264
0.96766
0.98906
0.98857
0.98849
0.98648
0.98878
0.99177
0.99251
0.99123
0.99097
0.99196
0.99334
0.99095
0.99272
0.99325
0.99298
0.99077
0.99151
0.97513
0.98914
0.98413
0.97257
0.99076
0.98577
0.98871
0.99064
0.98948
0.99106
0.99126
0.98589
0.98717
0.99051
0.99106
0.99015
0.98949
0.99064
0.98698
0.99096
0.99049
0.989
0.99131
0.98935
0.99091
0.98067
0.99111
0.9904
0.97197
0.99023
0.9871
0.98831
0.99121
0.97301
0.98288
0.98254
0.98848
0.9886
0.9882
0.98673
0.98542
0.98914
0.98807
0.98758
0.99053
0.98999
0.99102
0.99117
0.99298
0.97636
0.98486
0.9879
0.98749
0.99005
0.9908
0.9802
0.99022
0.99135
0.99103
0.99066
0.99121
0.99293
0.99106
0.99153
0.99048
0.99202
0.98221
0.99243
0.99182
0.99225
0.9919
0.98982
0.99138
0.9926
0.99247
0.99073
0.99318
0.9936
0.99231
0.99145
0.99179
0.99328
0.99304
0.99271
0.9938
0.9938
0.99525
0.99576
0.99292
0.99411
0.99628
0.99319
0.99425
0.99305
0.99075
0.9949
0.98667
0.96924
0.98476
0.9869
0.98158
0.98562
0.9932
0.99141
0.99208
0.99298
0.98787
0.98999
0.99143
0.98571
0.98869
0.98728
0.99323
0.9911
0.99356
0.99257
0.99069
0.99015
0.9924
0.9903
0.99158
0.99226
0.9889
0.99307
0.98887
0.97823
0.98907
0.98849
0.97198
0.98933
0.98798
0.9894
0.99081
0.99483
0.97785
0.99295
0.99203
0.98947
0.98926
0.99172
0.98922
0.9913
0.99212
0.98906
0.99289
0.99017
0.99113
0.98927
0.9928
0.99271
0.95249
0.98348
0.99025
0.98631
0.98704
0.98637
0.99113
0.99144
0.98801
0.9907
0.99154
0.99124
0.99106
0.9881
0.99228
0.98927
0.99169
0.99032
0.99225
0.99178
0.98494
0.99558
0.9879
0.99142
0.99143
0.99221
0.96868
0.9791
0.9836
0.98695
0.99228
0.98697
0.98756
0.9885
0.98901
0.97736
0.99206
0.98018
0.991
0.9901
0.99112
0.98578
0.98904
0.98979
0.98878
0.98854
0.98843
0.98881
0.98975
0.98871
0.99065
0.9901
0.98737
0.98984
0.99118
0.98893
0.99176
0.99282
0.99406
0.99249
0.99257
0.99348
0.98804
0.99287
0.99242
0.99299
0.99294
0.98902
0.99431
0.99462
0.99534
0.99272
0.99229
0.99544
0.99178
0.99388
0.99245
0.99295
0.99295
0.98538
0.99518
0.9945
0.99522
0.99365
0.99245
0.99473
0.99497
0.99581
0.994
0.97542
0.9944
0.98891
0.99389
0.99382
0.98932
0.99579
0.97225
0.98466
0.99385
0.99294
0.99098
0.99132
0.9681
0.99421
0.98743
0.98937
0.9913
0.98998
0.98913
0.9883
0.99131
