0.10135
0.01111
0.00448
0.0036
0.00338
0.005
0.07327
0.09085
0.03282
0.06427
0.03298
0.0178
0.00488
0.00784
0.08232
0.06678
0.03676
0.02513
0.06257
0.02297
0.06106
0.03069
0.01994
0.04108
0.04236
0.03204
0.03209
0.0342
0.03052
0.01772
0.01298
0.06554
0.05873
0.0316
0.02618
0.01244
0.02172
0.01403
0.04036
0.03626
0.02074
0.01672
0.03802
0.02555
0.0252
0.04973
0.04208
0.02285
0.0275
0.02311
0.01606
0.01324
0.02126
0.0104
0.00672
0.00541
0.06186
0.0536
0.02477
0.0242
0.02595
0.02985
0.01634
0.01813
0.01945
0.01592
0.01524
0.00841
0.00898
0.04752
0.04497
0.01917
0.01779
0.01616
0.01029
0.04524
0.02515
0.01156
0.01198
0.01294
0.01885
0.01526
0.01122
0.00926
0.01681
0.02156
0.00825
0.01308
0.03297
0.02102
0.01402
0.02297
0.06113
0.03052
0.04178
0.03639
0.02732
0.0137
0.02146
0.01382
0.01655
0.01541
0.01718
0.01088
0.02277
0.01146
0.0084
0.02885
0.03655
0.0208
0.01491
0.06029
0.021
0.02087
0.03208
0.02582
0.04284
0.02817
0.03188
0.0181
0.04596
0.02939
0.02133
0.01608
0.02147
0.01395
0.01128
0.01095
0.0194
0.02269
0.04222
0.02187
0.01888
0.01294
0.00916
0.00829
0.02429
0.0263
0.02077
0.01582
0.01461
0.01895
0.01644
0.0413
0.01611
0.01984
0.01933
0.05508
0.01821
0.01209
0.01882
0.02585
0.02881
0.03629
0.03971
0.0188
0.01458
0.02431
0.01369
0.02307
0.02831
0.01669
0.01526
0.05664
0.0292
0.03036
0.0164
0.0232
0.01803
0.01508
0.03736
0.03683
0.01555
0.01537
0.02549
0.02314
0.05106
0.0263
0.02091
0.03047
0.03686
0.02917
0.02449
0.01714
0.02482
0.0348
0.01984
0.04028
0.01698
0.0191
0.02345
0.0241
0.02033
0.0261
0.01618
0.01507
0.01992
0.02398
0.04007
0.03219
0.02536
0.02733
0.02114
0.02387
0.01328
0.01339
0.01032
0.02069
0.03217
0.02163
0.01359
0.02508
0.04217
0.03002
0.01495
0.02299
0.06127
0.05835
0.0496
0.01883
0.03156
0.02822
0.0316
0.02837
0.01408
0.01462
0.01302
0.02213
0.02668
0.02043
0.02144
0.01734
0.01473
0.0112
0.02673
0.02545
0.01794
0.01599
0.01486
0.0208
0.02286
0.01553
0.01719
0.02427
0.01173
0.01359
0.01304
0.01112
0.01019
0.01267
0.00528
0.00811
0.00949
0.03086
0.01743
0.00876
0.01436
0.02776
0.01929
0.01293
0.0101
0.01849
0.02846
0.01429
0.01744
0.01965
0.01983
0.0144
0.01757
0.01335
0.0178
0.0263
0.04165
0.02193
0.01435
0.02539
0.03626
0.03286
0.01713
0.0184
0.01622
0.01703
0.01326
0.0115
0.03015
0.00812
0.01233
0.00847
0.01173
0.00524
0.00894
0.00857
0.00521
0.0068
0.01762
0.02911
0.02067
0.01886
0.0167
0.01256
0.02356
0.01792
0.02057
0.01271
0.01068
0.00996
0.01728
0.01239
0.01891
0.01254
0.01248
0.01335
0.00973
0.01055
0.01083
0.01461
0.00746
0.0079
0.00947
0.03345
0.03112
0.03775
0.02377
0.04206
0.0185
0.0133
0.02156
0.01707
0.021
0.01778
0.01549
0.01472
0.01445
0.01132
0.02446
0.01635
0.01239
0.0143
0.01279
0.01514
0.01334
0.0137
0.05023
0.0202
0.01451
0.01136
0.01968
0.01886
0.01158
0.0175
0.01161
0.01348
0.01687
0.01406
0.01726
0.0157
0.03908
0.01762
0.02084
0.01765
0.01389
0.01686
0.01684
0.01401
0.00916
0.01526
0.0139
0.01387
0.02281
0.01745
0.01453
0.01421
0.03564
0.01966
0.01837
0.01758
0.01617
0.03571
0.0167
0.01738
0.0175
0.01757
0.01636
0.0185
0.01471
0.01551
0.01374
0.01789
0.01136
0.01034
0.01018
0.01414
0.01353
0.0209
0.01862
0.01183
0.01586
0.01426
0.01401
0.01246
0.0122
0.00954
0.01055
0.0125
0.01329
0.01095
0.01242
0.00974
0.0101
0.01242
0.01512
0.01197
0.01099
0.01019
0.01252
0.0115
0.01736
0.01927
0.00965
0.00807
0.02719
0.0418
0.01489
0.01283
0.01534
0.00889
0.01384
0.01462
0.01814
0.01389
0.00983
0.01302
0.01528
0.01459
0.01612
0.01382
0.01447
0.01239
0.01664
0.0109
0.00925
0.02101
0.03331
0.02248
0.01157
0.01913
0.01249
0.01707
0.0152
0.01417
0.01273
0.01479
0.01211
0.0109
0.01062
0.01473
0.01272
0.01177
0.01166
0.00987
0.01392
0.01292
0.01101
0.01174
0.01046
0.00774
0.0077
0.01032
0.00787
0.00983
0.00817
0.01011
0.01084
0.01535
0.00921
0.02079
0.0264
0.00871
0.01126
0.01786
0.02376
0.01314
0.0132
0.01622
0.00924
0.01387
0.01166
0.01462
0.01201
0.01123
0.0188
0.01108
0.01096
0.01386
0.00962
0.0119
0.0072
0.01323
0.00897
0.0077
0.00819
0.01007
0.00624
0.00719
0.0099
0.0123
0.01606
0.00769
0.00997
0.01216
0.01609
0.01184
0.01192
0.01197
0.00881
0.00809
0.00877
0.00833
0.00591
0.00752
0.00881
0.0094
0.00995
0.01179
0.01402
0.02722
0.0156
0.00925
0.02062
0.00919
0.00533
0.01177
0.01301
0.00898
0.01347
0.02603
0.0113
0.01379
0.01209
0.01243
0.01528
0.01342
0.01391
0.01277
0.01285
0.01067
0.01116
0.01132
0.01183
0.01019
0.01057
0.00835
0.01245
0.0235
0.01374
0.01592
0.008
0.01041
0.00812
0.01038
0.01381
0.0114
0.00854
0.01073
0.01157
0.00793
0.0085
0.00945
0.00891
0.02733
0.0158
0.01538
0.02476
0.01342
0.01626
0.01346
0.01324
0.0114
0.01207
0.01187
0.01283
0.01416
0.01249
0.01102
0.00863
0.00957
0.00926
0.00922
0.0098
0.00832
0.00895
0.00855
0.00953
0.00839
0.00742
0.00815
0.01047
0.00813
0.00945
0.00903
0.01179
0.00924
0.02319
0.00989
0.00849
0.01406
0.01388
0.00693
0.01349
0.00765
0.01322
0.01063
0.01478
0.00915
0.00923
0.00991
0.00609
0.00826
0.00824
0.00732
0.00658
0.00766
0.00872
0.01132
0.00756
0.00761
0.00939
0.01173
0.0083
0.00687
0.00801
0.00737
0.00719
0.0232
0.01163
0.04064
0.01559
0.01497
0.0197
0.01323
0.01397
0.0113
0.01336
0.01299
0.01392
0.01118
0.01235
0.01464
0.01255
0.01096
0.01062
0.01232
0.01511
0.01569
0.02346
0.00999
0.01338
0.01421
0.01173
0.01042
0.00996
0.0104
0.01228
0.00858
0.01018
0.00993
0.01029
0.01013
0.0099
0.00958
0.01849
0.02528
0.01868
0.03321
0.01434
0.01355
0.0125
0.00974
0.01252
0.0091
0.00877
0.00868
0.01083
0.00705
0.01048
0.01131
0.02977
0.01659
0.01667
0.01038
0.01451
0.00995
0.0169
0.01208
0.0097
0.01032
0.00974
0.0124
0.00942
0.00796
0.00856
0.00866
0.00906
0.00865
0.00823
0.00902
0.00987
0.01676
0.00875
0.00868
0.0089
0.00973
0.0082
0.00868
0.00828
0.00898
0.0075
0.00896
0.01012
0.00779
0.00738
0.03188
0.01141
0.01158
0.01109
0.01351
0.01033
0.00929
0.00783
0.0084
0.0101
0.00755
0.00677
0.00851
0.00674
0.00694
0.00715
0.0085
0.00819
0.02428
0.0122
0.01512
0.02532
0.01276
0.01364
0.01232
0.00952
0.00937
0.00886
0.00882
0.01582
0.01048
0.00968
0.00848
0.00943
0.0101
0.01055
0.0123
0.00941
0.00958
0.00974
0.00842
0.0113
0.00845
0.01745
0.01002
0.01054
0.0258
0.01052
0.01325
0.01086
0.00953
0.02199
0.01914
0.01702
0.01181
0.01191
0.01242
0.01379
0.01283
0.01194
0.01169
0.01168
0.00972
0.00959
0.00887
0.00857
0.00706
0.01639
0.02044
0.01182
0.0145
0.00856
0.01035
0.01853
0.00853
0.00921
0.00885
0.00881
0.00891
0.00787
0.00875
0.00862
0.00961
0.00925
0.01711
0.00863
0.00801
0.00707
0.00862
0.00874
0.00939
0.00679
0.00807
0.00868
0.00648
0.00608
0.00784
0.00853
0.0076
0.00674
0.00699
0.00676
0.00647
0.0054
0.00489
0.0045
0.0065
0.00607
0.00403
0.00673
0.00538
0.00683
0.00947
0.00497
0.00937
0.0333
0.01807
0.01666
0.01608
0.01491
0.00692
0.00793
0.00835
0.0088
0.01148
0.00951
0.00889
0.01342
0.00946
0.01389
0.00596
0.00849
0.00631
0.0072
0.00928
0.00973
0.00699
0.00944
0.00778
0.00872
0.00928
0.00889
0.01021
0.01821
0.01196
0.01233
0.02803
0.01133
0.01334
0.01031
0.00919
0.0112
0.01781
0.00703
0.00782
0.01015
0.01061
0.00804
0.01015
0.00899
0.00789
0.01052
0.00749
0.00913
0.00896
0.01165
0.00594
0.00687
0.04641
0.01831
0.00952
0.01441
0.01304
0.01279
0.00797
0.00878
0.01229
0.00915
0.00847
0.00811
0.00953
0.01103
0.00895
0.01018
0.00894
0.00869
0.00806
0.00758
0.01493
0.00539
0.01159
0.00832
0.00799
0.00786
0.03253
0.01691
0.02022
0.01211
0.01025
0.01265
0.01201
0.01098
0.0107
0.02184
0.0081
0.01728
0.01277
0.00977
0.00881
0.01577
0.00932
0.01013
0.01226
0.01132
0.01095
0.01063
0.01092
0.01051
0.0101
0.00979
0.0135
0.009
0.00914
0.01015
0.00846
0.00688
0.00581
0.00774
0.00733
0.00654
0.00925
0.00948
0.0069
0.00667
0.00788
0.01104
0.00591
0.00507
0.00484
0.00685
0.00901
0.00435
0.00727
0.00561
0.0076
0.00692
0.0065
0.01318
0.00496
0.00605
0.00477
0.00787
0.00639
0.0049
0.00568
0.00409
0.00579
0.0245
0.0056
0.01048
0.00651
0.00628
0.01007
0.00543
0.02475
0.0137
0.00793
0.00885
0.00855
0.00962
0.02997
0.00759
0.01302
0.01183
0.00823
0.00894
0.01135
0.01032
0.00919
