11.76524
12.40199
11.07473
9.77112
9.42477
9.12764
7.70813
5.53345
7.17618
7.58369
7.42962
7.16173
9.61089
7.70162
5.79509
4.06722
5.0635
6.25188
5.72715
6.2138
5.7597
5.65918
6.30236
6.80606
6.55118
5.72943
6.98563
7.48373
7.07105
7.50547
7.30609
7.50991
6.01608
5.4504
6.36677
6.14306
6.452
6.78289
7.6167
6.74021
5.59237
5.94671
7.00283
6.42648
6.69406
6.55654
6.37775
6.07325
6.16442
6.78829
6.94101
7.15189
9.11132
8.36793
7.66126
7.76856
8.37382
6.76881
7.08622
8.34664
7.56836
6.89925
7.15431
6.80557
7.21322
9.09394
7.56953
8.31732
8.36846
10.39981
8.19501
7.00819
7.39965
6.52627
7.61522
8.82015
8.47896
7.64813
6.5627
6.63553
6.93622
7.04415
7.03219
7.71853
7.3159
7.52559
8.61783
6.97109
9.82805
7.59187
7.23013
7.38058
9.07061
6.28275
7.59621
7.99041
6.21962
5.95637
7.03634
6.6665
7.73051
8.73535
7.84797
7.98456
7.57908
7.58773
7.64434
6.62692
9.80384
7.56903
8.03676
7.12976
6.54182
7.13527
6.4703
5.9659
10.3763
8.3462
7.84306
7.44469
9.22386
5.6762
6.70995
6.27043
5.95011
6.12512
6.57365
6.596
6.66097
6.56072
9.81195
6.11198
9.07024
7.58586
7.14271
9.45252
9.09469
10.76619
7.72318
7.39386
8.11784
8.7259
10.82333
8.00529
9.27306
9.16698
7.80015
8.61334
6.09068
6.55874
6.75606
5.91956
7.49293
7.86259
9.874
7.98592
7.88225
6.31358
7.99604
6.90547
7.43803
7.80931
7.70322
9.75433
6.59086
7.52849
6.11229
8.40999
6.5637
7.14333
7.44684
6.82877
6.23319
6.14645
6.99482
6.34347
6.80687
6.08202
6.56169
6.06187
7.32195
6.47604
7.55647
7.62009
8.67884
12.37335
8.84061
8.53964
10.27015
7.47126
7.15118
6.94328
6.51209
6.59818
6.98492
6.70117
7.06796
6.92469
8.64778
10.67853
6.74532
7.28503
7.57899
10.79542
7.13905
6.60781
6.69363
6.33554
7.09817
7.38765
7.47711
7.50867
10.49024
6.09549
6.74836
5.92169
7.25553
11.12193
6.77709
6.97081
6.57266
6.73316
9.10757
7.39442
6.91725
6.64255
6.40112
5.86126
5.97704
6.82425
6.55829
7.51317
7.64856
6.67026
7.20895
7.52879
7.0209
6.41262
6.61638
7.74802
8.16623
7.21317
8.04499
7.4199
7.58789
8.70203
7.57309
7.79421
7.7756
8.33333
8.73889
7.58164
8.75899
15.56986
8.6178
9.45505
8.56565
12.24885
7.51326
7.2747
7.66006
7.61443
11.09339
7.9406
7.26173
7.5691
8.23646
7.85057
6.83361
8.6811
7.61972
10.10912
8.69903
6.80472
7.49874
7.39974
9.469
11.59852
6.79601
6.4844
8.14567
8.34601
7.33096
7.34071
9.16743
10.69643
8.51064
9.1784
7.69361
8.1306
9.29516
8.5226
7.92202
7.3308
6.86799
16.72312
9.70555
6.74296
7.46706
7.084
7.42467
7.68452
8.3732
8.36673
8.30944
8.24835
8.22497
8.87558
9.85524
9.62142
7.61784
7.49724
7.82382
8.11435
8.71854
8.36804
9.19697
8.06118
8.37728
9.91546
10.48044
11.10161
8.23133
8.40795
6.80861
7.11417
8.52264
6.8719
6.73957
7.04864
6.80998
7.23011
7.66017
7.54322
10.43147
8.77168
7.13309
6.92299
7.17707
6.88999
7.46343
7.34682
12.4766
8.65264
8.02616
7.18386
6.87929
7.98625
7.56062
7.24186
7.84043
7.52377
8.58772
7.76566
9.26044
7.77063
12.18069
7.71042
9.24765
9.07665
12.49363
10.6334
7.86209
7.79957
7.69331
7.32048
7.52564
6.97141
7.82656
7.5757
7.18791
7.73037
11.2659
7.65323
7.52793
8.73609
8.43666
7.98164
12.37427
11.08498
8.20954
7.40732
7.77979
7.45841
7.48101
7.10029
7.64554
7.56621
7.36517
7.15316
7.17159
8.08695
7.32152
7.84956
9.07184
8.14146
7.84621
8.5599
7.90902
8.04058
7.46179
7.7774
7.27404
8.62351
8.07253
9.29314
10.90902
8.3397
7.93533
8.01096
9.0841
8.88212
8.59505
7.93199
7.86257
7.71858
10.93975
9.43101
9.63207
8.11377
13.55536
14.18465
12.01145
8.63329
8.95617
8.89778
7.99563
9.27162
10.22817
8.24616
7.75528
7.58002
8.29103
7.54983
7.27963
7.39949
7.47775
7.51495
9.61154
7.37966
8.54095
9.70061
10.22871
13.5292
8.79106
10.88668
8.95977
9.12075
8.83323
7.16156
7.61916
7.63876
7.2895
7.41382
7.62277
7.94321
8.21003
7.28671
7.3826
7.3238
7.91278
7.95886
7.84815
8.44102
7.81307
7.97993
7.87928
8.04712
7.91009
7.81355
7.92051
7.74023
9.41626
12.25819
11.22282
10.43593
11.61718
20.92919
9.91316
11.51255
15.90471
9.46851
8.89426
10.01813
9.06118
7.24372
7.57431
9.60665
7.78968
7.61975
7.3949
9.44961
7.62182
8.1154
9.87621
8.96985
8.42487
7.98755
9.18319
8.67506
7.99831
9.9824
10.2845
8.76255
9.64542
7.84412
9.17189
9.07558
7.9959
7.8209
13.66081
10.11628
9.95868
8.72975
8.63387
8.27885
8.4352
8.57431
7.9154
8.65601
8.3722
10.70383
12.7904
9.2005
15.6845
18.95919
17.68374
10.26246
18.11485
17.88667
9.89185
9.78244
10.27586
8.13336
7.97585
15.00678
8.98105
8.47586
8.11808
6.98409
7.57908
8.61931
6.94868
7.27593
6.77958
7.60089
7.37142
7.166
7.29499
7.55648
7.58381
7.59886
8.33447
11.71
12.11289
8.73244
8.43723
8.42835
8.39708
7.97624
7.98433
8.65731
8.61437
7.46936
9.45207
9.36875
7.67879
8.40361
8.51424
15.55813
20.0008
9.73813
14.44163
12.13306
8.41423
9.2458
8.54377
8.21851
7.37527
7.5745
9.83881
10.12411
9.06084
7.33017
7.09426
7.44223
7.74603
8.68674
7.80813
9.19767
8.63509
8.4402
9.585
8.06266
7.91123
7.60372
8.83691
9.69018
9.53473
8.19758
8.95312
13.37728
11.28058
8.76258
9.99298
9.92019
10.73151
14.31109
12.16539
10.30367
12.04582
11.1421
11.45963
16.96868
8.44882
7.87637
7.91483
7.95352
9.05938
7.84723
7.34661
7.27888
7.48723
9.22364
9.07893
8.2038
10.68811
10.92315
8.00399
8.27374
8.41117
7.54776
7.86716
16.04754
11.00337
17.21396
14.64024
10.94419
14.14866
8.01627
7.35418
9.25956
7.64773
7.34451
6.8879
8.18207
7.29135
7.2266
7.57484
7.32165
7.90571
9.20834
10.47365
11.2623
12.85451
9.02156
7.82179
7.44901
8.45205
7.98303
7.22141
7.22467
7.71054
7.5078
7.72888
8.58359
7.47771
7.30876
7.29784
8.05015
8.27932
13.81664
10.10841
15.00172
11.5559
10.03276
9.26469
9.68718
11.43214
7.37321
7.25731
7.02517
8.076
7.89812
8.34425
8.28432
11.74456
8.45739
7.86295
7.5524
7.75612
7.0866
7.97293
10.43759
7.90324
10.73473
7.14863
8.70222
7.16834
7.23038
6.87058
7.05767
7.0032
7.3581
7.62855
7.54687
8.02805
7.68649
14.0231
7.95639
7.72476
7.74713
7.51784
7.27242
7.01487
7.55196
8.43085
8.26731
7.524
8.66714
7.17904
14.15519
10.38955
8.12788
8.16289
10.72368
8.52161
8.46475
8.69658
10.03761
7.81504
8.65556
8.13615
8.52111
8.63059
8.70208
9.02979
8.02889
7.85831
17.29702
8.83312
10.39781
18.32914
10.72913
9.02735
11.11448
8.55345
7.89597
8.49673
7.53618
9.46674
9.01649
7.96796
7.916
7.43393
8.20206
7.73083
11.22098
7.88134
8.00846
7.98433
7.98622
9.56816
8.27484
11.2587
16.83849
10.19031
15.94193
8.68347
7.88022
9.27962
7.96621
10.48056
12.75633
9.03723
7.38519
6.62863
6.45634
6.68712
6.77052
7.0749
7.17261
7.58841
7.35754
7.3182
7.80836
8.02073
7.5977
9.24132
21.83154
10.82154
9.0086
9.93391
7.78861
14.13956
9.28075
8.75161
7.44182
7.56333
7.46906
7.96065
8.85825
7.28161
8.1291
8.96409
11.34423
10.42705
8.52035
7.969
9.77313
8.35368
7.86998
8.17891
8.41654
7.67128
7.39136
7.55651
9.75913
7.76173
8.12904
7.56907
8.10184
7.91312
8.1623
9.21276
8.87829
8.38543
8.61148
10.18888
9.37421
8.53662
10.90736
10.80958
10.79954
8.59541
8.41742
25.18719
10.52247
11.61087
27.35957
16.67206
10.29499
8.15058
8.51276
9.60899
9.88598
11.37291
8.08103
9.24811
7.70154
9.8942
9.4595
6.78294
6.97736
6.95574
7.27753
6.87355
7.30436
7.63431
7.05427
9.33969
7.38814
9.25108
9.66266
14.04267
19.52116
9.47199
14.22482
18.83539
9.15393
8.4177
11.07882
8.98525
14.83227
12.48556
8.67666
7.94378
7.48795
7.73485
8.68066
8.61599
7.92717
8.59466
7.38651
6.98326
8.29544
9.42008
8.49621
7.80563
26.20589
13.68367
8.78429
10.41652
8.62206
8.95137
8.92563
7.78025
8.33757
8.69815
7.18311
7.06032
6.794
7.4964
8.82956
9.65368
7.84648
8.4457
7.39073
7.88318
12.22273
20.04855
8.65017
8.09051
7.40975
7.44879
12.02854
27.44538
11.75856
11.23394
8.8121
7.38065
7.55706
10.4183
8.34047
17.1764
15.11565
8.15619
26.78761
17.50664
8.67537
9.21298
10.98077
8.50609
7.81734
8.76718
7.28912
7.74363
7.43308
7.28178
7.8219
6.77364
8.20811
9.75936
8.89902
8.59953
7.71203
9.02987
8.36163
8.05899
8.2836
7.61786
8.18879
15.76388
10.62248
8.00648
7.35105
9.99827
8.63301
9.18437
9.68858
9.47467
16.07741
13.00819
12.67487
10.10379
15.78991
9.24267
8.69511
19.09108
19.82931
9.20269
7.99761
7.892
11.02052
9.33239
8.53838
8.22724
8.22307
15.58859
17.87242
24.69835
19.51192
8.76074
12.25271
9.17809
14.06352
13.97762
8.84188
8.29308
9.0275
9.54549
12.93647
18.06702
10.40393
8.02141
8.3661
7.46043
8.31089
8.26944
7.27834
