0.21822
0.03459
0.01071
0.00935
0.00965
0.01499
0.39378
0.2906
0.10468
0.23736
0.08336
0.042
0.01042
0.01813
0.56499
0.16869
0.08637
0.05645
0.25931
0.05441
0.19191
0.07664
0.0489
0.11371
0.15583
0.07547
0.08727
0.12574
0.07539
0.04414
0.03146
0.28126
0.20793
0.07802
0.06092
0.02598
0.05379
0.03094
0.12683
0.10365
0.04947
0.03979
0.12363
0.059
0.06357
0.27894
0.10491
0.05026
0.08356
0.05372
0.03751
0.02925
0.05221
0.02273
0.0126
0.00976
0.45646
0.18445
0.06442
0.0613
0.06419
0.07877
0.0433
0.04493
0.04796
0.04264
0.03613
0.01622
0.0208
0.3165
0.14351
0.04188
0.04959
0.035
0.02095
0.19529
0.0667
0.02574
0.02215
0.02768
0.04374
0.03543
0.02652
0.01951
0.03898
0.05368
0.02048
0.02633
0.20165
0.04999
0.03015
0.05222
0.26796
0.06845
0.13074
0.21202
0.07649
0.02789
0.05306
0.02954
0.03792
0.03769
0.03939
0.02797
0.05511
0.02788
0.01943
0.10959
0.19585
0.0475
0.03542
0.19062
0.04778
0.05068
0.08603
0.05488
0.35171
0.08072
0.08381
0.04084
0.16831
0.06862
0.04827
0.03914
0.04971
0.02982
0.02357
0.02275
0.04556
0.05195
0.16519
0.04683
0.05124
0.02902
0.01968
0.01769
0.06935
0.1104
0.0494
0.03325
0.03501
0.04851
0.04774
0.16034
0.04214
0.05026
0.04979
0.32428
0.0424
0.02392
0.04142
0.05725
0.08805
0.10175
0.17577
0.04953
0.0361
0.05396
0.03209
0.0514
0.07875
0.03803
0.03501
0.48177
0.0757
0.07486
0.0349
0.06488
0.03993
0.03943
0.11814
0.11858
0.03584
0.0337
0.05798
0.05865
0.19672
0.05954
0.05009
0.06968
0.09901
0.06789
0.05687
0.04653
0.06865
0.13983
0.05163
0.13332
0.10605
0.05284
0.05675
0.05728
0.04693
0.06125
0.03614
0.03329
0.04525
0.05658
0.322
0.18571
0.06253
0.0759
0.0776
0.06912
0.03488
0.03057
0.02245
0.05124
0.08705
0.04981
0.02986
0.06369
0.28167
0.07523
0.03567
0.04629
0.22465
0.26841
0.1383
0.04697
0.07568
0.06684
0.12062
0.08162
0.0318
0.03193
0.03024
0.05057
0.0682
0.04663
0.05367
0.04473
0.03226
0.02593
0.06673
0.06311
0.04149
0.03604
0.03213
0.05958
0.06292
0.03714
0.04383
0.06598
0.02689
0.03416
0.03086
0.02442
0.02392
0.03125
0.0123
0.01801
0.02411
0.1829
0.04764
0.02328
0.03239
0.1309
0.04951
0.02838
0.02059
0.04305
0.113
0.03802
0.04142
0.04404
0.05525
0.03576
0.03974
0.03229
0.04053
0.0736
0.25667
0.05008
0.03213
0.06614
0.11898
0.15125
0.0446
0.04127
0.0436
0.04445
0.03142
0.02409
0.09958
0.02148
0.02825
0.01988
0.02761
0.0124
0.02352
0.01966
0.01228
0.01379
0.04149
0.16636
0.05746
0.0445
0.04054
0.02863
0.05982
0.04564
0.05874
0.03353
0.02409
0.0236
0.05623
0.03131
0.06016
0.03626
0.02847
0.03336
0.02332
0.02366
0.02613
0.03701
0.01658
0.01797
0.02408
0.24511
0.13402
0.17122
0.06126
0.14822
0.04628
0.03011
0.05286
0.04392
0.04903
0.045
0.03773
0.03587
0.03659
0.02585
0.0869
0.04667
0.02636
0.03516
0.03152
0.03395
0.03284
0.03774
0.33337
0.04407
0.04147
0.02533
0.04583
0.05047
0.02712
0.04358
0.02985
0.0322
0.04427
0.03628
0.04387
0.04855
0.17166
0.04241
0.066
0.04298
0.04228
0.04598
0.04108
0.03256
0.02071
0.03801
0.03463
0.03156
0.07061
0.04465
0.03467
0.03512
0.18429
0.05071
0.04473
0.049
0.04088
0.14888
0.07078
0.04561
0.0453
0.04274
0.04033
0.04518
0.0408
0.03883
0.03601
0.04511
0.02724
0.0242
0.02513
0.03516
0.0342
0.05819
0.04955
0.02941
0.041
0.04233
0.0372
0.03258
0.02949
0.02357
0.02553
0.03089
0.035
0.02653
0.04064
0.02786
0.02258
0.03311
0.04077
0.03142
0.02854
0.02622
0.03176
0.02918
0.06051
0.05809
0.02662
0.01989
0.12649
0.20067
0.04879
0.03016
0.03985
0.02202
0.03383
0.04001
0.05569
0.03709
0.0239
0.03323
0.04068
0.03556
0.04119
0.0327
0.03723
0.03159
0.04369
0.02538
0.02353
0.06519
0.1845
0.07211
0.02936
0.05863
0.03302
0.04997
0.04393
0.03512
0.03225
0.0367
0.02861
0.02697
0.02559
0.03467
0.03554
0.02935
0.02876
0.02441
0.03405
0.03463
0.0301
0.02996
0.02673
0.01831
0.01872
0.02503
0.01883
0.02512
0.01974
0.02531
0.02761
0.05217
0.02325
0.0894
0.09447
0.0374
0.03262
0.057
0.13907
0.04171
0.03571
0.04633
0.02644
0.03367
0.0301
0.04018
0.03005
0.02847
0.04874
0.03015
0.02978
0.03924
0.02386
0.02844
0.01967
0.03286
0.02389
0.01949
0.01919
0.02711
0.01651
0.01772
0.02975
0.0332
0.04409
0.02107
0.02472
0.02739
0.06407
0.03242
0.03343
0.03411
0.02209
0.02013
0.02353
0.02317
0.01387
0.01785
0.02129
0.02875
0.02757
0.03687
0.05846
0.16275
0.05136
0.02176
0.08201
0.03685
0.01597
0.02845
0.03471
0.02324
0.05191
0.15058
0.03095
0.03604
0.03289
0.0301
0.04001
0.03564
0.03649
0.03268
0.03227
0.02767
0.02745
0.02855
0.03017
0.02898
0.02498
0.0213
0.0333
0.09823
0.04139
0.04709
0.02109
0.02543
0.02077
0.02884
0.03571
0.03353
0.02181
0.02599
0.03352
0.02129
0.0214
0.02359
0.02236
0.15668
0.04877
0.04564
0.10239
0.04394
0.04172
0.04122
0.03927
0.02835
0.03273
0.02883
0.04553
0.04398
0.03571
0.02771
0.02151
0.02481
0.0251
0.02287
0.02724
0.02078
0.02149
0.02376
0.02748
0.02136
0.01894
0.01977
0.02826
0.02211
0.02706
0.02302
0.03153
0.03054
0.11455
0.02885
0.02073
0.0393
0.04153
0.02251
0.03881
0.02179
0.04103
0.02874
0.04718
0.02717
0.02494
0.02575
0.01502
0.02136
0.02066
0.0193
0.01564
0.0177
0.021
0.0366
0.02067
0.02003
0.02644
0.03676
0.02173
0.01633
0.02195
0.01787
0.01822
0.11884
0.03517
0.34857
0.06472
0.04948
0.06822
0.03706
0.03513
0.03178
0.0357
0.03356
0.03506
0.03003
0.03107
0.038
0.03298
0.02674
0.02791
0.03344
0.04637
0.05036
0.08997
0.02637
0.03413
0.04136
0.03007
0.0267
0.02369
0.02374
0.03234
0.02193
0.02675
0.02568
0.02733
0.02575
0.02297
0.02541
0.10102
0.11123
0.05662
0.19609
0.04237
0.03504
0.03676
0.02782
0.03725
0.0218
0.02205
0.02189
0.02824
0.01845
0.02688
0.03009
0.18182
0.04927
0.04581
0.02627
0.04191
0.02504
0.04914
0.03727
0.0268
0.02596
0.02466
0.03352
0.02462
0.0197
0.02061
0.02181
0.02125
0.02111
0.02061
0.02359
0.02302
0.04041
0.04108
0.02234
0.02377
0.02431
0.02076
0.02125
0.01877
0.02226
0.01962
0.0241
0.0258
0.02034
0.01734
0.20529
0.0358
0.03234
0.03121
0.0521
0.0297
0.02211
0.02049
0.02441
0.02475
0.01997
0.01653
0.022
0.01676
0.01705
0.01858
0.02337
0.021
0.13219
0.03136
0.04954
0.17062
0.03626
0.04148
0.03533
0.02572
0.02557
0.02251
0.02158
0.03915
0.03282
0.02643
0.02347
0.02471
0.02672
0.02585
0.03985
0.0232
0.02382
0.02739
0.02234
0.03181
0.0235
0.06885
0.03473
0.02941
0.16169
0.02755
0.03483
0.03336
0.02334
0.21442
0.07528
0.05492
0.02955
0.02835
0.02883
0.03239
0.03618
0.02935
0.03087
0.03171
0.02333
0.02444
0.02262
0.0228
0.0172
0.08984
0.07327
0.03364
0.0377
0.02574
0.02446
0.07646
0.02568
0.02312
0.02188
0.02258
0.02294
0.01837
0.02267
0.02079
0.0241
0.02291
0.06261
0.02398
0.02097
0.0187
0.02179
0.02464
0.02295
0.01836
0.01994
0.02243
0.01672
0.01508
0.02178
0.0223
0.02165
0.01676
0.01675
0.01787
0.01523
0.01495
0.01204
0.01035
0.01786
0.01568
0.00933
0.01765
0.01509
0.01933
0.02668
0.01247
0.03847
0.25128
0.05297
0.04755
0.09615
0.04823
0.0184
0.02117
0.02092
0.02116
0.03592
0.03315
0.02578
0.04242
0.02791
0.04073
0.01585
0.02187
0.01504
0.01726
0.02252
0.02481
0.01739
0.02395
0.0194
0.0225
0.02732
0.02179
0.02857
0.0865
0.04774
0.03512
0.15532
0.04032
0.03698
0.02828
0.02616
0.02152
0.09111
0.01995
0.02146
0.02611
0.02764
0.01978
0.02668
0.02259
0.01867
0.02921
0.01819
0.02322
0.02338
0.03022
0.01751
0.01788
0.39572
0.0699
0.02655
0.0432
0.03793
0.03719
0.02351
0.02183
0.03267
0.02494
0.02077
0.02074
0.02219
0.02862
0.02016
0.02922
0.02072
0.02268
0.01882
0.02007
0.05266
0.01663
0.03237
0.02172
0.02039
0.01833
0.21391
0.10953
0.06257
0.04113
0.02333
0.03325
0.03114
0.03461
0.02881
0.09303
0.01937
0.06336
0.04649
0.02674
0.02402
0.04231
0.02895
0.02787
0.03137
0.0339
0.02919
0.0278
0.02749
0.02683
0.02445
0.02417
0.03646
0.02639
0.02464
0.02848
0.02145
0.01872
0.01481
0.01935
0.01805
0.01591
0.03116
0.02573
0.01821
0.01776
0.01849
0.0309
0.01475
0.01256
0.01163
0.01813
0.02562
0.01281
0.02305
0.01597
0.02184
0.01839
0.01803
0.0482
0.01382
0.01537
0.0112
0.01774
0.02025
0.0125
0.01265
0.00955
0.01417
0.12087
0.0187
0.04665
0.01937
0.01665
0.0352
0.01214
0.20077
0.05572
0.01818
0.02006
0.02354
0.0247
0.215
0.02157
0.03533
0.02903
0.022
0.02299
0.02942
0.02955
0.02165
