0.21246
0.01759
0.01159
0.19235
0.08636
0.13266
0.17407
0.15441
0.13138
0.1086
0.20384
0.05842
0.03104
0.0983
0.06161
0.04763
0.03093
0.07781
0.16475
0.0605
0.22665
0.08171
0.04346
0.20252
0.03254
0.21629
0.07185
0.06044
0.07251
0.07271
0.08097
0.04126
0.08208
0.02875
0.14276
0.05778
0.05244
0.07214
0.13761
0.12573
0.06413
0.0631
0.14896
0.07641
0.06367
0.14949
0.09101
0.11936
0.05903
0.07508
0.03799
0.03674
0.09787
0.07938
0.17004
0.04041
0.0634
0.28692
0.04476
0.10468
0.06891
0.12658
0.08917
0.06649
0.14914
0.07715
0.09203
0.0557
0.05265
0.0453
0.04233
0.13907
0.06291
0.10069
0.13006
0.05556
0.05312
0.1162
0.04242
0.03967
0.11141
0.04894
0.03815
0.08553
0.11166
0.07088
0.06194
0.03278
0.13351
0.08046
0.07329
0.05824
0.05849
0.14892
0.09681
0.15226
0.07166
0.03893
0.0273
0.04565
0.06024
0.06156
0.05632
0.07855
0.04553
0.03878
0.07011
0.16018
0.06016
0.04193
0.03793
0.09112
0.04962
0.04169
0.13843
0.05729
0.03414
0.11456
0.04683
0.07968
0.03014
0.07298
0.02825
0.13561
0.06658
0.06057
0.0587
0.04916
0.03523
0.15692
0.1194
0.06732
0.04398
0.05765
0.05121
0.08069
0.06449
0.04766
0.04141
0.06241
0.04703
0.04837
0.06528
0.05078
0.0435
0.04412
0.04324
0.06677
0.08476
0.08561
0.04632
0.04984
0.06345
0.0381
0.05355
0.07614
0.0406
0.04558
0.05009
0.06876
0.04281
0.05879
0.04631
0.07222
0.0577
0.03724
0.03888
0.03809
0.03248
0.03299
0.15034
0.04078
0.03389
0.0841
0.04089
0.03816
0.05247
0.02867
0.03063
0.03346
0.06388
0.08514
0.04646
0.03495
0.03465
0.03688
0.03172
0.03912
0.03902
0.03848
0.02933
0.03051
0.02943
0.0368
0.04244
0.02736
0.05026
0.03061
0.04614
0.03358
0.03297
0.05484
0.10429
0.04107
0.03965
0.17569
0.08178
0.06343
0.05923
0.0467
0.04246
0.03478
0.03865
0.03246
0.0474
0.03504
0.06421
0.04904
0.03265
0.03209
0.03206
0.04094
0.02624
0.02502
0.02731
0.02855
0.03017
0.14739
0.0421
0.16929
0.03877
0.03637
0.08232
0.05032
0.04127
0.04892
0.04056
0.04933
0.03652
0.03526
0.03893
0.03229
0.033
0.03903
0.03804
0.02981
0.02966
0.02371
0.03679
0.02864
0.02311
0.05288
0.0337
0.0404
0.04251
0.03287
0.01767
0.02091
0.02045
0.02101
0.02711
0.02156
0.02497
0.02201
0.04222
0.03246
0.03952
0.08339
0.02154
0.01795
0.0387
0.04241
0.03294
0.15297
0.10135
0.03777
0.05234
0.03156
0.03872
0.23045
0.05884
0.05206
0.04564
0.03596
0.03846
0.03079
0.04023
0.03165
0.02801
0.02785
0.03035
0.02823
0.0265
0.02825
0.02567
0.02491
0.09715
0.0375
0.03681
0.02955
0.02598
0.04712
0.08347
0.03673
0.03079
0.03467
0.02194
0.02851
0.03256
0.07384
0.02717
0.03156
0.03537
0.02844
0.03761
0.02352
0.02756
0.04261
0.14185
0.14376
0.03489
0.03577
0.0647
0.04358
0.04134
0.04156
0.08821
0.04995
0.03994
0.09392
0.04413
0.07091
0.03772
0.03079
0.02777
0.0333
0.02965
0.02518
0.04986
0.02855
0.0376
0.03453
0.02986
0.03368
0.02409
0.03271
0.02495
0.02232
0.02146
0.02054
0.02184
0.02044
0.11189
0.03872
0.02693
0.02476
0.02786
0.02672
0.03235
0.04409
0.04373
0.03578
0.04552
0.03528
0.02544
0.12663
0.10159
0.05879
0.02798
0.04782
0.03685
0.03688
0.0343
0.03207
0.02599
0.02966
0.0413
0.0295
0.02898
0.03052
0.07334
0.04419
0.05124
0.02586
0.02753
0.03989
0.03558
0.03349
0.02831
0.02167
0.03978
0.0241
0.15982
0.05187
0.05355
0.03763
0.10261
0.03941
0.05268
0.03664
0.04442
0.0323
0.03905
0.03376
0.03664
0.02877
0.03087
0.02893
0.02883
0.0215
0.02755
0.02673
0.05736
0.08666
0.05495
0.05337
0.03529
0.02862
0.0203
0.04508
0.03996
0.0475
0.11372
0.04027
0.02958
0.04025
0.03065
0.08306
0.04166
0.04806
0.04531
0.02832
0.04506
0.03402
0.03199
0.04634
0.02868
0.03197
0.03179
0.02839
0.03084
0.0313
0.18203
0.05784
0.05013
0.03437
0.03896
0.03517
0.07196
0.04903
0.03869
0.02624
0.0287
0.04492
0.03425
0.07094
0.04276
0.04421
0.03395
0.03608
0.05594
0.03381
0.02742
0.02805
0.0383
0.04554
0.02183
0.04245
0.02671
0.0455
0.02756
0.08702
0.03415
0.02581
0.02659
0.02979
0.10699
0.0513
0.08454
0.02199
0.03944
0.03237
0.03687
0.02935
0.03238
0.03029
0.02879
0.02716
0.02115
0.02488
0.04631
0.03249
0.03696
0.09483
0.05584
0.02689
0.02928
0.03715
0.03202
0.03267
0.02997
0.03041
0.03301
0.03077
0.02657
0.03522
0.02235
0.0184
0.0437
0.04215
0.02824
0.02738
0.02414
0.04615
0.02132
0.02691
0.02917
0.03338
0.0249
0.02077
0.07236
0.0235
0.04538
0.02355
0.10444
0.0414
0.03598
0.02947
0.06192
0.01717
0.03025
0.02279
0.01998
0.02353
0.03142
0.02842
0.15679
0.09591
0.03566
0.04744
0.04108
0.0308
0.03541
0.03046
0.03286
0.02964
0.03523
0.11684
0.04688
0.03162
0.02596
0.04747
0.02479
0.02327
0.02718
0.02456
0.02745
0.03716
0.03281
0.04387
0.02516
0.03532
0.10521
0.14668
0.05542
0.02906
0.03314
0.04416
0.03092
0.03156
0.03636
0.03773
0.04685
0.03114
0.03019
0.02641
0.02057
0.02686
0.02014
0.0524
0.03827
0.03129
0.04273
0.02427
0.02994
0.03865
0.02416
0.04458
0.02063
0.02757
0.04188
0.02811
0.03039
0.02387
0.13754
0.04452
0.02769
0.02299
0.0209
0.027
0.01984
0.03594
0.02785
0.17374
0.05494
0.0413
0.03028
0.03917
0.03018
0.02105
0.01823
0.05245
0.03595
0.03213
0.03235
0.02671
0.05134
0.11838
0.0322
0.01965
0.0405
0.04511
0.02532
0.03569
0.02773
0.01975
0.03101
0.03476
0.02205
0.0646
0.02654
0.03125
0.03248
0.09863
0.0357
0.0599
0.0275
0.04227
0.09317
0.03937
0.0291
0.05451
0.02652
0.05423
0.01955
0.01945
0.03591
0.02844
0.01913
0.0709
0.05328
0.0516
0.03226
0.04137
0.03317
0.06268
0.03505
0.01936
0.0385
0.03007
0.02083
0.02556
0.04521
0.01778
0.02133
0.02263
0.02349
0.0471
0.02233
0.02112
0.03904
0.02227
0.04288
0.03326
0.02427
0.03142
0.01418
0.02877
0.02344
0.06965
0.09861
0.03233
0.03097
0.02239
0.02153
0.0271
0.02776
0.02157
0.03121
0.02151
0.02744
0.01698
0.03088
0.02724
0.0623
0.04888
0.03339
0.07813
0.03734
0.02733
0.07591
0.03801
0.03789
0.02078
0.02333
0.01779
0.02907
0.01702
0.01798
0.02118
0.02517
0.0191
0.02511
0.01462
0.03613
0.03549
0.04906
0.02531
0.02226
0.0257
0.07187
0.02911
0.01792
0.01681
0.02964
0.01736
0.02047
0.02842
0.02744
0.08361
0.03416
0.03425
0.031
0.01962
0.02443
0.01711
0.02145
0.05097
0.02561
0.01985
0.01785
0.01337
0.09746
0.05237
0.03157
0.03933
0.01725
0.02174
0.06123
0.02182
0.03468
0.01761
0.03588
0.04059
0.02033
0.03129
0.15227
0.03271
0.03652
0.01909
0.08665
0.02819
0.02557
0.03234
0.02779
0.02865
0.02495
0.01714
0.08279
0.03141
0.02831
0.02005
0.02393
0.02058
0.02199
0.01357
0.06852
0.02194
0.02079
0.02847
0.01854
0.02203
0.05316
0.01897
0.05842
0.02476
0.01924
0.04519
0.02021
0.01852
0.01413
0.01863
0.09503
0.03743
0.03134
0.02278
0.02348
0.07032
0.05466
0.03373
0.02977
0.02387
0.01835
0.01801
0.01455
0.02117
0.02139
0.02967
0.01704
0.0174
0.0177
0.02511
0.0162
0.01968
0.02116
0.0167
0.01815
0.05736
0.03057
0.01663
0.02147
0.02948
0.01511
0.02189
0.01746
0.01433
0.0232
0.02247
0.12282
0.10618
0.04479
0.05296
0.02203
0.02621
0.02575
0.02408
0.03949
0.0511
0.07365
0.02113
0.01789
0.02559
0.0297
0.02129
0.01592
0.02696
0.01391
0.03076
0.01846
0.01882
0.01846
0.02078
0.03422
0.01285
0.02451
0.02328
0.02557
0.02545
0.02083
0.00959
0.02708
0.25431
0.031
0.01589
0.0985
0.06741
0.03768
0.01864
0.02919
0.02785
0.02243
0.02
0.0179
0.0255
0.02834
0.022
0.0212
0.01962
0.0206
0.01874
0.02486
0.01992
0.02114
0.01245
0.01297
0.01215
0.06704
0.03728
0.01979
0.01844
0.01613
0.03973
0.01783
0.01048
0.01585
0.01109
0.01111
0.01008
0.0143
0.00621
0.06404
0.02082
0.01979
0.00818
0.21403
0.02382
0.02149
0.01922
0.0123
0.05072
0.02635
0.09477
0.04162
0.02214
0.01626
0.02439
0.02986
0.029
0.0171
0.02626
0.01767
0.04381
0.02446
0.01825
0.017
0.01626
0.02191
0.10256
0.01881
0.03594
0.01871
0.01707
0.01834
0.01398
0.02684
0.016
0.01219
0.04247
0.01882
0.02104
0.01252
0.01326
0.0122
0.01844
0.01776
0.06175
0.02206
0.02274
0.02127
0.01482
0.01821
0.03086
0.02253
0.01821
0.01845
0.01734
0.01397
0.02683
0.01764
0.03203
0.01438
0.01735
0.01054
0.10614
0.09252
0.08149
0.04829
0.0197
0.02547
0.0447
0.0266
0.02545
0.0206
0.025
0.01983
0.03098
0.01704
0.0233
0.01983
0.07372
0.0189
0.01847
0.01945
0.01979
0.02317
0.0187
0.01462
0.01465
0.01249
0.01294
0.04106
0.01485
0.02557
0.03273
0.02482
0.01577
0.01118
0.01404
0.06444
0.04439
