11.28032
10.62828
8.06638
7.64007
5.98569
7.49737
6.71288
6.70055
7.27338
6.769
6.60964
6.86923
6.94624
8.1313
6.82831
7.21779
7.05004
7.41593
7.0319
6.79071
6.52848
6.83507
8.46445
7.04289
7.01327
6.51161
6.99032
6.88474
7.37482
7.64744
7.49309
7.42728
7.5803
6.89943
7.74849
7.01051
6.60985
6.80877
8.82451
6.88237
6.23793
6.17275
7.75969
6.80145
6.79478
8.03165
7.20932
8.3669
6.14439
6.86135
7.34317
6.57795
7.20061
6.85752
8.4787
7.21666
6.85235
6.67219
5.72567
6.94148
7.25087
7.82331
7.04371
6.72223
7.86239
7.06969
8.11972
8.26672
8.1285
7.03939
7.8401
8.98466
7.00507
8.30066
9.61646
6.42424
6.80212
9.32657
6.21829
6.61144
7.16617
6.71389
8.39078
8.1794
8.46585
6.99188
7.29417
7.60642
7.03662
9.23041
8.36586
7.01974
7.33878
7.72896
8.42198
7.82641
7.14635
7.15995
7.70991
8.41787
7.071
8.09301
7.59737
7.77861
6.89164
8.16003
10.60978
10.32349
8.39812
7.83521
6.94908
9.41285
8.12044
6.98949
11.03416
8.36374
7.69301
10.49033
7.5623
8.15766
7.66682
9.19071
8.03745
10.75616
7.95636
6.8592
6.79287
7.27396
7.51422
10.45795
9.77871
8.86658
7.59727
7.08664
6.94758
8.05839
7.25505
7.61273
7.74772
7.42635
7.63314
7.59263
8.98384
7.85253
8.09728
7.76547
7.63428
9.57613
9.10662
10.44327
8.32178
8.43075
8.87912
7.92335
7.2391
8.6793
7.14038
6.9836
8.80611
10.72738
8.07192
9.05654
8.69026
8.87118
8.33152
7.39427
6.77921
7.69625
6.92102
7.46793
11.69939
9.23663
7.72409
10.25006
7.92812
7.55791
8.13831
7.76099
6.97764
7.44932
8.11991
10.74893
9.69839
8.81562
6.8773
7.69626
8.04718
8.46018
9.56421
9.0382
7.95054
8.28281
7.83776
8.10708
9.77304
8.46288
9.94135
8.7579
11.01597
10.38456
8.93832
10.99554
11.04928
9.83453
8.3316
10.18162
12.80915
9.04424
8.73181
7.45349
7.09321
6.95804
7.61819
7.43147
7.71118
7.75647
9.25811
9.2986
8.03797
7.33786
7.24369
8.69889
7.61255
7.55265
8.17887
9.64258
8.80683
15.19694
9.58317
10.79882
7.17716
7.86663
8.98987
7.79148
7.77041
8.42515
7.62868
8.60199
7.34295
7.35296
8.2103
7.86594
9.33615
8.85275
8.93597
7.97344
7.85186
8.28605
9.07759
8.91115
7.68244
11.07619
9.03232
10.48765
10.39149
10.99582
7.86345
8.85742
8.01067
7.23107
9.0264
8.80639
8.5277
7.85523
11.50534
11.58644
11.29768
12.53869
8.87544
8.59661
8.16158
13.44906
10.81315
9.26534
13.21696
8.63949
9.6125
7.70198
8.35698
11.49398
7.93342
8.36423
8.00353
8.06819
7.77469
7.34527
8.1553
7.51485
7.07074
7.22512
7.30305
7.80675
7.73337
8.39533
8.36552
8.69142
16.25422
11.80021
8.41799
7.53645
7.53288
11.89459
10.58702
12.14081
8.09432
8.61835
7.50791
7.46189
8.75867
10.03946
9.84807
8.31452
8.86924
9.03044
11.29541
8.88514
7.96932
8.6073
14.43434
15.79904
8.29951
7.61436
10.38371
7.50949
8.20084
7.53418
12.06017
10.23007
7.12257
11.80584
8.81993
10.24182
7.61198
6.8912
7.02296
7.07855
7.84045
7.69543
9.27614
7.8256
8.36156
8.76772
8.047
8.8455
7.98745
9.098
8.8263
7.14475
9.16269
8.23607
7.90488
8.74147
14.20946
14.32344
8.1498
8.30469
9.91247
9.00645
8.6833
11.89976
15.73283
10.15406
11.2637
11.40365
8.06205
16.92452
14.8915
17.12669
9.60469
7.96974
7.53119
7.6425
7.34751
8.43809
7.29626
7.36972
11.20289
8.05974
8.30402
8.22538
12.31823
9.32619
12.99373
8.46065
8.84926
10.95985
8.39411
9.0664
9.11707
7.67758
10.41667
8.6256
9.70753
12.1619
10.36695
8.27389
12.4943
8.42885
9.95153
7.99763
10.14938
11.49654
8.02187
8.58345
8.08682
7.73416
8.57111
8.26022
7.64951
7.67836
8.97735
8.28689
12.17237
18.79984
12.2643
10.86555
10.26305
8.7267
12.86907
12.30816
9.04736
10.31922
10.21007
10.4431
8.05357
9.09472
10.35268
10.59227
9.10102
8.99063
9.48692
8.0377
12.35987
7.69356
7.85649
7.97835
8.60039
9.92011
9.37658
8.2233
9.48622
7.7438
14.17686
9.41277
9.65116
8.45824
7.66944
8.1289
10.35803
9.5718
9.28362
8.67609
8.4959
8.92765
11.34117
11.91771
7.57655
10.61199
8.21202
8.95096
14.21456
9.65926
8.30699
7.66434
9.81987
14.28719
8.22109
10.8352
8.86536
12.77072
8.2169
11.21801
12.02248
8.71261
7.23103
7.41126
12.27967
8.13481
17.75053
9.73768
9.45643
8.8052
8.81311
8.34346
7.7282
8.71244
8.96813
8.07711
7.88218
7.84975
9.46067
11.16283
11.97223
10.54555
11.8557
9.98188
8.1721
9.02056
10.3195
9.50673
8.68941
8.78032
12.27396
9.0857
9.58986
11.13118
9.71486
9.62773
16.86712
10.4746
10.48696
10.86696
10.00993
10.94894
12.4719
10.48768
9.42996
12.00433
8.84295
8.00364
13.51524
11.06365
10.30689
9.89224
13.54489
10.47438
8.56886
10.09535
14.7131
11.73655
8.28804
7.86428
7.42031
7.61701
9.44633
10.88899
12.29094
14.71631
8.98251
10.80353
9.43483
7.02469
9.5909
7.47388
7.5808
7.97587
9.06461
10.24972
9.45292
7.75343
7.66322
10.83504
8.38126
8.06124
7.94969
8.16217
8.4252
11.68847
12.41628
11.60774
8.56062
11.53703
17.97239
13.98864
9.2372
7.96187
7.41727
8.86482
8.37895
8.23773
8.72334
9.14884
10.15725
7.61422
9.4737
8.04859
7.68824
10.06117
10.21409
9.95224
12.88106
8.74127
11.0859
8.09603
9.72454
12.42958
9.79158
11.04029
17.47658
9.33521
11.72481
15.98016
10.0875
8.52544
19.66936
13.6284
8.91902
9.31296
8.95732
9.63225
8.78701
13.369
12.86817
12.80029
10.52071
8.8563
8.82292
8.45432
9.74129
9.35423
7.46152
13.10213
9.62005
11.95774
9.15856
8.88056
11.57603
15.33996
9.40601
7.56066
10.1836
12.155
8.58999
9.68512
7.49534
7.48424
9.01763
10.63334
7.87534
14.22893
9.83927
7.68322
8.23077
16.83192
9.67579
18.13836
9.70955
11.75551
16.64794
12.21064
8.09186
13.23522
8.70415
10.23364
10.12508
8.27967
10.02394
8.57152
7.45618
10.00708
16.06665
15.96636
8.30272
10.02662
9.58598
11.80928
14.04645
10.68072
10.18214
10.98427
8.0544
8.16468
14.17103
9.59926
9.5209
9.20219
9.79181
11.69202
8.93168
11.10012
12.8146
9.27968
12.21644
14.47853
9.22402
9.04209
8.1106
10.51
8.77551
15.68138
18.90709
9.18071
10.37391
8.6687
7.94958
11.7106
9.88793
8.70643
9.16256
10.08537
9.87407
8.52539
13.25634
12.1252
20.06635
14.75104
8.43549
16.11169
13.35729
8.46195
18.22224
13.45073
10.77316
8.43765
7.88478
7.95233
11.06287
9.61279
8.65919
9.42493
9.08361
10.52973
9.58063
9.19434
13.51974
14.64828
13.71248
11.6824
7.97681
8.29702
17.60159
9.99583
8.42167
9.45561
10.13748
13.53569
10.85208
9.78346
11.5127
20.7801
15.04881
15.00145
10.41616
9.34516
8.34108
8.54904
8.25137
11.58838
17.14429
9.06173
8.48275
8.31378
16.53336
16.11264
11.75472
11.50045
12.50224
10.27747
20.76828
10.34235
15.89386
8.54402
9.74656
9.68468
8.05087
8.0429
16.98682
11.29299
16.49249
8.585
12.0838
9.76891
9.01157
10.21046
8.73172
11.27301
9.7406
10.63597
13.12407
11.05457
10.06159
7.85116
9.0966
8.41235
8.15282
9.57072
15.73552
13.9454
9.21332
10.90838
9.80216
11.94937
13.82829
9.50699
16.49006
11.7512
8.30579
11.74527
8.9249
8.29669
9.77255
8.70268
15.64236
11.65081
16.67705
7.96412
10.63255
12.24822
9.95061
11.2829
12.16769
8.85092
10.73217
7.45407
7.94339
8.61159
8.92718
15.46888
8.9675
9.06869
9.41314
16.0563
9.97002
9.43789
12.97704
9.13713
8.18319
19.68123
13.0082
9.04725
8.70286
18.52874
9.65346
10.22003
8.5989
8.46932
11.02585
9.5594
20.60048
13.47461
15.35148
15.40848
12.58463
9.99515
10.4081
8.1851
13.30087
14.92453
18.08513
8.19961
8.56379
12.82793
10.02923
9.54224
9.36809
9.45277
10.2437
9.76168
17.01188
8.62775
9.35945
9.75344
16.99931
14.10782
10.40414
12.3947
10.87473
13.55095
12.61511
11.68641
8.91617
13.26836
8.73966
8.43777
10.82699
21.86756
11.8682
7.5599
9.09652
9.82036
8.4006
7.7091
7.57398
7.43675
10.18217
8.54123
7.39222
10.55261
8.41161
8.98622
10.75186
12.11169
10.22266
11.16108
9.44749
8.58859
12.65624
16.32191
15.26464
8.21456
8.05704
15.29228
9.95777
9.21737
8.19867
7.97608
8.46157
8.23818
8.6602
10.66736
12.59323
13.50782
17.63117
10.22406
23.68579
12.79929
9.24897
7.95575
8.01139
15.98213
18.26142
18.85161
10.7627
12.52505
8.18209
11.46946
9.75903
12.73879
8.29898
8.94158
8.41113
13.29221
11.48843
12.35732
9.14511
9.54575
10.48144
21.27527
14.0948
12.00058
9.16527
7.24323
12.66429
8.96462
11.84593
9.32722
8.20755
10.34895
12.8265
10.26156
9.02084
10.35495
8.43235
9.21128
8.05119
13.934
11.02027
9.8808
10.29302
7.83046
8.41863
10.3738
18.03628
9.15567
10.81454
11.85886
9.1629
13.22845
9.26936
12.43307
10.4882
11.94825
9.9641
11.54579
21.44619
15.41013
14.93637
9.47456
8.12362
19.06646
12.21774
22.64523
11.82257
9.79032
9.44192
10.81246
9.65373
8.2952
11.21926
15.89153
10.5473
8.59489
12.62053
9.37997
10.65449
9.70607
8.72952
8.75318
9.0225
8.90834
18.06683
12.3002
11.45696
14.39499
11.65563
8.65048
8.43716
13.15654
21.07352
13.15718
