0.00296
7e-05
0.00052
0.02014
0.00729
0.01078
0.01497
0.01235
0.00722
0.00783
0.02148
0.00548
0.00251
0.00982
0.00472
0.00421
0.00243
0.00866
0.01137
0.00758
0.02469
0.00632
0.00217
0.0162
0.00419
0.02381
0.00589
0.00426
0.00773
0.00806
0.00326
0.00399
0.00774
0.00343
0.01067
0.00423
0.00462
0.00475
0.01118
0.00997
0.00847
0.00696
0.01605
0.0055
0.00692
0.0147
0.00819
0.01029
0.00563
0.00818
0.00566
0.0044
0.01684
0.00744
0.01281
0.00328
0.01201
0.02421
0.00819
0.00959
0.00669
0.00641
0.00716
0.00824
0.01586
0.00908
0.00735
0.00678
0.00449
0.00322
0.00415
0.01535
0.004
0.0078
0.01374
0.00573
0.00741
0.00933
0.00799
0.00586
0.00765
0.00415
0.00484
0.01035
0.00555
0.00675
0.00739
0.00383
0.0136
0.00884
0.00632
0.00594
0.0061
0.01574
0.00867
0.02081
0.00789
0.00503
0.00425
0.00453
0.00725
0.00641
0.00533
0.00884
0.00521
0.00493
0.00498
0.01436
0.00536
0.0047
0.00466
0.00541
0.00535
0.00539
0.01389
0.00599
0.00347
0.01311
0.00583
0.00934
0.00422
0.00783
0.0036
0.01402
0.00746
0.00769
0.00623
0.00521
0.00372
0.01134
0.0093
0.00563
0.00639
0.00909
0.00696
0.00939
0.00745
0.00576
0.00617
0.00744
0.0057
0.00538
0.00865
0.00803
0.00602
0.00586
0.00593
0.00686
0.00757
0.00749
0.00662
0.00559
0.00705
0.00695
0.00737
0.00983
0.0056
0.00709
0.00666
0.00762
0.00477
0.00538
0.00594
0.00741
0.00757
0.00588
0.00684
0.0051
0.00531
0.00389
0.01191
0.00284
0.00357
0.01013
0.00402
0.00417
0.00689
0.00374
0.00542
0.00503
0.00677
0.0048
0.0037
0.00395
0.00538
0.00553
0.00446
0.00419
0.0037
0.00429
0.00538
0.00354
0.00402
0.00516
0.00354
0.00272
0.00519
0.00335
0.00532
0.00356
0.00308
0.006
0.00937
0.00314
0.00462
0.01694
0.00865
0.00476
0.00711
0.00736
0.00578
0.00579
0.00674
0.00548
0.00635
0.00456
0.00654
0.00521
0.00413
0.00518
0.00412
0.00395
0.0033
0.00339
0.00298
0.00293
0.00332
0.01645
0.00259
0.01481
0.00528
0.00397
0.00932
0.00602
0.0056
0.00572
0.00575
0.00516
0.00614
0.00517
0.00415
0.00407
0.00299
0.00547
0.00468
0.00419
0.00406
0.00325
0.00394
0.00341
0.00326
0.00583
0.00317
0.00285
0.00412
0.00232
0.00271
0.00243
0.00337
0.00363
0.00376
0.00304
0.00386
0.0036
0.00584
0.00261
0.00204
0.00756
0.00182
0.00231
0.00496
0.00249
0.00284
0.00766
0.00822
0.0032
0.00527
0.00336
0.00414
0.01962
0.00522
0.00628
0.00604
0.0049
0.00506
0.00424
0.00487
0.0056
0.00491
0.00433
0.00455
0.00452
0.00385
0.00431
0.00365
0.00297
0.00716
0.00311
0.00395
0.00411
0.00398
0.00474
0.00988
0.00417
0.00357
0.00442
0.00303
0.00395
0.0038
0.00758
0.00291
0.00417
0.00409
0.00322
0.0043
0.00376
0.00364
0.00511
0.00844
0.00403
0.00256
0.00339
0.00472
0.00565
0.00639
0.00779
0.01031
0.00532
0.00564
0.00999
0.00996
0.00632
0.00583
0.00576
0.00524
0.00535
0.00429
0.00423
0.00693
0.00408
0.00554
0.0038
0.00413
0.00447
0.00395
0.00351
0.00342
0.00349
0.00316
0.00273
0.00286
0.00234
0.01031
0.00422
0.00276
0.00279
0.00284
0.0032
0.00423
0.00362
0.00376
0.00389
0.00491
0.00286
0.00324
0.0098
0.00481
0.00311
0.00298
0.00547
0.00628
0.00524
0.00499
0.00531
0.00486
0.00418
0.00474
0.00389
0.00402
0.00392
0.00801
0.00599
0.00411
0.00323
0.00378
0.00474
0.00371
0.00363
0.00305
0.00396
0.00589
0.0035
0.01324
0.0035
0.00514
0.00448
0.00953
0.00392
0.00457
0.00547
0.00494
0.00376
0.00567
0.00472
0.00607
0.00368
0.00394
0.00341
0.00396
0.00335
0.00403
0.00399
0.00652
0.01123
0.00288
0.00399
0.00353
0.00334
0.00279
0.00555
0.00484
0.00289
0.01315
0.00454
0.00375
0.0051
0.0039
0.00773
0.00315
0.004
0.00565
0.00426
0.00643
0.00615
0.00617
0.00736
0.00407
0.00415
0.00447
0.00524
0.00415
0.00494
0.01783
0.00451
0.00493
0.00362
0.00495
0.00515
0.00786
0.00391
0.00446
0.00443
0.00391
0.00552
0.00462
0.00967
0.00524
0.00559
0.00526
0.00398
0.00469
0.00564
0.00388
0.00438
0.00473
0.00573
0.00291
0.00423
0.00314
0.00481
0.0042
0.005
0.00322
0.00446
0.00477
0.0044
0.01058
0.00483
0.0029
0.00197
0.00366
0.00364
0.00496
0.00437
0.00457
0.00435
0.00343
0.00457
0.0029
0.00429
0.0056
0.00325
0.0039
0.00904
0.00392
0.00402
0.00403
0.00476
0.00401
0.00514
0.00382
0.00463
0.00367
0.00448
0.003
0.00431
0.00225
0.00255
0.00459
0.00476
0.00299
0.00302
0.00334
0.00425
0.00313
0.0036
0.00365
0.00329
0.0044
0.00323
0.0083
0.00298
0.0054
0.00257
0.01124
0.00315
0.00485
0.0033
0.00664
0.00323
0.00434
0.00418
0.00393
0.00392
0.00428
0.00358
0.01564
0.00757
0.0036
0.00452
0.00472
0.00446
0.00622
0.00474
0.00545
0.00463
0.00484
0.01071
0.00363
0.00366
0.00356
0.00493
0.00334
0.00381
0.00365
0.00347
0.00381
0.00407
0.00791
0.00376
0.00315
0.01264
0.0052
0.01447
0.00437
0.00435
0.0064
0.00734
0.00487
0.0046
0.00521
0.005
0.006
0.00488
0.00433
0.00456
0.00378
0.00352
0.00359
0.00721
0.00377
0.00407
0.00283
0.00342
0.00465
0.00467
0.00215
0.00413
0.00259
0.00256
0.00333
0.00254
0.00484
0.00321
0.00751
0.00255
0.00256
0.00277
0.0031
0.00431
0.00318
0.00528
0.00258
0.01408
0.00502
0.00364
0.00329
0.00516
0.00437
0.0034
0.0039
0.00621
0.00627
0.00377
0.00474
0.00347
0.00546
0.01126
0.00289
0.003
0.00459
0.00609
0.00362
0.00403
0.00362
0.00335
0.00499
0.00339
0.00406
0.00736
0.00368
0.0049
0.00511
0.00777
0.00334
0.0038
0.00363
0.0043
0.01137
0.0038
0.00429
0.00545
0.00403
0.00666
0.00251
0.00317
0.00504
0.0035
0.00386
0.00837
0.00509
0.00519
0.00373
0.00499
0.00424
0.00654
0.0024
0.00257
0.00418
0.00375
0.00363
0.00337
0.00226
0.00222
0.00421
0.00247
0.00288
0.00476
0.00208
0.00175
0.00327
0.00273
0.00445
0.0049
0.00275
0.00405
0.00253
0.00356
0.00265
0.00455
0.00567
0.00298
0.00246
0.00355
0.0033
0.00342
0.00355
0.00279
0.00392
0.00249
0.00367
0.00244
0.00327
0.00327
0.0049
0.00353
0.0032
0.00572
0.00308
0.00355
0.00578
0.00261
0.00346
0.00297
0.00407
0.00309
0.00436
0.00318
0.00295
0.00376
0.00435
0.00199
0.00352
0.00235
0.00506
0.0025
0.00298
0.00255
0.00339
0.00388
0.00574
0.00322
0.00261
0.0032
0.00499
0.00263
0.00267
0.00311
0.00214
0.00406
0.00224
0.00209
0.0044
0.00231
0.0032
0.00243
0.00293
0.00382
0.00355
0.00265
0.00259
0.00202
0.0093
0.0052
0.00303
0.00527
0.00177
0.00234
0.00585
0.00248
0.00259
0.00274
0.00287
0.00641
0.00346
0.01027
0.00624
0.00183
0.00159
0.00211
0.00863
0.00214
0.00246
0.00307
0.00299
0.00217
0.00323
0.00274
0.01027
0.00267
0.00385
0.00313
0.00344
0.00287
0.00298
0.00228
0.00516
0.0017
0.00278
0.00236
0.00254
0.00271
0.0056
0.00198
0.00624
0.00302
0.00299
0.00425
0.0025
0.00342
0.00287
0.00333
0.00671
0.00431
0.00335
0.00324
0.00275
0.00848
0.00386
0.00327
0.00249
0.00283
0.00241
0.00384
0.00309
0.00353
0.00348
0.00368
0.0031
0.00295
0.00259
0.00298
0.00296
0.00308
0.00255
0.00268
0.00269
0.00449
0.00325
0.0022
0.00255
0.00223
0.00192
0.00256
0.00262
0.00237
0.00248
0.00237
0.00892
0.00858
0.00191
0.00364
0.003
0.00265
0.00228
0.00349
0.00292
0.00695
0.00978
0.00326
0.00262
0.00266
0.00378
0.00274
0.00227
0.00363
0.00233
0.00424
0.00225
0.00276
0.00326
0.00318
0.00321
0.002
0.00283
0.00206
0.00217
0.00203
0.002
0.00185
0.01309
0.00661
0.00194
0.00147
0.00685
0.00801
0.00352
0.00296
0.00321
0.00301
0.00377
0.00355
0.00398
0.00478
0.00335
0.00401
0.00378
0.00257
0.0034
0.00264
0.00317
0.0029
0.00388
0.00175
0.00188
0.00221
0.00383
0.00205
0.00153
0.00294
0.00292
0.00528
0.00265
0.00199
0.00331
0.00248
0.00251
0.00216
0.00279
0.00099
0.00569
0.00239
0.00172
0.00092
0.01178
0.00209
0.00262
0.00286
0.00201
0.00575
0.00286
0.00889
0.00503
0.00183
0.00253
0.00343
0.00382
0.0023
0.00286
0.00415
0.0031
0.00376
0.00234
0.00229
0.00267
0.00265
0.00369
0.01004
0.00237
0.00411
0.0029
0.00343
0.00238
0.0024
0.00232
0.00252
0.00236
0.00604
0.00179
0.00197
0.00226
0.0022
0.00254
0.00344
0.00283
0.00453
0.0032
0.00311
0.00322
0.00288
0.00307
0.00315
0.00193
0.0038
0.00283
0.00223
0.00317
0.00367
0.00302
0.00221
0.00178
0.00157
0.00138
0.00635
0.01053
0.00767
0.00388
0.00274
0.00335
0.00892
0.00256
0.00211
0.00367
0.00352
0.00261
0.00441
0.00308
0.00306
0.00306
0.00802
0.00294
0.00308
0.00274
0.00298
0.00331
0.00267
0.00249
0.00212
0.00206
0.00237
0.00334
0.00216
0.00319
0.00313
0.00222
0.00246
0.00231
0.0019
0.00437
0.00491
