0.07842
0.00676
0.00415
0.03445
0.03254
0.02507
0.04946
0.03821
0.03662
0.03726
0.04124
0.02261
0.01406
0.0302
0.02444
0.01859
0.01241
0.02413
0.04473
0.02165
0.04982
0.03212
0.01864
0.05226
0.01437
0.04776
0.027
0.02437
0.02747
0.02479
0.02829
0.01697
0.02524
0.01343
0.04301
0.02277
0.02278
0.02797
0.03382
0.03943
0.02758
0.02497
0.04685
0.02345
0.0264
0.04835
0.02871
0.02855
0.02588
0.02986
0.01724
0.01593
0.03357
0.03304
0.04697
0.01724
0.02459
0.05706
0.02109
0.03737
0.0259
0.03393
0.03325
0.0285
0.04574
0.03239
0.02915
0.02137
0.02052
0.01948
0.01684
0.0383
0.02546
0.03247
0.02809
0.02315
0.02287
0.03381
0.01855
0.01728
0.03286
0.0209
0.01519
0.02718
0.02638
0.02718
0.02389
0.01438
0.03424
0.02638
0.02614
0.02356
0.02255
0.03713
0.03146
0.04142
0.02888
0.01676
0.01191
0.01676
0.02296
0.02265
0.02129
0.02788
0.01897
0.0158
0.02149
0.0272
0.02182
0.01794
0.01566
0.02849
0.01881
0.0177
0.0341
0.02074
0.01397
0.02823
0.01892
0.02606
0.01386
0.02478
0.01254
0.03113
0.0226
0.02452
0.0241
0.01999
0.01511
0.03719
0.0308
0.02292
0.0174
0.02279
0.02035
0.02743
0.02446
0.01964
0.01489
0.02402
0.01844
0.01883
0.02239
0.018
0.01758
0.01728
0.01691
0.02225
0.0266
0.02468
0.01842
0.01828
0.02076
0.01548
0.02146
0.02451
0.01646
0.01894
0.01798
0.01956
0.01691
0.01958
0.01687
0.02231
0.02032
0.01494
0.01571
0.01567
0.01355
0.01357
0.03467
0.01603
0.01352
0.02425
0.01626
0.01538
0.01876
0.01139
0.01286
0.01257
0.02174
0.0221
0.01485
0.01326
0.01418
0.0144
0.01214
0.01534
0.01367
0.01429
0.01139
0.01204
0.01204
0.01249
0.01542
0.01124
0.01604
0.01195
0.01467
0.01193
0.01233
0.01627
0.02465
0.01466
0.01514
0.03105
0.02417
0.02149
0.02037
0.01788
0.01624
0.01401
0.01544
0.01312
0.01826
0.01348
0.01907
0.01668
0.01287
0.01297
0.01329
0.01439
0.01009
0.00988
0.01102
0.01106
0.01103
0.03133
0.01506
0.02865
0.01615
0.01419
0.02384
0.0191
0.01547
0.01757
0.01533
0.01646
0.01402
0.01375
0.01409
0.0122
0.01236
0.01388
0.01405
0.01136
0.01134
0.00949
0.01299
0.0103
0.00944
0.01556
0.01183
0.01341
0.01269
0.0118
0.00729
0.00836
0.00825
0.00879
0.01061
0.00844
0.00983
0.00877
0.01315
0.01103
0.01256
0.01736
0.00847
0.00762
0.01287
0.01357
0.01132
0.01969
0.02639
0.01321
0.01676
0.01184
0.01408
0.03347
0.01972
0.01846
0.01707
0.01336
0.01453
0.01232
0.0144
0.01256
0.01155
0.0114
0.01194
0.01034
0.01003
0.01107
0.00952
0.00905
0.02084
0.01282
0.01401
0.01188
0.00988
0.01482
0.02096
0.0127
0.01164
0.01327
0.0092
0.01166
0.01177
0.01996
0.01129
0.01197
0.01241
0.0114
0.01277
0.00953
0.01028
0.01451
0.02515
0.02832
0.01319
0.01454
0.01918
0.01592
0.01465
0.01734
0.0213
0.01535
0.01504
0.02336
0.01495
0.02178
0.01371
0.01271
0.01119
0.01317
0.01161
0.01005
0.01547
0.01134
0.01362
0.01285
0.01119
0.01225
0.00975
0.01133
0.00949
0.00906
0.00868
0.00835
0.00859
0.00773
0.02108
0.01266
0.01044
0.00987
0.01002
0.01064
0.01027
0.01278
0.01337
0.01271
0.01472
0.0112
0.00929
0.02374
0.01871
0.01601
0.01014
0.01707
0.01435
0.01396
0.01338
0.01217
0.01014
0.01169
0.01361
0.01105
0.01128
0.01135
0.01771
0.01427
0.01512
0.00915
0.01009
0.0143
0.01198
0.0131
0.01034
0.00897
0.01244
0.00935
0.02631
0.01713
0.01645
0.01283
0.02551
0.01422
0.01686
0.01404
0.01475
0.01127
0.01422
0.01298
0.01351
0.01089
0.01155
0.0101
0.01115
0.00831
0.01035
0.01056
0.01526
0.01861
0.0165
0.01654
0.01211
0.01035
0.00821
0.01312
0.01367
0.01396
0.02291
0.01345
0.01084
0.0146
0.0113
0.01865
0.01643
0.0156
0.01659
0.01034
0.01525
0.0134
0.0128
0.01565
0.01082
0.01125
0.01207
0.01096
0.01083
0.01152
0.03111
0.0175
0.01657
0.01203
0.0145
0.01373
0.01882
0.01712
0.01334
0.01068
0.01088
0.01429
0.01213
0.01784
0.01547
0.01432
0.01285
0.01243
0.01593
0.01185
0.01066
0.01057
0.01233
0.01396
0.00867
0.01339
0.0109
0.0143
0.0094
0.02022
0.01183
0.0101
0.01076
0.0113
0.02165
0.01455
0.01871
0.00848
0.01286
0.01142
0.01319
0.0108
0.01219
0.0109
0.01134
0.01032
0.00826
0.00955
0.01294
0.01169
0.01188
0.01999
0.01578
0.01074
0.01137
0.01438
0.01027
0.01173
0.01188
0.01162
0.01069
0.01125
0.01008
0.01098
0.00842
0.0077
0.01178
0.01334
0.00973
0.00981
0.00921
0.01491
0.00819
0.00959
0.00977
0.01234
0.00902
0.00813
0.01425
0.00945
0.01351
0.0085
0.01899
0.01421
0.01219
0.01096
0.01652
0.0076
0.01125
0.00941
0.00832
0.00952
0.01165
0.00962
0.02865
0.02348
0.01219
0.01488
0.01434
0.01067
0.01273
0.01139
0.01273
0.01116
0.01267
0.02038
0.01596
0.01202
0.01081
0.01552
0.00922
0.00891
0.01033
0.00953
0.01048
0.01218
0.01046
0.01331
0.0092
0.01025
0.02311
0.02555
0.01901
0.01101
0.01325
0.01503
0.0114
0.01194
0.01363
0.01323
0.01493
0.01176
0.01115
0.00992
0.00832
0.00993
0.00822
0.01532
0.01225
0.01083
0.01362
0.00963
0.01058
0.01229
0.00902
0.01397
0.00667
0.01006
0.01304
0.00922
0.01095
0.00883
0.02768
0.01408
0.00861
0.0093
0.00772
0.01002
0.00768
0.00992
0.01111
0.02647
0.01724
0.01338
0.01
0.01342
0.01035
0.00867
0.00758
0.0148
0.01125
0.01199
0.01224
0.01042
0.01425
0.02359
0.01149
0.00784
0.0126
0.0137
0.00947
0.01227
0.01089
0.00837
0.00977
0.0112
0.00857
0.01751
0.00954
0.01123
0.0117
0.01864
0.0129
0.01432
0.0103
0.01397
0.02059
0.01149
0.01046
0.01452
0.0095
0.01713
0.00714
0.00795
0.01246
0.01034
0.00781
0.01812
0.01566
0.01361
0.01233
0.01296
0.01125
0.01719
0.01106
0.00738
0.01184
0.0111
0.00885
0.00963
0.01264
0.00694
0.00762
0.00836
0.00812
0.01424
0.00869
0.0079
0.01251
0.00843
0.01221
0.01039
0.00906
0.01078
0.00547
0.00993
0.00811
0.01731
0.02033
0.011
0.01057
0.00873
0.00957
0.00835
0.00932
0.00798
0.01081
0.00863
0.00998
0.00692
0.00966
0.0095
0.01303
0.01242
0.01294
0.01539
0.01205
0.00884
0.01883
0.01074
0.01266
0.00862
0.00922
0.00679
0.00944
0.0072
0.00719
0.00786
0.00872
0.00683
0.00957
0.00591
0.01074
0.01166
0.01322
0.00841
0.00836
0.00909
0.01668
0.01021
0.00717
0.0064
0.01042
0.00668
0.00766
0.01032
0.00728
0.01782
0.01006
0.00976
0.00952
0.00766
0.00877
0.00668
0.00784
0.01172
0.0097
0.00744
0.00672
0.00563
0.01831
0.0125
0.01054
0.01237
0.00625
0.00779
0.0144
0.00773
0.01077
0.00695
0.01151
0.01404
0.00703
0.00913
0.02811
0.01108
0.01089
0.00775
0.0171
0.00978
0.01027
0.0105
0.01061
0.00865
0.00887
0.00723
0.01949
0.01065
0.00977
0.00809
0.00825
0.00758
0.00794
0.00582
0.01436
0.00803
0.0079
0.00988
0.00728
0.00718
0.01422
0.00757
0.01296
0.00827
0.00787
0.01205
0.0079
0.00778
0.00597
0.00681
0.01743
0.01224
0.00976
0.00848
0.00827
0.01749
0.01233
0.01147
0.01022
0.00895
0.00691
0.0074
0.00573
0.00817
0.00723
0.00975
0.00695
0.00694
0.00675
0.00781
0.00693
0.00776
0.00822
0.00638
0.00603
0.01442
0.00968
0.00639
0.00778
0.0086
0.00617
0.0077
0.00638
0.00562
0.00784
0.00726
0.02089
0.02425
0.00906
0.01331
0.00727
0.0088
0.00894
0.00822
0.01196
0.00968
0.01756
0.00808
0.00648
0.0088
0.0098
0.00872
0.00613
0.00934
0.00561
0.01024
0.00589
0.00732
0.00733
0.0071
0.00909
0.00491
0.00851
0.00844
0.0075
0.00836
0.00728
0.00426
0.0044
0.03304
0.01104
0.00665
0.01816
0.01415
0.0122
0.00759
0.01021
0.01001
0.00828
0.00719
0.00718
0.00958
0.00969
0.00832
0.00659
0.00793
0.00851
0.00704
0.00789
0.00705
0.00761
0.00455
0.00502
0.00494
0.01346
0.01096
0.00674
0.00728
0.00657
0.0116
0.0062
0.00454
0.00648
0.00478
0.00464
0.00399
0.00573
0.00245
0.01284
0.00823
0.00722
0.00344
0.02228
0.00886
0.00788
0.00746
0.00455
0.01131
0.00727
0.01717
0.01264
0.00689
0.00665
0.00859
0.00943
0.00908
0.00671
0.0094
0.00677
0.01216
0.00808
0.00683
0.00645
0.0065
0.00782
0.01808
0.00697
0.01111
0.00736
0.0058
0.00729
0.00552
0.00793
0.00652
0.00515
0.01175
0.00711
0.00794
0.00532
0.00499
0.00494
0.00692
0.0052
0.01451
0.0075
0.00769
0.00815
0.00586
0.00732
0.01011
0.00659
0.00602
0.0078
0.00612
0.00576
0.00845
0.00657
0.00938
0.00547
0.00591
0.00457
0.01116
0.0189
0.01949
0.01373
0.00698
0.00915
0.01208
0.00917
0.00816
0.0079
0.00877
0.00735
0.00932
0.0069
0.00779
0.0078
0.01546
0.00752
0.00747
0.00708
0.00729
0.00801
0.00732
0.00556
0.00584
0.00517
0.00531
0.01024
0.00584
0.0083
0.00885
0.00832
0.00602
0.0046
0.00459
0.01451
0.01116
