0.95617
0.99319
0.99516
0.95829
0.96203
0.96521
0.95338
0.96302
0.96219
0.95783
0.95731
0.97433
0.98547
0.96903
0.97517
0.97828
0.98614
0.97647
0.95515
0.97942
0.94596
0.96743
0.98375
0.94408
0.98706
0.95141
0.97158
0.97683
0.9718
0.97325
0.96982
0.98169
0.97467
0.98749
0.95327
0.97611
0.97787
0.97177
0.96403
0.95365
0.97444
0.9738
0.95917
0.96986
0.97387
0.95032
0.97275
0.96614
0.97552
0.96799
0.98486
0.98228
0.96548
0.96979
0.95043
0.98268
0.9717
0.94343
0.98047
0.95886
0.97474
0.96564
0.96554
0.97431
0.94926
0.97389
0.96776
0.97833
0.97798
0.98103
0.98301
0.96198
0.97398
0.96596
0.97129
0.976
0.97825
0.96492
0.9818
0.98194
0.96667
0.97955
0.98614
0.97142
0.97188
0.97207
0.97547
0.98555
0.96416
0.97427
0.97381
0.97659
0.97749
0.95932
0.96991
0.9602
0.97218
0.9839
0.98801
0.98275
0.97526
0.97753
0.97783
0.97319
0.98024
0.98394
0.97641
0.97094
0.97816
0.98393
0.98325
0.971
0.98096
0.98186
0.96767
0.97928
0.98505
0.97042
0.98055
0.97367
0.98803
0.9738
0.98879
0.96803
0.977
0.97652
0.97645
0.97953
0.98498
0.96368
0.96734
0.97695
0.9827
0.97721
0.97908
0.97338
0.97405
0.98221
0.98241
0.97684
0.98042
0.98005
0.97919
0.97965
0.98387
0.9828
0.98304
0.97772
0.97089
0.97585
0.98253
0.98186
0.97701
0.98546
0.97891
0.97461
0.98301
0.98175
0.98431
0.97773
0.98366
0.97995
0.98206
0.97693
0.97941
0.98474
0.98361
0.9848
0.98586
0.98667
0.96358
0.98527
0.98603
0.97639
0.98437
0.98418
0.98115
0.98833
0.98697
0.9859
0.98169
0.97591
0.98357
0.98735
0.98548
0.98497
0.98709
0.98503
0.98578
0.98596
0.98744
0.98846
0.98796
0.98528
0.98621
0.98905
0.98344
0.98843
0.98428
0.98751
0.98827
0.98109
0.97814
0.9846
0.98363
0.96694
0.98069
0.97735
0.97944
0.98115
0.98252
0.98536
0.98474
0.98661
0.9819
0.98659
0.97932
0.98315
0.98766
0.98651
0.98679
0.98542
0.98908
0.98965
0.98917
0.9898
0.98823
0.96792
0.98556
0.969
0.98475
0.98612
0.97523
0.98251
0.9838
0.98208
0.98412
0.98317
0.98497
0.98653
0.98551
0.98726
0.98777
0.9861
0.98572
0.98781
0.9887
0.99075
0.98696
0.98921
0.99047
0.98442
0.98831
0.98689
0.98503
0.98924
0.99278
0.99152
0.99142
0.99132
0.98933
0.99137
0.99041
0.99062
0.98646
0.98914
0.98856
0.98104
0.9914
0.99255
0.98659
0.9874
0.98933
0.9741
0.97893
0.98658
0.98373
0.98778
0.98562
0.96551
0.98095
0.98134
0.98289
0.98701
0.98511
0.98784
0.98422
0.98757
0.98838
0.98876
0.98822
0.98859
0.98957
0.98941
0.99026
0.99062
0.97847
0.9882
0.98595
0.98817
0.98956
0.98478
0.97896
0.9882
0.98769
0.98684
0.99051
0.98804
0.98868
0.97838
0.99054
0.98739
0.9869
0.98941
0.98673
0.9903
0.98945
0.98527
0.97168
0.97585
0.9865
0.98675
0.98059
0.98289
0.98474
0.98545
0.97709
0.98291
0.98489
0.9751
0.98358
0.98007
0.98607
0.98737
0.98865
0.98704
0.98832
0.98986
0.98285
0.98973
0.98606
0.98704
0.98842
0.98761
0.99059
0.98775
0.99083
0.99041
0.99148
0.99187
0.99158
0.99158
0.97829
0.98724
0.98968
0.99046
0.99002
0.98962
0.98776
0.98812
0.98674
0.98775
0.98562
0.98887
0.99075
0.97546
0.98286
0.98397
0.98972
0.98259
0.98657
0.98548
0.98645
0.988
0.98938
0.9876
0.98679
0.98843
0.98912
0.98835
0.98159
0.98411
0.98639
0.99081
0.98921
0.98629
0.98759
0.988
0.98886
0.99136
0.98669
0.99065
0.97153
0.98488
0.9834
0.98597
0.97571
0.9853
0.98298
0.98649
0.98482
0.98782
0.98626
0.98741
0.98621
0.98915
0.98922
0.98894
0.98862
0.99113
0.99011
0.99021
0.98375
0.98094
0.98347
0.98311
0.98808
0.9895
0.99212
0.98625
0.98603
0.98542
0.9778
0.98691
0.9881
0.98586
0.98825
0.97819
0.98609
0.98358
0.98519
0.98948
0.98501
0.98631
0.98763
0.98354
0.98935
0.98823
0.98914
0.98869
0.98872
0.98773
0.97003
0.98325
0.98343
0.98732
0.98503
0.98749
0.97855
0.98492
0.98549
0.98995
0.98929
0.98279
0.9898
0.98263
0.98463
0.98512
0.98716
0.98723
0.98455
0.98811
0.98972
0.98898
0.98697
0.98646
0.99124
0.9858
0.99011
0.98571
0.98819
0.98204
0.98802
0.99037
0.98975
0.98809
0.97779
0.98324
0.98319
0.99275
0.98821
0.98758
0.98657
0.98959
0.98772
0.98825
0.98889
0.98939
0.99136
0.99015
0.98484
0.99054
0.98773
0.9776
0.98468
0.9908
0.98843
0.98716
0.98824
0.98876
0.98861
0.98881
0.98807
0.98872
0.99012
0.98788
0.99184
0.99296
0.98733
0.98693
0.99033
0.99059
0.99108
0.98519
0.99108
0.99081
0.98888
0.98905
0.9904
0.99171
0.98518
0.99163
0.98577
0.99178
0.97836
0.9888
0.98712
0.98976
0.98291
0.99365
0.98828
0.99029
0.99161
0.99021
0.98907
0.9892
0.97076
0.97796
0.98632
0.98599
0.98632
0.9877
0.98764
0.98837
0.98724
0.98868
0.98737
0.97648
0.98539
0.9883
0.99016
0.98496
0.9904
0.9911
0.98964
0.9906
0.98948
0.98678
0.9886
0.98722
0.99002
0.98806
0.97907
0.97074
0.98623
0.98876
0.98676
0.98407
0.98826
0.98872
0.98614
0.98668
0.98517
0.98825
0.98915
0.98966
0.99159
0.98984
0.99191
0.98464
0.98749
0.98809
0.98756
0.99068
0.98911
0.98807
0.99113
0.98632
0.99239
0.99003
0.98732
0.99079
0.98891
0.99026
0.97294
0.98744
0.99054
0.99169
0.99179
0.98991
0.99166
0.98782
0.99166
0.97185
0.98354
0.98712
0.989
0.987
0.98857
0.99157
0.99254
0.98511
0.98708
0.98934
0.98836
0.98955
0.98388
0.97765
0.98923
0.99229
0.98716
0.98795
0.9907
0.98759
0.98877
0.99196
0.98802
0.98985
0.99104
0.98221
0.99047
0.98814
0.98784
0.9804
0.98865
0.98634
0.98945
0.98579
0.98099
0.98825
0.98913
0.98499
0.9895
0.98341
0.99255
0.9925
0.98723
0.98911
0.99207
0.98036
0.98478
0.9868
0.98856
0.98573
0.98873
0.9825
0.99016
0.99301
0.98704
0.98875
0.99189
0.99039
0.98707
0.99345
0.99185
0.99178
0.99081
0.98615
0.99204
0.99239
0.98696
0.99172
0.98727
0.98899
0.99161
0.98909
0.99442
0.98986
0.9908
0.98237
0.98164
0.98939
0.98871
0.99139
0.99226
0.99019
0.99061
0.99161
0.98837
0.99241
0.98964
0.99296
0.99021
0.99025
0.98751
0.988
0.99007
0.98095
0.98867
0.98955
0.98246
0.98947
0.9871
0.99224
0.99121
0.99277
0.98965
0.99357
0.99248
0.9921
0.99085
0.99265
0.99114
0.99405
0.98936
0.98947
0.98586
0.99154
0.99167
0.99007
0.98393
0.99004
0.99345
0.99315
0.98924
0.99344
0.99264
0.99065
0.99065
0.98188
0.99084
0.99126
0.99038
0.99297
0.99085
0.99311
0.99192
0.98422
0.99403
0.99242
0.99293
0.99463
0.98125
0.98762
0.98986
0.98704
0.99376
0.99254
0.9858
0.99236
0.9889
0.9931
0.98798
0.98691
0.99229
0.9877
0.97483
0.9896
0.98918
0.99288
0.98162
0.99017
0.99071
0.98891
0.99042
0.99028
0.99125
0.99299
0.97958
0.99076
0.9903
0.99305
0.99069
0.99229
0.9916
0.99444
0.98488
0.99269
0.99188
0.99039
0.99242
0.99366
0.98515
0.99455
0.98586
0.99138
0.99234
0.98694
0.99276
0.99282
0.99447
0.99224
0.97965
0.98862
0.99098
0.99116
0.99156
0.98222
0.98442
0.9922
0.99075
0.99117
0.99313
0.99282
0.99391
0.99194
0.99125
0.99055
0.99352
0.99288
0.99314
0.9921
0.99351
0.9918
0.99217
0.99341
0.99265
0.98644
0.99111
0.99395
0.99133
0.99135
0.99412
0.99197
0.9933
0.99442
0.99175
0.99245
0.97893
0.98116
0.98835
0.9868
0.99275
0.99077
0.99138
0.99074
0.98851
0.9847
0.98719
0.99234
0.99314
0.99256
0.98833
0.99209
0.99374
0.99046
0.9945
0.98963
0.99371
0.99281
0.99315
0.99244
0.99077
0.9952
0.9912
0.992
0.99163
0.99217
0.99278
0.99607
0.9906
0.96857
0.99077
0.99413
0.97712
0.99176
0.98861
0.99315
0.98945
0.99037
0.99136
0.99248
0.99256
0.99043
0.99037
0.99132
0.99165
0.99345
0.99217
0.99309
0.99154
0.99284
0.99208
0.9954
0.99479
0.9951
0.98513
0.99076
0.99373
0.99264
0.99379
0.98849
0.99285
0.99574
0.99365
0.99533
0.9952
0.99567
0.99433
0.99732
0.98381
0.99256
0.99491
0.99658
0.97791
0.99208
0.99195
0.99227
0.99445
0.98846
0.99117
0.98493
0.98789
0.9927
0.99367
0.99151
0.98949
0.99171
0.9938
0.99027
0.99332
0.98724
0.99191
0.99363
0.99333
0.99344
0.99224
0.98141
0.99357
0.98854
0.99277
0.99299
0.99355
0.9947
0.99171
0.99353
0.99483
0.98688
0.99383
0.99228
0.99481
0.99448
0.99498
0.99325
0.99218
0.98782
0.99224
0.99171
0.99284
0.99368
0.99294
0.98975
0.99331
0.99234
0.99427
0.99349
0.99445
0.99109
0.99299
0.99088
0.9945
0.99378
0.99607
0.98354
0.98429
0.98126
0.98778
0.99269
0.99067
0.98855
0.99027
0.99293
0.99223
0.9906
0.99291
0.99074
0.99371
0.9907
0.99303
0.98409
0.99309
0.99284
0.9929
0.99232
0.99192
0.99328
0.99403
0.99411
0.99501
0.99439
0.98914
0.99447
0.99111
0.99241
0.99202
0.99354
0.99539
0.99456
0.98551
0.98931
