0.36956
0.4684
0.43065
0.45329
0.42062
0.41223
0.36381
0.32815
0.32935
0.35667
0.369
0.37736
0.40717
0.40417
0.41515
0.40369
0.41536
0.41822
0.4125
0.41194
0.40743
0.39814
0.39887
0.37158
0.36118
0.33492
0.33586
0.31638
0.3198
0.30861
0.30405
0.30264
0.2913
0.30314
0.31751
0.31768
0.34203
0.33447
0.35049
0.33982
0.35788
0.34546
0.35745
0.35015
0.35609
0.35613
0.3548
0.34447
0.35096
0.34999
0.35347
0.34243
0.36415
0.34702
0.35351
0.34433
0.34986
0.34759
0.34887
0.34137
0.35076
0.33741
0.35471
0.33758
0.33561
0.33525
0.3332
0.32978
0.34156
0.32511
0.31772
0.32902
0.32146
0.33631
0.31407
0.32164
0.30506
0.31728
0.30742
0.31414
0.30306
0.31352
0.28081
0.31134
0.28858
0.30433
0.28562
0.30037
0.28188
0.29495
0.27842
0.29593
0.27251
0.26646
0.28706
0.271
0.26061
0.29326
0.26626
0.27279
0.27224
0.27606
0.26276
0.2617
0.24741
0.26481
0.26297
0.26144
0.25152
0.25027
0.24649
0.24692
0.2518
0.25192
0.23604
0.23967
0.23267
0.24083
0.23716
0.24101
0.23241
0.22749
0.22621
0.22119
0.22404
0.22181
0.21346
0.20808
0.21949
0.21577
0.2134
0.21528
0.22395
0.21021
0.20169
0.20862
0.20775
0.21692
0.19515
0.21182
0.20858
0.18474
0.20985
0.20139
0.19632
0.20671
0.19908
0.19559
0.17194
0.22208
0.20084
0.17904
0.17186
0.18943
0.19969
0.17765
0.19539
0.18734
0.19503
0.17601
0.17847
0.18045
0.17143
0.1996
0.16678
0.18055
0.18444
0.19978
0.15783
0.16225
0.19099
0.18821
0.19467
0.15215
0.16199
0.18281
0.17177
0.15245
0.19262
0.19108
0.14127
0.17726
0.18376
0.15223
0.1825
0.15392
0.1921
0.13818
0.17262
0.17414
0.13728
0.17354
0.17631
0.16843
0.13527
0.17556
0.14186
0.18128
0.1828
0.13557
0.17226
0.13046
0.1667
0.16672
0.13213
0.15368
0.17114
0.15786
0.13283
0.16993
0.15643
0.14325
0.15168
0.12291
0.17636
0.15325
0.13077
0.18534
0.12828
0.14036
0.16395
0.11834
0.16892
0.13917
0.14152
0.16156
0.11575
0.15433
0.14759
0.11538
0.15834
0.12587
0.13514
0.15477
0.10949
0.15536
0.13022
0.14114
0.10884
0.15325
0.11012
0.14552
0.1393
0.1324
0.14628
0.09979
0.14764
0.14047
0.10029
0.1354
0.14159
0.11588
0.12735
0.11975
0.12861
0.11998
0.14504
0.11411
0.10573
0.12865
0.13586
0.10593
0.09879
0.15302
0.10461
0.1022
0.13194
0.13511
0.10078
0.13868
0.10287
0.13512
0.10088
0.14701
0.10971
0.10091
0.12511
0.0933
0.13294
0.09909
0.13561
0.10054
0.13118
0.09496
0.12742
0.1227
0.10535
0.13233
0.10438
0.092
0.13683
0.09304
0.12892
0.09439
0.13096
0.09807
0.1189
0.12919
0.08085
0.13316
0.09207
0.11673
0.09114
0.13365
0.08767
0.12575
0.09303
0.11332
0.10346
0.09331
0.10962
0.12335
0.0813
0.12848
0.08188
0.11488
0.08762
0.12075
0.0911
0.11637
0.11851
0.08495
0.0978
0.12315
0.08984
0.09457
0.11855
0.08993
0.0785
0.12272
0.0884
0.12129
0.08643
0.08133
0.10201
0.07943
0.10859
0.09811
0.10988
0.08555
0.09424
0.0993
0.12297
0.07944
0.07845
0.11575
0.08809
0.10211
0.09076
0.09579
0.10372
0.08316
0.10092
0.08829
0.10166
0.06791
0.08715
0.10845
0.07228
0.06767
0.1176
0.07035
0.09202
0.10924
0.08079
0.08366
0.09766
0.08367
0.06925
0.08531
0.09641
0.0759
0.10439
0.08485
0.09983
0.07881
0.06986
0.11779
0.07365
0.07159
0.10709
0.07215
0.10865
0.06995
0.08978
0.09587
0.07169
0.11141
0.09496
0.08106
0.10508
0.07492
0.08985
0.10621
0.07596
0.10529
0.07348
0.11173
0.07899
0.08903
0.09633
0.10305
0.07248
0.0825
0.09541
0.08185
0.10468
0.07572
0.10013
0.08706
0.06651
0.10886
0.06762
0.10203
0.07866
0.09317
0.08276
0.058
0.09741
0.08489
0.09536
0.06544
0.09689
0.07592
0.06986
0.09338
0.07876
0.09433
0.06739
0.07769
0.09243
0.07763
0.07413
0.06607
0.10949
0.06778
0.10053
0.06105
0.0855
0.08752
0.06806
0.06447
0.11408
0.08009
0.07228
0.06475
0.07364
0.10583
0.06925
0.07956
0.07394
0.07433
0.0788
0.06618
0.06869
0.06181
0.10641
0.06356
0.06205
0.06038
0.1016
0.06252
0.0721
0.08501
0.0662
0.07187
0.0806
0.06319
0.08684
0.06622
0.05549
0.06263
0.092
0.05567
0.06667
0.0835
0.05433
0.0895
0.07161
0.06002
0.05395
0.08803
0.05909
0.08151
0.07152
0.05967
0.05378
0.06586
0.07275
0.06155
0.07098
0.06509
0.05488
0.0809
0.05909
0.05637
0.07678
0.05641
0.08541
0.05719
0.05829
0.08399
0.04692
0.06006
0.08921
0.0605
0.05205
0.05036
0.0642
0.07023
0.0572
0.07348
0.06756
0.04859
0.05895
0.05341
0.05747
0.0733
0.06881
0.05415
0.05242
0.05852
0.05704
0.05074
0.05407
0.05255
0.07366
0.05856
0.08506
0.05087
0.05281
0.057
0.07127
0.04581
0.04686
0.0793
0.06753
0.05127
0.04899
0.04084
0.06946
0.05558
0.0494
0.07242
0.05223
0.05877
0.04054
0.04893
0.07708
0.04946
0.04108
0.05535
0.04644
0.06966
0.04175
0.06231
0.04446
0.0522
0.0589
0.06632
0.0436
0.05688
0.05831
0.03752
0.05393
0.04402
0.04932
0.06032
0.05017
0.05231
0.06793
0.04752
0.05085
0.04863
0.04828
0.05708
0.06213
0.0435
0.04017
0.05602
0.04683
0.04254
0.06761
0.04813
0.04838
0.04887
0.04327
0.05249
0.04335
0.04029
0.0608
0.05077
0.04601
0.04344
0.04997
0.03985
0.05023
0.039
0.04662
0.05985
0.04816
0.04191
0.04698
0.03261
0.04324
0.06012
0.04616
0.05511
0.04024
0.03567
0.04095
0.03858
0.04373
0.0652
0.04565
0.0403
0.05058
0.03941
0.0456
0.04467
0.04408
0.04224
0.04335
0.01921
0.07118
0.03592
0.04741
0.04105
0.04485
0.03828
0.04193
0.04123
0.03561
0.04018
0.04414
0.06283
0.04426
0.04273
0.03748
0.0427
0.05879
0.05236
0.03547
0.04507
0.03895
0.03846
0.05031
0.03209
0.03516
0.05418
0.03276
0.04432
0.03495
0.03668
0.03476
0.04424
0.04613
0.03722
0.04854
0.03964
0.03375
0.04167
0.0409
0.03913
0.03884
0.03329
0.03183
0.03206
0.05289
0.04697
0.03968
0.03506
0.01572
0.04718
0.0319
0.04938
0.03645
0.03424
0.02899
0.03462
0.04765
0.03417
0.04022
0.05498
0.03468
0.03619
0.03772
0.0384
0.03993
0.03856
0.02428
0.02796
0.04733
0.04764
0.04144
0.03216
0.04112
0.03229
0.03314
0.02564
0.03805
0.04815
0.02878
0.04146
0.01187
0.04027
0.04379
0.05075
0.03091
0.03111
0.03664
0.03475
0.03334
0.03392
0.03827
0.03665
0.02488
0.0288
0.0313
0.03375
0.03616
0.03598
0.03383
0.04323
0.02938
0.0248
0.03525
0.03513
0.0297
0.03784
0.04068
0.03647
0.02647
0.0337
0.03638
0.03104
0.03304
0.03322
0.03024
0.04304
0.0303
0.03795
0.03311
0.02486
0.0328
0.02504
0.0404
0.03058
0.041
0.0294
0.03522
0.03805
0.02762
0.04074
0.0324
0.02666
0.03781
0.0252
0.04157
0.02639
0.03486
0.02503
0.0373
0.03325
0.03684
0.02465
0.02867
0.03553
0.02694
0.03349
0.02601
0.02821
0.03878
0.03037
0.03037
0.03915
0.02325
0.03659
0.0263
0.03591
0.01395
0.01288
0.03732
0.02712
0.03709
0.04746
0.03122
0.03395
0.02256
0.03213
0.00882
0.03808
0.03532
0.03641
0.03645
0.02328
0.03535
0.02849
0.03095
0.03869
0.01461
0.03289
0.0299
0.03619
0.02754
0.02791
0.03702
0.03425
0.03121
0.03201
0.0364
0.0106
0.04504
0.02891
0.02775
0.03413
0.01178
0.02927
0.03264
0.01966
0.02987
0.02657
0.03885
0.02397
0.02515
0.02911
0.0365
0.027
0.04169
0.00867
0.02838
0.03381
0.02706
0.02871
0.02177
0.02757
0.02792
0.03228
0.02619
0.03976
0.02637
0.0427
0.02379
0.02652
0.02156
0.02227
0.03644
0.02493
0.01179
0.02477
0.03188
0.03051
0.0271
0.03482
0.02335
0.03136
0.0233
0.02036
0.04313
0.02577
0.01013
0.02306
0.02451
0.03153
0.03334
0.0241
0.02492
0.02439
0.04093
0.01278
0.0251
0.03374
0.03359
0.02452
0.02317
0.0174
0.02869
0.02917
0.01927
0.03937
0.01364
0.02543
0.0295
0.02307
0.03048
0.02752
0.02543
0.02892
0.01236
0.03971
0.02569
0.0094
0.03815
0.03061
0.03313
0.02748
0.02771
0.02206
0.02785
0.0207
0.02851
0.01526
0.02601
0.04309
0.01745
0.02832
0.03073
0.01986
0.02263
0.02654
0.01903
0.01543
0.03004
0.03406
0.02875
0.01207
0.03747
0.01826
0.00085
0.00108
0.018
0.00213
0.02314
0.00479
0.00277
0.0004
0.01289
0.00094
0.01719
0.00465
0.00182
0.00228
0.01473
0.00252
0.01103
0.01585
0.00681
0.00737
0.00111
0.01385
0.01215
0.02917
0.00543
0.01843
0.01459
0.02123
0.01643
0.01962
0.0217
0.01264
0.01196
0.00858
0.01511
0.01209
0.01442
0.045
0.01545
0.02271
0.01464
0.0128
0.01398
0.02533
0.02398
0.02698
0.0074
0.02497
0.01979
0.01442
0.02909
0.01035
0.03603
0.04157
0.02941
0.02299
0.00516
0.03086
0.01596
0.02121
0.02319
0.03224
0.02388
0.01655
0.01603
0.02896
0.03877
0.01989
0.01715
0.02605
0.01527
0.02237
0.03863
0.03063
0.0298
0.02524
0.02605
0.03011
0.02895
0.02591
0.02453
0.02507
0.03097
0.01175
0.03779
0.04485
0.0288
0.02475
0.04402
0.02703
0.02357
0.03199
0.04577
0.02392
0.02122
0.02375
0.0219
0.03065
0.02625
0.03106
0.03113
0.03299
0.02703
0.0433
0.04124
0.02769
0.03681
0.04525
0.05626
0.02615
0.03654
0.03239
0.0323
0.03629
0.03374
0.05132
0.03262
0.02256
0.04166
0.03584
0.03413
0.05525
0.03176
0.02882
0.03047
0.04333
0.03188
0.01951
0.05626
0.04901
0.03394
0.03867
0.04122
0.04882
0.0489
0.03935
0.03741
0.0521
0.04613
0.0405
0.05317
0.03964
0.03986
0.05124
0.03811
0.03228
0.06558
0.04288
0.04052
0.01513
0.06193
0.03347
0.03881
0.04149
0.06147
0.03419
0.03622
0.03773
0.07453
0.02155
0.03891
0.03564
0.0496
0.03719
0.04195
0.03828
0.04235
0.03857
0.03804
0.04577
0.04126
0.03339
0.03522
0.04075
0.02917
0.05391
0.02358
0.04217
0.05746
0.03569
0.05291
0.04933
0.03888
0.05851
0.02893
0.05267
0.0333
0.04453
0.06022
0.03476
0.05495
0.04727
0.05124
0.04121
0.04253
0.06145
0.04417
0.02774
0.05401
0.04173
0.04076
0.0455
0.05733
0.02446
0.05503
0.04348
0.07068
0.04165
0.05118
0.05269
0.06719
0.06003
0.03627
0.03093
0.05179
0.04956
0.0562
0.04507
0.05064
0.06146
0.04809
0.05264
0.06417
0.04258
0.05116
0.06421
0.0573
0.06528
0.06203
0.05591
0.05181
0.05896
0.04777
0.05394
0.0336
0.03497
0.04674
0.0585
0.073
0.05047
0.05655
0.05284
0.05914
0.03991
0.05044
0.04505
0.04453
0.04631
0.05352
0.04424
0.07178
0.04362
0.05579
0.0489
0.05921
0.0494
0.06581
0.04604
0.05
0.04721
0.05301
0.07
0.04525
0.04453
0.05348
0.06074
0.0328
0.05055
0.05856
0.05601
0.04449
0.03783
0.0465
0.0424
0.05877
0.08882
0.05456
0.06437
0.08414
0.04003
0.03629
0.05602
0.04412
0.04883
0.06303
0.07034
0.04261
0.02607
0.06963
0.06352
0.05504
0.05244
0.05469
0.04576
0.05742
0.0782
0.03381
0.06392
0.05302
0.07351
0.06869
0.0502
0.05019
0.0556
0.0428
0.0862
0.04657
0.06439
0.04948
0.06866
0.07281
0.06057
0.05617
0.04202
0.0478
0.04965
0.05606
0.07157
0.06761
0.08301
0.04249
0.04453
0.07397
0.04709
0.06421
0.05871
0.05434
0.05987
0.05619
0.06888
0.0654
0.06722
0.06723
0.05395
0.06117
0.04641
0.06491
0.0595
0.04919
0.05831
0.04559
0.04175
0.05672
0.05091
0.05761
0.05273
0.05066
0.06797
0.04382
0.08736
0.05842
0.05128
0.04531
0.07678
0.05385
0.07619
0.04941
0.0586
0.06328
0.06173
0.06054
0.06257
0.04582
0.0728
0.05376
0.05312
0.06777
0.04584
0.0592
0.07314
0.06683
0.04876
0.06309
0.0664
0.05646
0.07218
0.07342
0.06066
0.07807
0.0578
0.04732
0.05509
0.05868
0.06155
0.06134
0.06656
0.06449
0.058
0.06089
0.05761
0.06036
0.07025
0.04871
0.06192
0.07067
0.06423
0.04402
0.05123
0.05333
0.07115
0.06146
0.04781
0.05412
0.07361
0.05414
0.04219
0.05809
0.05388
0.06889
0.06667
0.055
0.05951
0.03993
0.06055
0.07797
0.07864
0.06137
0.06011
0.04476
0.0652
0.04821
0.07351
0.06274
0.07353
0.0455
0.07551
0.06011
0.0674
0.04929
0.06996
0.0665
0.05916
0.05022
0.06163
0.05999
0.06474
0.05617
0.06155
0.0607
0.04487
0.06862
0.06837
0.05333
0.07152
0.05283
0.0459
0.07437
0.05328
0.06961
0.08052
0.05558
0.0489
0.06084
0.05237
0.04375
0.06126
0.06813
0.02339
0.05679
0.05824
0.05679
0.05441
0.04487
0.0548
0.056
0.06588
0.06303
0.05716
0.06288
0.04365
0.04683
0.04956
0.06036
0.03677
0.06105
0.05714
0.06986
0.06323
0.04508
0.07102
0.04986
0.04864
0.05821
0.06538
0.05769
0.05766
0.04694
0.04784
0.06079
0.06966
0.03652
0.04883
0.03513
0.05593
0.04817
0.05641
0.06178
0.04559
0.06095
0.04769
0.06195
0.03793
0.06452
0.05268
0.05774
0.04875
0.05768
0.06456
0.04919
0.06352
0.04009
0.06188
0.0459
0.03097
0.05336
0.04905
0.07127
0.05994
0.0618
0.04448
0.04888
0.05721
0.05143
0.04652
0.04309
0.04105
0.05159
0.06054
0.08999
0.06819
0.05984
0.06637
0.05444
0.06095
0.05684
0.0637
0.06856
0.04695
0.066
0.05044
0.0458
0.05046
0.08222
0.08596
0.05873
0.0779
0.04934
0.05836
0.04683
0.07998
0.07111
0.07608
0.04706
0.06825
0.08674
0.06726
0.06741
0.06087
0.05764
0.0481
0.08066
0.04773
0.05846
0.05063
0.05814
0.05554
0.06214
0.04675
0.07325
0.04048
0.06938
0.07127
0.05599
0.07458
0.06272
0.06009
0.05628
0.04515
0.06376
0.05466
0.04853
0.06116
