0.0467
0.37452
0.3188
0.35012
0.30391
0.28509
0.19109
0.16205
0.17558
0.20528
0.23353
0.23343
0.27002
0.27793
0.30599
0.2969
0.30591
0.30667
0.31665
0.30557
0.30348
0.31118
0.29382
0.27836
0.25851
0.24719
0.2346
0.22642
0.20753
0.20867
0.17696
0.2053
0.19293
0.20308
0.21336
0.24267
0.24597
0.26363
0.26322
0.27529
0.26921
0.28704
0.27464
0.28905
0.27666
0.28378
0.27224
0.28798
0.26915
0.2844
0.26814
0.28203
0.27121
0.28347
0.2682
0.27808
0.27213
0.28469
0.26902
0.27988
0.26916
0.27696
0.27068
0.27394
0.25931
0.27064
0.25349
0.26442
0.25189
0.25304
0.25883
0.2448
0.25739
0.25382
0.25033
0.24186
0.2427
0.23799
0.25271
0.23469
0.23885
0.2381
0.22141
0.24216
0.22877
0.2281
0.22725
0.22002
0.22596
0.2158
0.2156
0.22326
0.2112
0.19826
0.22716
0.19881
0.20611
0.21772
0.20562
0.19756
0.22767
0.19806
0.20708
0.1957
0.19742
0.2014
0.18972
0.21625
0.18937
0.18339
0.1885
0.19862
0.17276
0.2028
0.17477
0.17624
0.18443
0.17987
0.19688
0.17759
0.17843
0.17435
0.16818
0.1715
0.1755
0.17203
0.15884
0.15983
0.16664
0.16625
0.16435
0.16524
0.16326
0.17145
0.13691
0.15801
0.16826
0.15352
0.14684
0.17168
0.15155
0.15612
0.14243
0.15146
0.15022
0.15526
0.14988
0.14341
0.14316
0.15271
0.14947
0.13555
0.11905
0.15558
0.13413
0.12724
0.14227
0.13471
0.14506
0.13317
0.12398
0.13679
0.12805
0.15218
0.11954
0.14216
0.1327
0.14891
0.13358
0.10563
0.13864
0.14584
0.1476
0.10761
0.122
0.13322
0.12276
0.11583
0.14116
0.1461
0.10112
0.13379
0.13749
0.1153
0.13143
0.11296
0.14483
0.09811
0.13161
0.13391
0.11037
0.11857
0.13318
0.12205
0.10254
0.12765
0.10717
0.12383
0.13432
0.10048
0.13096
0.10473
0.11406
0.12703
0.10197
0.09776
0.13177
0.11257
0.10159
0.12522
0.11192
0.10446
0.11749
0.08505
0.11982
0.10578
0.09705
0.13647
0.10861
0.08171
0.1246
0.08033
0.13174
0.10521
0.09031
0.11762
0.07884
0.11826
0.10235
0.07995
0.11935
0.08783
0.10616
0.11555
0.08521
0.11158
0.09245
0.10246
0.08642
0.10311
0.08069
0.1008
0.11347
0.07895
0.10803
0.07039
0.11439
0.1055
0.06252
0.09613
0.11123
0.0805
0.09857
0.07325
0.09078
0.08354
0.10188
0.0742
0.07666
0.09611
0.10599
0.07295
0.06962
0.11673
0.07309
0.07354
0.09168
0.10163
0.06802
0.09991
0.07001
0.08948
0.07413
0.10694
0.07258
0.07217
0.09264
0.06741
0.09428
0.07242
0.09561
0.08502
0.08195
0.07257
0.09051
0.09047
0.07271
0.09068
0.07126
0.0788
0.0813
0.06369
0.09384
0.06911
0.09756
0.07032
0.08538
0.0944
0.05324
0.09959
0.05985
0.07878
0.06085
0.10047
0.06029
0.09102
0.06993
0.07985
0.0664
0.07571
0.06765
0.09426
0.05436
0.08691
0.05522
0.08688
0.06377
0.08559
0.06833
0.0738
0.0879
0.05629
0.06334
0.10125
0.06369
0.06578
0.08614
0.06498
0.05884
0.094
0.06202
0.08951
0.05984
0.05828
0.07074
0.05253
0.08059
0.07164
0.07619
0.06368
0.07674
0.06472
0.09014
0.05585
0.0608
0.07396
0.06198
0.08426
0.05126
0.07341
0.0698
0.05497
0.07681
0.05315
0.06812
0.04781
0.06378
0.08046
0.05232
0.04517
0.08893
0.04985
0.06307
0.07973
0.05438
0.05608
0.07183
0.0588
0.04715
0.07755
0.06263
0.05926
0.0768
0.06169
0.07686
0.05099
0.05174
0.08561
0.0516
0.04887
0.07413
0.05172
0.08326
0.04227
0.06744
0.07046
0.05014
0.0794
0.06765
0.05667
0.07761
0.05209
0.06991
0.07815
0.05294
0.07755
0.05445
0.08198
0.06013
0.0646
0.07135
0.07891
0.05269
0.0648
0.06914
0.05627
0.075
0.0526
0.0701
0.05904
0.04768
0.0791
0.04765
0.07932
0.05682
0.06689
0.05753
0.04522
0.06397
0.07054
0.06615
0.04639
0.07067
0.05472
0.05542
0.06249
0.07257
0.0626
0.0461
0.06205
0.07957
0.0514
0.05335
0.04871
0.08283
0.04782
0.07248
0.04216
0.06282
0.06138
0.05137
0.05477
0.08682
0.05606
0.05318
0.0462
0.05691
0.08392
0.05019
0.05881
0.05276
0.05987
0.05188
0.04776
0.05266
0.04533
0.08053
0.04586
0.04432
0.04588
0.07746
0.06094
0.03639
0.06378
0.04532
0.05097
0.06169
0.04829
0.07004
0.04624
0.03934
0.05041
0.06435
0.03989
0.05096
0.06164
0.03825
0.07013
0.05549
0.04342
0.03497
0.06845
0.04123
0.05993
0.05395
0.0416
0.0366
0.04775
0.05979
0.04317
0.05248
0.04684
0.04134
0.05881
0.04251
0.04366
0.0527
0.0391
0.06445
0.04282
0.03953
0.06526
0.03121
0.05012
0.06777
0.04416
0.03756
0.03416
0.05385
0.04508
0.04087
0.05706
0.04878
0.03563
0.04347
0.03806
0.05355
0.04527
0.05448
0.03812
0.03928
0.04502
0.04183
0.03705
0.04216
0.04002
0.0555
0.0446
0.06634
0.03613
0.03993
0.04126
0.05462
0.03258
0.03406
0.06246
0.05092
0.03484
0.03602
0.02883
0.05306
0.03764
0.03347
0.05271
0.04067
0.04478
0.02422
0.03737
0.05932
0.03717
0.02917
0.04378
0.0348
0.05279
0.02955
0.04962
0.03299
0.03927
0.05596
0.03933
0.02825
0.04193
0.04619
0.02195
0.04115
0.03197
0.03401
0.04423
0.03529
0.03716
0.05484
0.03277
0.03873
0.03749
0.03511
0.0507
0.03725
0.03267
0.0291
0.04593
0.03433
0.03128
0.05208
0.03412
0.03727
0.03472
0.03235
0.041
0.03206
0.02897
0.04831
0.0377
0.03632
0.02903
0.03653
0.02949
0.03928
0.02829
0.03648
0.04655
0.03497
0.03104
0.03656
0.02106
0.03315
0.04376
0.0333
0.04357
0.02842
0.02553
0.02726
0.03065
0.04113
0.03919
0.03252
0.02939
0.03803
0.02818
0.0337
0.03309
0.03119
0.03122
0.03362
0.018
0.05175
0.02516
0.0338
0.02882
0.03008
0.02324
0.02933
0.0298
0.02562
0.03121
0.04346
0.04243
0.03491
0.03169
0.02599
0.0336
0.04007
0.04015
0.02611
0.03434
0.02768
0.02863
0.04287
0.01994
0.02518
0.0429
0.02321
0.03358
0.02539
0.02652
0.02548
0.03076
0.03502
0.02632
0.03766
0.0277
0.02385
0.03195
0.03048
0.02979
0.03008
0.02442
0.02457
0.02441
0.04853
0.02657
0.03216
0.02647
0.00901
0.03786
0.02415
0.04228
0.02708
0.02685
0.01526
0.02508
0.03669
0.02614
0.02998
0.04444
0.02804
0.02624
0.02879
0.02769
0.02945
0.02888
0.01574
0.02054
0.03286
0.0346
0.03076
0.02141
0.02947
0.0222
0.02636
0.01757
0.0346
0.02878
0.02444
0.02844
0.00999
0.02586
0.03362
0.03821
0.02098
0.01911
0.02696
0.0247
0.02604
0.02356
0.03093
0.02886
0.02501
0.01091
0.02065
0.02571
0.02643
0.02444
0.02582
0.03098
0.02262
0.01768
0.02889
0.02661
0.02139
0.03023
0.03267
0.02837
0.01922
0.02655
0.02673
0.02026
0.02775
0.02879
0.02008
0.03544
0.02172
0.02864
0.02457
0.01746
0.02424
0.0164
0.03111
0.02295
0.03347
0.02275
0.0253
0.029
0.02071
0.0313
0.02289
0.01644
0.02925
0.01833
0.02971
0.01742
0.02512
0.01748
0.0266
0.02325
0.02862
0.01656
0.01952
0.02684
0.01955
0.0232
0.01613
0.0195
0.03115
0.02316
0.0223
0.02775
0.01612
0.02743
0.01643
0.02885
0.01144
0.01631
0.0185
0.02019
0.02819
0.03817
0.02253
0.02641
0.01553
0.02381
0.00487
0.03037
0.02522
0.02778
0.02938
0.01492
0.02738
0.02025
0.02144
0.0333
0.01009
0.02651
0.0288
0.02011
0.0182
0.02084
0.02741
0.02783
0.02494
0.02454
0.02695
0.00504
0.03689
0.01824
0.01831
0.02836
0.00654
0.01882
0.02392
0.01204
0.02374
0.01912
0.03229
0.01712
0.01709
0.02167
0.02628
0.01781
0.03047
0.00443
0.01975
0.02462
0.02008
0.02221
0.01607
0.01995
0.02125
0.02475
0.01857
0.034
0.01409
0.03527
0.01741
0.02912
0.00539
0.01335
0.02731
0.01586
0.0071
0.01592
0.02226
0.02372
0.01981
0.02407
0.01699
0.02393
0.01938
0.01248
0.03165
0.01778
0.00552
0.01734
0.01616
0.02473
0.02626
0.01776
0.01911
0.0173
0.02847
0.00824
0.01986
0.02664
0.02704
0.01838
0.01768
0.01108
0.02241
0.02214
0.01806
0.02281
0.00932
0.0195
0.02249
0.01836
0.02224
0.0186
0.01952
0.02235
0.01232
0.02472
0.02034
0.00394
0.02854
0.02222
0.02549
0.02032
0.02098
0.01419
0.02023
0.01468
0.021
0.01068
0.01892
0.03463
0.01085
0.02233
0.02201
0.01424
0.01644
0.02057
0.01445
0.01013
0.02441
0.02665
0.02072
0.01321
0.02507
0.00503
0.00026
0.00011
0.00951
0.00019
0.01132
0.00048
0.00014
3e-05
0.001
5e-05
0.01075
0.00025
8e-05
9e-05
0.00745
0.00014
0.00205
0.00624
0.00065
0.00061
0.00016
0.00423
0.0022
0.00656
0.00053
0.00487
0.00255
0.01204
0.00975
0.0046
0.00679
0.00071
0.00134
0.00245
0.00323
0.00261
0.00147
0.0218
0.00305
0.00466
0.00194
0.00147
0.00195
0.00839
0.00494
0.00614
0.00032
0.0087
0.00694
0.00057
0.0133
0.00053
0.01253
0.01697
0.0076
0.0048
0.00055
0.00666
0.00254
0.00242
0.00705
0.01311
0.00263
0.00432
0.00305
0.01237
0.0122
0.0063
0.00707
0.00877
0.00265
0.0112
0.01978
0.01337
0.01612
0.01438
0.01171
0.00953
0.01012
0.00528
0.00798
0.00746
0.01089
0.00136
0.0153
0.01374
0.01113
0.01002
0.01589
0.00413
0.00337
0.00458
0.01277
0.00877
0.00347
0.01085
0.00138
0.00779
0.00498
0.0092
0.01418
0.01093
0.01166
0.01338
0.02021
0.00939
0.02
0.01395
0.02383
0.00819
0.0141
0.0063
0.01275
0.01859
0.00996
0.02391
0.01397
0.0093
0.01934
0.01407
0.0114
0.02821
0.01153
0.00814
0.00794
0.01823
0.01086
0.00479
0.02184
0.01595
0.01188
0.0172
0.02363
0.0276
0.01095
0.01561
0.01968
0.01848
0.01924
0.01882
0.02153
0.01119
0.01409
0.0154
0.01208
0.02288
0.01745
0.01139
0.02038
0.00251
0.02538
0.01391
0.0134
0.02576
0.02067
0.00654
0.00765
0.01496
0.03519
0.00467
0.01472
0.01728
0.01715
0.01649
0.01623
0.00893
0.01747
0.01035
0.01715
0.02057
0.01041
0.01401
0.00784
0.0122
0.00855
0.02322
0.0061
0.01616
0.02086
0.00923
0.01801
0.01898
0.01591
0.0283
0.00642
0.01747
0.00825
0.01812
0.02732
0.01456
0.02906
0.02099
0.02748
0.0183
0.01724
0.02314
0.01405
0.00691
0.0332
0.01766
0.00912
0.01764
0.01904
0.00701
0.02987
0.01888
0.03013
0.01434
0.02194
0.015
0.02721
0.02006
0.01742
0.01003
0.02248
0.01091
0.02827
0.02015
0.02638
0.03248
0.02121
0.0178
0.02542
0.01449
0.02191
0.02241
0.01952
0.02399
0.02425
0.02076
0.02061
0.03186
0.01859
0.02375
0.01687
0.01568
0.02098
0.02747
0.02859
0.02058
0.02983
0.02275
0.02791
0.01138
0.01815
0.01698
0.01229
0.01702
0.02133
0.01949
0.02776
0.0179
0.0287
0.01696
0.0302
0.01722
0.02817
0.01382
0.01467
0.02077
0.0245
0.03408
0.01742
0.01303
0.01864
0.02407
0.00923
0.02013
0.0306
0.01939
0.01694
0.01427
0.01489
0.03286
0.0235
0.0321
0.02985
0.01917
0.04357
0.01737
0.01414
0.02785
0.02262
0.01458
0.02043
0.03335
0.01907
0.02186
0.01503
0.03434
0.02701
0.02477
0.02048
0.02158
0.03478
0.03817
0.01206
0.02994
0.01652
0.03555
0.03183
0.02193
0.0198
0.0231
0.0165
0.05584
0.01528
0.02737
0.01715
0.02633
0.037
0.01869
0.02217
0.02222
0.0162
0.0193
0.02577
0.03427
0.02606
0.0397
0.01891
0.01461
0.03388
0.01327
0.02791
0.02887
0.02877
0.02075
0.02827
0.03985
0.02462
0.02808
0.03197
0.02814
0.02394
0.01853
0.03517
0.02856
0.01889
0.03424
0.01757
0.01773
0.03002
0.02122
0.02774
0.02933
0.01288
0.03539
0.01784
0.04128
0.02024
0.02021
0.01969
0.0307
0.02926
0.04365
0.02033
0.02295
0.03499
0.02667
0.03249
0.01943
0.01575
0.02924
0.02491
0.02351
0.02475
0.01731
0.02854
0.03701
0.03508
0.02155
0.03007
0.03081
0.02592
0.04106
0.0302
0.02795
0.04144
0.02235
0.01945
0.02644
0.02325
0.02914
0.02425
0.03019
0.02741
0.03345
0.01964
0.03201
0.0206
0.027
0.0189
0.02959
0.03112
0.03036
0.02219
0.02034
0.03665
0.02377
0.03301
0.01717
0.02374
0.0299
0.0155
0.02068
0.02848
0.02678
0.03345
0.02363
0.02225
0.02597
0.01566
0.02851
0.04071
0.03512
0.02264
0.02989
0.01923
0.02629
0.01934
0.03663
0.02192
0.03635
0.0247
0.03663
0.02471
0.03545
0.0201
0.03711
0.03415
0.02523
0.02043
0.02559
0.02395
0.02887
0.02114
0.0262
0.02988
0.01581
0.03277
0.03527
0.02151
0.03404
0.02229
0.01931
0.04828
0.02759
0.03782
0.04463
0.02223
0.0185
0.02934
0.01823
0.02024
0.03341
0.03498
0.00874
0.02876
0.03046
0.02847
0.02644
0.0155
0.03458
0.0243
0.02571
0.02412
0.02707
0.03269
0.01807
0.02054
0.02496
0.02948
0.01406
0.01984
0.02372
0.02885
0.02891
0.01551
0.03239
0.01516
0.02294
0.03045
0.02389
0.02479
0.02546
0.02039
0.02379
0.0339
0.02351
0.01238
0.01886
0.00942
0.0257
0.02317
0.02082
0.02324
0.02072
0.02177
0.02076
0.01971
0.01423
0.02804
0.02728
0.0188
0.0227
0.01731
0.03142
0.02039
0.02159
0.01886
0.02624
0.01508
0.01427
0.01937
0.01755
0.03103
0.0184
0.02078
0.02275
0.01574
0.02673
0.02155
0.01713
0.01655
0.01544
0.02688
0.02935
0.03105
0.02829
0.02069
0.04225
0.02186
0.02727
0.02402
0.02911
0.0352
0.02428
0.02974
0.02143
0.02479
0.0256
0.04278
0.04549
0.02627
0.04092
0.02073
0.02887
0.03025
0.03313
0.03526
0.03673
0.01909
0.0303
0.04937
0.03489
0.03876
0.03035
0.01919
0.01686
0.04487
0.02363
0.02065
0.02196
0.0297
0.02644
0.03525
0.0107
0.0338
0.014
0.03146
0.03526
0.03148
0.03553
0.02559
0.02952
0.03298
0.01826
0.02791
0.01964
0.01871
0.03061
