1.91846
2.00171
1.54961
1.59162
1.35811
1.27176
1.09673
1.00214
1.03543
1.13073
1.1985
1.1816
1.28637
1.22481
1.29047
1.24498
1.27176
1.25405
1.26962
1.22731
1.24015
1.19904
1.19476
1.12309
1.05291
1.01047
1.00217
0.96384
0.94962
0.93202
0.90128
0.91545
0.84192
0.92701
0.94811
1.00411
1.03165
1.04383
1.07115
1.05005
1.08171
1.07048
1.05568
1.07608
1.05626
1.09994
1.04457
1.05481
1.03898
1.05969
1.03733
1.06247
1.0611
1.05526
1.04534
1.032
1.02213
1.05991
1.01924
1.03925
1.02953
1.01154
1.05232
1.01652
0.9816
0.99898
0.96261
0.99121
0.99554
0.97278
0.95276
0.96007
0.95292
1.00261
0.95072
0.9344
0.89989
0.91733
0.92108
0.91905
0.90622
0.92183
0.81899
0.93787
0.86165
0.88831
0.85772
0.85881
0.83707
0.84246
0.82396
0.87878
0.79879
0.77124
0.89013
0.79611
0.75679
0.89699
0.78617
0.78048
0.86125
0.78788
0.79933
0.76501
0.73793
0.83978
0.76696
0.86626
0.77974
0.72627
0.7333
0.78677
0.71397
0.81127
0.67933
0.70717
0.72663
0.70378
0.76212
0.73495
0.73376
0.7205
0.65787
0.66539
0.71815
0.71646
0.6369
0.64629
0.72194
0.66297
0.6998
0.6916
0.67193
0.67545
0.59241
0.66943
0.70445
0.63185
0.62132
0.69289
0.62383
0.59154
0.64374
0.62744
0.63337
0.66703
0.62812
0.58333
0.54711
0.73686
0.64716
0.58552
0.52482
0.60211
0.60513
0.54174
0.60605
0.57167
0.63423
0.64235
0.52238
0.59325
0.56825
0.66705
0.53126
0.60364
0.58026
0.65796
0.52516
0.46991
0.61385
0.59616
0.64897
0.44535
0.51714
0.64929
0.55712
0.47879
0.62915
0.65601
0.38811
0.60406
0.5741
0.4575
0.59293
0.4664
0.66819
0.38954
0.60425
0.58378
0.42996
0.55678
0.58833
0.52165
0.44143
0.59477
0.44856
0.57763
0.60625
0.41058
0.61919
0.42225
0.62792
0.5605
0.41403
0.51834
0.58059
0.46971
0.42631
0.55055
0.4723
0.50032
0.52829
0.36924
0.63879
0.46158
0.41889
0.65967
0.43073
0.39701
0.57027
0.34275
0.6461
0.45523
0.41729
0.53497
0.32605
0.53785
0.47481
0.34901
0.52836
0.36078
0.47936
0.5052
0.33
0.52767
0.44739
0.50333
0.33566
0.50616
0.35788
0.48941
0.49061
0.36955
0.48181
0.34302
0.50778
0.5167
0.31542
0.45757
0.48782
0.35896
0.44457
0.34127
0.49307
0.39618
0.49252
0.32786
0.39637
0.47699
0.45659
0.40711
0.32012
0.55528
0.36186
0.31343
0.46849
0.46986
0.30794
0.48667
0.33129
0.41337
0.39456
0.59568
0.33077
0.34126
0.44308
0.28947
0.46628
0.32716
0.47502
0.35559
0.43737
0.32668
0.40577
0.41174
0.30448
0.442
0.30551
0.32507
0.48392
0.32687
0.43552
0.30814
0.46886
0.30999
0.40087
0.48409
0.23565
0.48394
0.24952
0.3728
0.28824
0.51253
0.25415
0.45261
0.3314
0.37276
0.33967
0.33105
0.32917
0.47622
0.26589
0.438
0.27177
0.40811
0.29888
0.38767
0.33015
0.38375
0.39664
0.251
0.32439
0.476
0.28205
0.29864
0.41017
0.31487
0.26365
0.4418
0.28605
0.41903
0.29137
0.30335
0.35178
0.25821
0.39677
0.33278
0.38445
0.30315
0.31114
0.31855
0.40732
0.25553
0.24756
0.35202
0.32007
0.40188
0.26862
0.29992
0.35499
0.2713
0.32328
0.27551
0.29779
0.27676
0.27757
0.36268
0.23061
0.23451
0.43253
0.27378
0.35065
0.43262
0.26992
0.29175
0.34811
0.27944
0.21511
0.37128
0.31657
0.27476
0.3777
0.30901
0.34846
0.2479
0.22496
0.43179
0.23389
0.23047
0.34933
0.26653
0.40366
0.18675
0.33062
0.36591
0.21215
0.3916
0.29634
0.28364
0.35088
0.20846
0.36633
0.36249
0.23365
0.35601
0.23644
0.47677
0.25504
0.27549
0.31089
0.32332
0.23138
0.32279
0.28907
0.2922
0.32659
0.22827
0.31647
0.26287
0.2175
0.37073
0.21969
0.34589
0.26266
0.30164
0.2578
0.17414
0.31843
0.29257
0.33876
0.21039
0.30266
0.25007
0.23477
0.28416
0.27774
0.30318
0.19443
0.2865
0.37545
0.23275
0.26813
0.21511
0.39367
0.21452
0.32478
0.16204
0.29287
0.29744
0.23425
0.22653
0.41464
0.23522
0.24167
0.19568
0.27425
0.40235
0.2244
0.25911
0.22918
0.24554
0.25082
0.196
0.19999
0.19435
0.39845
0.19615
0.20574
0.20187
0.36282
0.22429
0.21502
0.27975
0.19882
0.2254
0.27006
0.19453
0.28897
0.22981
0.18904
0.19407
0.32066
0.15979
0.19883
0.27972
0.16096
0.29477
0.23676
0.20667
0.15114
0.36922
0.16426
0.25909
0.26534
0.19809
0.15451
0.23444
0.26543
0.18101
0.22858
0.21911
0.17903
0.25426
0.18382
0.17449
0.23208
0.17191
0.2726
0.17265
0.1688
0.26921
0.12241
0.21356
0.29863
0.23051
0.17822
0.14421
0.23081
0.22871
0.1781
0.26981
0.22223
0.1609
0.20198
0.16699
0.2306
0.25483
0.26294
0.17459
0.15957
0.182
0.19333
0.16887
0.21432
0.17553
0.2527
0.20008
0.33703
0.18183
0.20082
0.18543
0.28154
0.14601
0.14959
0.29152
0.28163
0.16448
0.16626
0.10944
0.23354
0.1785
0.14247
0.22739
0.17837
0.18161
0.11064
0.18652
0.27151
0.15732
0.12524
0.20711
0.15124
0.24135
0.12725
0.22885
0.14149
0.16961
0.19675
0.23863
0.11858
0.24483
0.27892
0.12853
0.21413
0.14233
0.15415
0.23069
0.18907
0.16666
0.2129
0.1511
0.17453
0.17244
0.1571
0.19825
0.18616
0.14084
0.11941
0.22082
0.14634
0.14988
0.24903
0.1387
0.17786
0.17126
0.14719
0.19981
0.12952
0.15171
0.1858
0.16921
0.15134
0.1386
0.16078
0.15555
0.18114
0.12582
0.14699
0.21518
0.15405
0.15658
0.16113
0.10376
0.12888
0.19927
0.19577
0.2422
0.12472
0.10145
0.1412
0.12658
0.15872
0.22194
0.14881
0.13552
0.18915
0.13233
0.16496
0.17433
0.15609
0.15006
0.16469
0.04299
0.28182
0.12435
0.16092
0.12143
0.15625
0.10829
0.16452
0.15409
0.12291
0.14117
0.16485
0.21511
0.16288
0.13882
0.11339
0.17469
0.17828
0.21441
0.14872
0.1545
0.14105
0.12581
0.21795
0.08645
0.10926
0.23051
0.09785
0.15103
0.12219
0.12725
0.12573
0.14319
0.17454
0.12805
0.16
0.13691
0.11206
0.14031
0.17421
0.13039
0.14826
0.11696
0.09645
0.10738
0.20147
0.14924
0.15325
0.12428
0.03576
0.18927
0.10739
0.22525
0.12555
0.11132
0.08824
0.13073
0.17202
0.15477
0.14082
0.19915
0.13899
0.13513
0.11384
0.1359
0.14791
0.12394
0.06189
0.10079
0.16663
0.18465
0.17134
0.10811
0.14081
0.13722
0.1192
0.08456
0.16179
0.1621
0.11804
0.14062
0.02744
0.15404
0.16612
0.18518
0.13739
0.07696
0.12331
0.12617
0.12347
0.13961
0.14276
0.14111
0.08276
0.08861
0.1431
0.10599
0.13858
0.12397
0.11534
0.15032
0.0849
0.08362
0.13953
0.14191
0.08757
0.13212
0.15877
0.13103
0.07265
0.12296
0.14139
0.10396
0.12138
0.10058
0.12824
0.17828
0.09704
0.12575
0.11142
0.10863
0.10394
0.08715
0.14468
0.11161
0.18404
0.09463
0.14355
0.14094
0.09958
0.13043
0.10896
0.08183
0.14147
0.07901
0.14173
0.09248
0.13726
0.07341
0.13487
0.1162
0.14278
0.07339
0.09563
0.1124
0.1233
0.11502
0.07701
0.10418
0.18243
0.09163
0.10136
0.15521
0.07909
0.11236
0.09411
0.1308
0.06689
0.03057
0.1469
0.09986
0.14476
0.20299
0.12008
0.12848
0.10847
0.11823
0.01709
0.13854
0.13146
0.15612
0.11798
0.08645
0.13097
0.11201
0.10695
0.16039
0.03084
0.14876
0.11856
0.09695
0.10464
0.09863
0.15038
0.12013
0.13956
0.11126
0.14785
0.02008
0.2007
0.09573
0.0906
0.1399
0.02786
0.13075
0.12137
0.05746
0.12347
0.09133
0.14805
0.09498
0.10351
0.11453
0.14581
0.09444
0.14176
0.01717
0.12188
0.12348
0.10075
0.10077
0.08287
0.10677
0.10312
0.12824
0.07721
0.1545
0.07189
0.16013
0.12458
0.10935
0.06352
0.0907
0.18219
0.08637
0.06705
0.08356
0.11747
0.10958
0.08579
0.12854
0.10165
0.11065
0.11479
0.05206
0.20226
0.07858
0.01823
0.10458
0.09082
0.12689
0.11231
0.09036
0.07694
0.08597
0.14604
0.02488
0.09664
0.13111
0.1322
0.10396
0.0758
0.05858
0.10922
0.11274
0.05713
0.12626
0.04438
0.09268
0.1176
0.09834
0.10183
0.1093
0.10102
0.11376
0.04651
0.13065
0.09273
0.01699
0.15279
0.10448
0.16442
0.09459
0.10331
0.0789
0.0947
0.06781
0.09866
0.05315
0.0836
0.20441
0.0674
0.10636
0.12657
0.05549
0.0803
0.11338
0.05539
0.05702
0.12914
0.10975
0.11258
0.04828
0.14751
0.04958
0.00333
0.00358
0.09967
0.00308
0.15963
0.06433
0.00405
0.00074
0.07124
0.00196
0.08879
0.00856
0.0411
0.00327
0.07418
0.00434
0.03201
0.06453
0.05652
0.02998
0.00224
0.06635
0.06462
0.15457
0.01153
0.11639
0.04383
0.17852
0.09543
0.154
0.09635
0.03905
0.07755
0.14181
0.07727
0.05493
0.04485
0.26806
0.04484
0.10292
0.16437
0.07457
0.09317
0.13891
0.09608
0.11594
0.02427
0.13281
0.13268
0.02937
0.22352
0.01922
0.16972
0.26961
0.1187
0.10736
0.01103
0.1229
0.06205
0.11792
0.10703
0.19398
0.12207
0.06072
0.05509
0.13205
0.15772
0.08576
0.12531
0.14213
0.04349
0.13234
0.20379
0.21389
0.38442
0.15584
0.11232
0.15873
0.14829
0.13518
0.13405
0.1688
0.18662
0.03417
0.19524
0.25764
0.17509
0.10081
0.19493
0.12711
0.12187
0.13676
0.19596
0.14053
0.1135
0.13021
0.07258
0.17799
0.12863
0.13612
0.19083
0.16246
0.11962
0.22855
0.22849
0.16317
0.18402
0.24491
0.29366
0.1154
0.19485
0.13417
0.1677
0.34845
0.14945
0.30541
0.14142
0.07979
0.20976
0.17165
0.17474
0.32676
0.12049
0.12277
0.19001
0.21421
0.13924
0.07187
0.30764
0.21118
0.19014
0.18742
0.25025
0.26594
0.23551
0.17833
0.18517
0.24377
0.20913
0.19704
0.34577
0.21917
0.21176
0.28343
0.14857
0.17968
0.31281
0.19442
0.22098
0.03201
0.30261
0.15936
0.20687
0.25801
0.31572
0.11168
0.14341
0.17922
0.38727
0.06013
0.22781
0.13609
0.26196
0.14354
0.20667
0.18684
0.15457
0.13889
0.16113
0.22961
0.1899
0.15734
0.19904
0.1458
0.10191
0.25356
0.12639
0.2855
0.31062
0.15593
0.25905
0.21439
0.18782
0.31022
0.09317
0.24926
0.11047
0.18279
0.32708
0.16038
0.31129
0.22575
0.24803
0.21933
0.22933
0.30103
0.20207
0.09398
0.2582
0.21824
0.19155
0.21554
0.26042
0.1632
0.26391
0.16306
0.35646
0.16628
0.23436
0.22423
0.34341
0.24541
0.19425
0.13129
0.23115
0.23526
0.33365
0.2564
0.29424
0.26279
0.25638
0.23773
0.34471
0.17349
0.2299
0.33276
0.27804
0.27991
0.28152
0.25423
0.22124
0.27723
0.20489
0.19073
0.1416
0.11791
0.18584
0.34206
0.31091
0.1871
0.28192
0.2247
0.28342
0.14365
0.20531
0.20905
0.17725
0.28231
0.22592
0.17246
0.27438
0.22332
0.23782
0.26578
0.27589
0.19706
0.36863
0.20779
0.21887
0.18114
0.23125
0.30128
0.17223
0.2167
0.20011
0.2634
0.14043
0.25474
0.27106
0.28591
0.20505
0.17986
0.29722
0.19672
0.23774
0.39529
0.1965
0.27744
0.37421
0.13068
0.16985
0.28783
0.21004
0.20537
0.25438
0.35722
0.25283
0.08381
0.33945
0.3316
0.27961
0.25464
0.23401
0.17139
0.29551
0.35877
0.1183
0.32148
0.18813
0.36772
0.28472
0.2313
0.19968
0.30654
0.13857
0.40892
0.17305
0.38601
0.19388
0.28368
0.32356
0.25721
0.20215
0.19515
0.17934
0.21899
0.22041
0.34405
0.30783
0.35963
0.15981
0.22776
0.34132
0.19735
0.30487
0.26068
0.20403
0.2679
0.2639
0.31961
0.27939
0.2417
0.3215
0.28779
0.24306
0.15637
0.29
0.25732
0.17733
0.26573
0.20695
0.21754
0.25935
0.20806
0.27463
0.21242
0.18821
0.34088
0.17702
0.38561
0.2504
0.21075
0.17397
0.35705
0.26646
0.33011
0.22429
0.23261
0.27118
0.30238
0.24235
0.29804
0.19623
0.32073
0.2309
0.20372
0.25378
0.18091
0.24545
0.34892
0.26271
0.1869
0.29566
0.27141
0.21781
0.32403
0.33118
0.25352
0.36122
0.20671
0.19969
0.24424
0.22736
0.22741
0.27951
0.3209
0.22911
0.23519
0.22573
0.26491
0.27689
0.30054
0.16097
0.2444
0.28575
0.31541
0.17604
0.22102
0.25367
0.32128
0.30196
0.19498
0.23323
0.36211
0.20743
0.14234
0.26556
0.23008
0.30344
0.24666
0.2295
0.2123
0.13639
0.23724
0.33835
0.31792
0.28722
0.20546
0.19488
0.26442
0.25877
0.29471
0.24836
0.31296
0.16684
0.41831
0.22911
0.29714
0.16733
0.34541
0.32952
0.21402
0.19234
0.26269
0.26389
0.3671
0.226
0.23679
0.25953
0.15081
0.32477
0.31361
0.18365
0.37294
0.25541
0.18082
0.41614
0.1864
0.42779
0.34975
0.22816
0.2084
0.27911
0.22916
0.16615
0.26804
0.32256
0.05871
0.28011
0.25475
0.28275
0.22551
0.17513
0.27696
0.32051
0.24985
0.24726
0.2651
0.29874
0.17806
0.17009
0.17779
0.26545
0.1423
0.36204
0.21394
0.27252
0.26609
0.1983
0.30646
0.2115
0.20649
0.2535
0.26614
0.23523
0.2773
0.19393
0.19921
0.23025
0.28239
0.13351
0.19521
0.12716
0.22646
0.23299
0.19489
0.22886
0.19799
0.25692
0.18346
0.27151
0.11505
0.38437
0.24531
0.206
0.20303
0.23036
0.33627
0.18298
0.27016
0.14822
0.26627
0.13802
0.15095
0.25288
0.17862
0.30167
0.20893
0.34467
0.20236
0.15165
0.22945
0.24157
0.19698
0.16047
0.19783
0.25143
0.22874
0.41965
0.3915
0.25167
0.37395
0.17351
0.31886
0.19938
0.31819
0.28376
0.15207
0.23774
0.31962
0.24736
0.17239
0.39816
0.34761
0.19555
0.39723
0.17
0.23042
0.22816
0.37464
0.39306
0.34612
0.14606
0.32937
0.4031
0.22536
0.27763
0.33557
0.28746
0.19665
0.36849
0.18041
0.22946
0.16996
0.26549
0.22273
0.24895
0.14317
0.34874
0.1312
0.33483
0.28619
0.23392
0.29289
0.25759
0.24787
0.3626
0.13227
0.27601
0.23576
0.19195
0.24207
