9.38499
2.25733
1.86975
1.4715
1.58056
1.64226
2.26476
2.52032
2.43038
2.26483
2.04231
2.00422
1.74581
1.67659
1.52427
1.5742
1.48607
1.4918
1.44859
1.48484
1.49489
1.4747
1.5624
1.63433
1.80684
1.872
2.022
2.0853
2.18727
2.26354
2.5194
2.32561
2.39606
2.36031
2.32176
2.06365
2.04847
1.94072
1.90137
1.8023
1.83286
1.75715
1.79337
1.70776
1.73943
1.73321
1.79793
1.70814
1.77328
1.69914
1.78703
1.75879
1.74857
1.71836
1.76562
1.72521
1.76511
1.70955
1.77446
1.72932
1.77678
1.76688
1.79123
1.75399
1.81778
1.79555
1.87577
1.84316
1.88071
1.90095
1.86741
1.94068
1.87342
1.90999
1.91138
1.99466
1.96387
2.01554
1.96016
2.01705
1.98552
2.04712
2.03769
2.08016
2.07159
2.11967
2.07111
2.16641
2.13135
2.21284
2.19561
2.24835
2.20411
2.27484
2.24353
2.28975
2.30174
2.31272
2.2875
2.3468
2.30038
2.35471
2.34228
2.38949
2.36057
2.41357
2.46139
2.37386
2.43241
2.43607
2.46368
2.46893
2.52819
2.46038
2.54495
2.58668
2.55642
2.67503
2.55478
2.6351
2.6266
2.58234
2.65482
2.64549
2.68211
2.76829
2.72934
2.79187
2.8214
2.75154
2.81212
2.76787
2.84492
2.78679
2.91421
2.80595
2.82426
2.88742
2.90178
2.84727
2.90341
2.85228
2.93826
2.93869
2.98885
3.00904
3.04496
3.03519
2.99884
2.93906
3.03612
3.07521
3.13019
3.01356
3.11975
3.1174
3.11708
3.12019
3.14826
3.22655
3.17014
3.03475
3.21203
3.15585
3.193
3.12007
3.18512
3.21556
3.18916
3.18545
3.23436
3.17282
3.1832
3.29036
3.23273
3.3664
3.27729
3.21403
3.24943
3.25381
3.33687
3.2151
3.37757
3.40773
3.24396
3.35732
3.39168
3.42344
3.2597
3.36509
3.39434
3.32494
3.38982
3.43491
3.41317
3.409
3.37484
3.4038
3.44432
3.43292
3.36639
3.47432
3.44717
3.49863
3.49465
3.52658
3.49036
3.53901
3.46999
3.55157
3.58031
3.42749
3.62899
3.53668
3.56916
3.58062
3.52105
3.5136
3.58919
3.60367
3.55745
3.68682
3.45902
3.59105
3.6346
3.62386
3.72268
3.56954
3.74971
3.67994
3.74402
3.82198
3.59137
3.6647
3.7307
3.7228
3.80934
3.6942
3.76814
3.73739
3.8669
3.81214
3.76724
3.81476
3.7092
3.95638
3.77342
3.8168
3.83465
3.84227
3.8749
3.84247
3.93785
3.89324
4.01117
3.7719
4.01981
3.79698
4.04562
3.84857
3.88166
3.97312
4.0475
3.88746
3.88483
4.08093
3.86741
4.00636
3.93557
4.00914
3.96022
3.98657
4.09978
4.00709
3.91889
4.05184
4.10573
4.13818
3.9896
4.03204
4.05614
4.05546
4.01901
4.12277
4.06877
4.12765
4.05568
4.21801
4.04198
4.17452
4.14455
4.1253
4.1431
4.16437
4.18012
4.05908
4.27849
3.95494
4.26516
4.20204
4.29188
4.16964
4.30127
4.16744
4.22973
4.29432
4.24734
4.23721
4.20827
4.27638
4.4599
4.08851
4.32212
4.31889
4.24434
4.28744
4.24305
4.30413
4.24941
4.23544
4.3112
4.36681
4.31654
4.29888
4.27612
4.43857
4.2393
4.37464
4.39901
4.33836
4.24928
4.35579
4.33439
4.46608
4.41906
4.48413
4.44279
4.27706
4.49483
4.3683
4.51085
4.39114
4.4288
4.48519
4.54366
4.45295
4.5111
4.47852
4.50177
4.47546
4.52193
4.51702
4.53836
4.61579
4.62597
4.68386
4.5699
4.69236
4.59964
4.6953
4.51524
4.63577
4.50094
4.69978
4.45642
4.56462
4.63584
4.57293
4.69028
4.56971
4.59604
4.57876
4.48332
4.62264
4.61515
4.67537
4.69852
4.52361
4.63691
4.74307
4.55562
4.65952
4.68082
4.70061
4.68203
4.47252
4.66172
4.53017
4.68193
4.50397
4.59183
4.67643
4.47431
4.59853
4.59625
4.52081
4.66105
4.5123
4.44587
4.71197
4.44037
4.61995
4.60702
4.57408
4.69239
4.65182
4.55911
4.6755
4.72727
4.57633
4.74736
4.59856
4.74967
4.6262
4.5718
4.77486
4.54879
4.87885
4.72011
4.74078
4.64204
4.78067
4.70352
4.63321
4.8373
4.6932
4.70714
4.67347
4.7591
4.70825
4.74501
4.81352
4.71183
4.76842
4.67338
4.76689
4.7244
4.86048
4.84107
4.68254
4.88475
4.8259
4.60945
4.99291
4.7317
4.91276
4.77633
4.84493
4.77684
4.9859
4.79861
4.89885
4.79947
4.89525
5.09366
5.02659
4.67114
4.89219
5.0093
5.02874
4.8779
4.97266
4.92369
5.00178
4.91117
5.17036
4.81651
4.99905
5.04848
4.9901
5.02796
5.11866
4.99991
5.10427
5.22179
4.93981
5.1886
5.00431
4.945
5.11547
5.26575
5.22873
4.98502
5.12117
5.18237
5.08738
5.24516
5.10605
5.13498
5.15893
5.23262
5.07955
5.22246
5.1703
5.14902
5.19782
5.22274
5.2318
5.16098
5.25249
5.26616
5.20047
5.30836
5.29532
5.12344
5.23112
5.26506
5.37521
5.28814
5.35035
5.16753
5.45415
5.19308
5.31835
5.23584
5.3405
5.37119
5.33981
5.24881
5.36378
5.31888
5.44885
5.40708
5.40833
5.45961
5.39939
5.32658
5.38236
5.01282
5.44751
5.43763
5.53915
5.27214
5.54076
5.56042
5.43682
5.33339
5.42507
5.46585
5.65236
5.50097
5.47052
5.52897
5.5539
5.47683
5.40588
5.68859
5.59968
5.46759
5.61749
5.65251
5.52939
5.75516
5.54251
5.71129
5.58906
5.7005
5.64725
5.66607
5.78948
5.55719
5.5797
5.54229
5.71224
5.64154
5.84421
5.68281
5.47768
5.59394
5.69962
5.66935
5.55979
5.71721
5.67916
5.83496
5.70673
5.71787
5.79009
5.89287
5.6365
5.93269
5.87509
5.74043
5.74958
5.7012
5.80297
5.79724
5.85638
5.93519
5.89159
5.81931
5.70441
5.8526
5.91461
5.80663
5.9701
5.84777
5.97232
6.00316
5.81486
5.81664
5.97346
6.02647
6.04033
6.1194
5.90011
5.9116
5.89994
5.92342
6.05932
6.0168
5.96263
6.00926
6.0583
6.04061
6.12529
5.90212
5.92182
5.92913
6.14742
5.99773
6.22543
6.09717
6.12443
5.89236
5.95642
6.14731
5.99924
6.07364
6.16349
6.09835
6.06604
6.16711
6.10274
6.0695
6.11252
6.05401
6.03494
6.12354
6.08594
6.24267
6.05342
6.34013
5.96971
6.11215
6.24126
6.1716
6.10926
6.29106
6.15461
6.32787
6.29636
6.3394
6.25808
6.38786
6.18207
6.17332
6.30879
6.10945
6.27279
6.40245
6.22476
6.34426
6.40174
6.47349
6.46507
6.31258
6.3788
6.1993
6.24531
6.39491
6.49015
6.39076
6.24136
6.49944
6.16368
6.40032
6.46319
6.66777
6.39325
6.19866
6.41881
6.49105
6.22823
6.73063
6.31157
6.51164
6.38826
6.37593
6.28664
6.69859
6.57183
6.25097
6.52182
6.57042
6.38441
6.35826
6.60034
6.7798
6.62322
6.24346
6.49781
6.59415
6.57388
6.53528
6.51651
6.37512
6.46529
6.54183
6.61167
6.44668
6.69262
6.58981
6.77649
6.66198
6.52852
6.54705
6.6272
6.72389
6.54087
6.64255
6.54202
6.67238
6.79638
6.98621
6.65272
6.56214
6.70106
6.82517
6.59801
6.57158
6.63529
6.88021
6.70759
6.6941
6.77394
6.76256
6.81934
6.63203
6.65776
6.75312
6.6527
6.78369
6.74722
6.80961
6.82295
6.69783
6.73665
6.79297
6.80349
6.75257
6.66239
6.88639
6.69593
6.73435
6.91795
6.74046
6.97703
6.5507
7.02755
6.84126
6.96043
6.70357
6.84205
6.73256
7.1763
6.78761
6.90848
7.02406
6.75408
7.12604
6.93133
7.09903
6.85936
6.927
6.78844
6.93753
6.74277
6.87531
6.87384
7.16246
7.10135
6.87751
7.0601
6.81016
6.79374
7.08582
6.9074
7.06448
7.07147
7.12475
6.84337
6.79408
6.87565
6.93819
7.1361
6.94896
7.00995
6.90601
7.11004
7.34386
6.87863
7.06091
7.12217
7.11353
7.08083
6.84997
7.11143
7.08614
7.05513
7.07853
7.26272
6.63985
7.18008
6.95356
7.31844
6.9979
7.19207
7.12139
7.25411
7.08999
7.09356
6.89836
7.09883
7.13987
7.29151
7.11967
7.17995
7.22913
7.24265
7.14428
7.22978
7.28902
7.11674
7.26395
7.11576
7.20382
7.12729
7.29649
6.92314
7.4328
7.10113
7.38756
7.04957
7.29589
7.3044
7.15691
7.51818
8.44782
7.4311
7.40492
7.50205
7.2374
6.95299
7.36735
7.452
7.4779
7.26671
7.12726
7.23021
7.7968
7.29301
7.38069
7.244
7.35213
7.31913
7.55152
7.33736
7.41628
7.5656
7.31961
7.06298
7.42565
7.61651
7.51006
7.39435
7.26769
7.30959
7.5588
7.3637
7.40199
7.53128
7.37768
7.67532
7.3297
7.40037
7.5809
7.48971
7.31609
7.47922
7.36913
7.44932
7.03824
7.29993
7.55702
7.46775
7.3611
7.49522
7.56515
7.53034
7.46468
7.68027
7.45339
7.10009
7.7618
7.41917
7.51273
7.47345
7.42819
7.74905
7.66998
7.68906
7.5108
7.6484
7.59661
7.71322
7.11844
7.8501
10.94328
18.25722
20.51762
12.21936
19.78538
16.24479
15.55333
16.68056
18.07574
15.88524
29.68079
16.5302
18.21922
17.94385
25.49076
15.12075
30.21331
24.04987
17.24507
19.49981
20.72634
19.33215
25.18807
22.97404
25.78824
24.6923
23.05046
21.1278
20.48123
21.77216
24.29257
22.81915
23.27718
23.34803
23.35677
20.6873
24.96797
21.24989
20.45247
17.96802
21.51169
21.1609
26.73958
20.93419
24.9749
22.6979
23.36698
20.93417
19.93841
20.56211
22.79708
17.50842
23.40557
19.70439
19.02945
19.35739
15.94615
20.72558
20.46212
18.15188
23.41922
22.3655
18.76516
17.64558
21.09926
23.13831
22.40568
17.61536
20.23617
23.4257
19.03674
22.56429
17.98968
14.8799
17.76823
20.80902
19.56591
19.22713
17.82007
23.38224
21.68977
19.1804
22.50818
18.00929
18.5332
18.63024
19.71012
16.48537
17.97333
20.18512
19.04753
20.21146
18.80967
18.04351
17.01469
19.12052
17.79468
20.86144
18.21404
18.5089
18.0089
16.03997
19.15023
20.50162
20.09265
19.75254
16.0431
19.1631
16.29032
12.84131
15.99575
18.50605
19.91335
13.73585
17.71104
17.59849
17.41888
14.55517
13.2629
19.46485
15.13261
13.59638
14.76129
13.89174
13.97689
16.7848
17.70693
14.70259
15.91654
15.79964
13.43789
15.88264
15.39499
17.19556
13.41548
15.02003
15.88007
17.29836
15.63412
15.92136
13.67614
12.15565
14.63272
16.35232
16.14639
15.56321
15.03452
15.48448
12.23386
13.30768
16.8555
15.03424
14.76605
14.34369
15.0539
13.31516
14.85364
15.20523
15.35226
10.88799
15.59491
18.07958
14.52191
14.27829
14.38202
16.414
13.10891
15.01626
13.93197
16.05618
13.1835
11.63394
12.97399
14.42887
13.56476
14.49742
13.2185
13.3642
13.20195
13.31695
13.57959
12.98916
13.6652
15.71859
13.46431
15.81189
14.9589
13.14617
12.134
13.71586
12.31272
11.46505
14.03771
13.08396
14.69206
14.1394
13.46626
14.47335
12.91144
10.58645
13.84615
10.69737
12.55448
11.94964
14.16511
15.98461
12.04296
12.66204
9.80338
12.88033
14.5204
11.4839
11.21195
13.10561
10.50535
10.53628
10.19546
10.85289
10.07928
10.32862
9.38168
10.71466
11.24879
10.53373
11.41348
13.24597
12.12802
10.80929
12.54399
10.46212
11.37218
10.55732
12.54147
12.35324
12.40253
12.31224
12.97421
11.44557
11.52661
11.8323
11.40756
10.00184
11.3277
11.72164
13.48884
13.04834
12.98868
10.93696
11.91482
12.1341
10.65899
9.53143
10.50881
10.47488
10.67469
9.71953
10.70543
9.69375
11.26056
11.21319
12.28112
12.32662
9.73656
9.44594
13.4417
11.27138
11.75915
11.01637
10.8319
10.80752
9.93203
9.8197
10.73491
8.63686
11.80936
12.54451
9.58947
11.19198
9.31342
10.06103
11.29282
10.4387
10.63293
10.82099
10.78816
9.80337
10.19981
9.10666
11.31048
9.4327
9.53443
8.36926
10.20415
9.7148
9.91259
10.45754
9.12461
9.99947
9.84306
10.12832
8.73312
10.39574
11.16528
9.22309
8.51149
10.0383
9.82537
9.43075
9.74787
10.77226
10.09982
10.48868
10.17521
10.02082
12.23445
10.20749
9.56603
10.70667
9.67152
8.87488
8.96257
9.10902
10.40902
8.69627
8.86265
9.12513
10.12989
10.3061
8.94874
9.08995
9.54722
9.39853
8.67517
8.75828
9.7956
9.17644
10.39075
9.04049
9.00771
8.44598
8.9062
9.27425
9.44607
8.83809
9.10774
8.48068
9.0423
9.11365
8.65513
10.78168
9.31816
8.80468
8.82806
9.69339
9.0833
9.09976
9.90725
9.04608
9.37764
7.7321
8.61206
9.08175
8.18858
9.29349
8.38796
8.59583
12.60102
9.6145
8.82682
8.9113
8.74035
8.43805
8.53082
8.47979
10.41103
8.89349
8.2549
8.01894
9.12409
9.81516
8.78048
10.85824
8.82692
9.07773
9.22461
8.40633
9.66689
9.36198
9.91125
8.74934
8.48221
8.76566
9.43796
9.75015
8.75343
8.80423
8.95601
9.84277
9.1654
7.75908
8.26958
7.64287
8.91329
9.30777
9.189
10.10574
8.09673
8.88302
8.49551
8.37916
8.74184
8.44011
9.34375
9.94201
9.12214
8.7556
7.72164
8.26172
7.92424
9.48032
7.49443
8.29274
7.49495
8.0721
7.85129
8.19013
7.31782
9.20756
8.26654
9.17845
8.14306
8.63729
8.49094
8.72145
8.48637
8.43004
7.96498
8.54935
8.86014
7.96612
8.45034
8.95105
8.02261
7.59226
7.7146
7.06195
8.00955
7.77432
7.73294
8.13218
8.03973
8.23857
8.5487
8.39592
7.2764
8.09648
7.37461
7.5034
8.32951
7.81748
7.96916
7.8206
7.39505
8.11292
7.71033
8.97924
7.65789
8.16492
8.07783
7.24769
9.64262
9.68153
7.96939
7.2778
8.47523
8.84579
8.61439
8.05845
7.80782
8.50354
7.50038
8.20984
8.51552
9.53088
8.42179
8.2716
7.58721
8.58034
8.79721
8.70746
8.84599
9.18629
9.51858
9.38481
7.97641
8.83009
10.98527
10.5165
8.82797
8.74029
9.5378
8.28757
7.61017
7.85356
8.76621
8.09274
8.11006
7.94455
8.82765
8.52521
7.82851
8.83387
8.83865
8.58475
8.25524
8.15386
8.59819
8.21893
8.0811
8.01175
8.0806
8.56419
8.05659
7.78402
8.88973
8.32753
8.09004
8.09907
8.27337
8.20733
7.40891
8.32837
8.4278
8.11285
8.04743
7.90447
7.77877
7.18827
7.8076
7.09344
7.10044
7.65241
8.09639
7.43279
7.24436
7.48471
6.99451
7.63677
7.67739
7.85245
8.2052
7.48436
6.84468
7.94467
7.58631
7.13466
7.44528
7.48098
7.79035
7.68883
7.76843
7.33479
8.20448
8.15037
7.85341
7.357
7.94527
8.23306
8.91729
7.0323
8.11276
7.5634
7.89052
8.5291
9.49956
8.90851
7.56398
7.28884
8.64756
7.64872
8.8666
8.94305
