0.72646
0.5482
0.59038
0.51642
0.58333
0.60933
0.66582
0.69495
0.67103
0.65977
0.6292
0.63043
0.59677
0.60471
0.58016
0.59562
0.58496
0.59031
0.57923
0.60206
0.59341
0.59596
0.60878
0.6191
0.64878
0.65704
0.67367
0.6716
0.69015
0.68816
0.70701
0.69169
0.71433
0.69084
0.69189
0.67112
0.66922
0.65328
0.65685
0.65111
0.64897
0.64446
0.65283
0.64051
0.6503
0.63773
0.65661
0.6481
0.65604
0.64188
0.6539
0.64198
0.65442
0.64512
0.65304
0.6485
0.65875
0.64267
0.66053
0.65099
0.65887
0.65727
0.65587
0.65771
0.6688
0.6583
0.67489
0.65931
0.67048
0.67366
0.67661
0.67691
0.67214
0.67716
0.67532
0.68833
0.68715
0.6913
0.68545
0.69258
0.69261
0.69398
0.71091
0.6995
0.70582
0.70373
0.70811
0.71204
0.71017
0.71708
0.71583
0.71622
0.71994
0.74016
0.70808
0.73748
0.7367
0.72065
0.72323
0.7415
0.72209
0.73953
0.73134
0.74778
0.74658
0.74554
0.75039
0.73126
0.75273
0.75657
0.74824
0.74814
0.77006
0.74045
0.76974
0.76685
0.76728
0.77284
0.74955
0.77801
0.77312
0.76488
0.77736
0.78315
0.78143
0.77647
0.79255
0.78993
0.78745
0.7826
0.79166
0.78905
0.78651
0.78349
0.8182
0.79159
0.77631
0.80674
0.80413
0.77989
0.80803
0.80066
0.81167
0.79963
0.80431
0.80154
0.79739
0.8229
0.81109
0.79239
0.80565
0.81617
0.84116
0.80033
0.81581
0.8159
0.81455
0.81388
0.81249
0.81632
0.83173
0.82138
0.83037
0.80618
0.83985
0.819
0.82072
0.80887
0.82683
0.85007
0.81668
0.81525
0.81037
0.85591
0.83097
0.82803
0.83628
0.83562
0.81588
0.81748
0.86029
0.82149
0.8207
0.85601
0.8139
0.84529
0.81422
0.86996
0.82091
0.82397
0.85894
0.84298
0.83024
0.83107
0.86089
0.8314
0.86019
0.82458
0.82678
0.86509
0.82797
0.8618
0.84392
0.83586
0.85783
0.85818
0.83026
0.85393
0.86525
0.8372
0.85196
0.85295
0.84652
0.88315
0.82717
0.85246
0.87135
0.81787
0.86244
0.87696
0.84123
0.88663
0.8301
0.85099
0.87261
0.84031
0.88813
0.84858
0.85434
0.88643
0.84499
0.88446
0.85932
0.85105
0.89131
0.85057
0.87767
0.85931
0.88304
0.85678
0.88688
0.86164
0.85531
0.88181
0.85575
0.89943
0.85848
0.85469
0.90172
0.86564
0.87448
0.8808
0.85872
0.89744
0.87244
0.87805
0.86143
0.88576
0.89458
0.86812
0.86405
0.89252
0.90328
0.85097
0.89589
0.90191
0.86697
0.8696
0.89587
0.86556
0.89969
0.86727
0.90044
0.85813
0.8921
0.89867
0.87458
0.91131
0.86741
0.90389
0.86694
0.89042
0.88071
0.90871
0.87452
0.87424
0.90536
0.87485
0.89666
0.89728
0.87942
0.9028
0.87248
0.90967
0.87578
0.89811
0.88879
0.87457
0.92002
0.86891
0.91196
0.88785
0.91275
0.86457
0.91704
0.87754
0.91043
0.88298
0.90456
0.89821
0.90697
0.87823
0.91661
0.87765
0.9142
0.88839
0.91237
0.88426
0.90815
0.88509
0.88055
0.9179
0.9013
0.87708
0.91965
0.91038
0.88002
0.91415
0.92029
0.87613
0.91703
0.88205
0.91428
0.91917
0.89557
0.91865
0.90211
0.89927
0.89278
0.91293
0.90014
0.91066
0.87914
0.92537
0.91972
0.89135
0.91261
0.89067
0.92111
0.90119
0.90722
0.91955
0.90005
0.91483
0.90188
0.92461
0.9179
0.90487
0.92523
0.92691
0.88756
0.9242
0.9112
0.8911
0.91841
0.91707
0.90727
0.91056
0.93522
0.90099
0.91605
0.92005
0.89761
0.91864
0.89515
0.9278
0.93184
0.88224
0.92837
0.92769
0.89208
0.92481
0.89702
0.9312
0.91384
0.89661
0.93009
0.88736
0.90903
0.91612
0.89517
0.92863
0.91281
0.8969
0.92501
0.89699
0.9314
0.8837
0.92439
0.91645
0.90341
0.89806
0.92695
0.92111
0.90373
0.92316
0.89816
0.92767
0.90387
0.91299
0.92962
0.89376
0.93309
0.90093
0.92493
0.90928
0.91936
0.93793
0.90534
0.90852
0.91885
0.93461
0.90429
0.92201
0.92934
0.91113
0.90975
0.9146
0.93647
0.92455
0.89684
0.93062
0.92167
0.93547
0.89382
0.93198
0.90017
0.94215
0.92332
0.90754
0.93419
0.93585
0.89091
0.92281
0.92297
0.93878
0.9234
0.90155
0.92409
0.91968
0.93163
0.92053
0.92667
0.93535
0.93658
0.93882
0.89285
0.94118
0.93709
0.9401
0.90577
0.9252
0.94495
0.9186
0.93003
0.93265
0.92183
0.93955
0.91908
0.93311
0.94201
0.93891
0.91017
0.9461
0.93897
0.91421
0.94934
0.92016
0.92647
0.94053
0.94734
0.91125
0.94055
0.92021
0.93406
0.93839
0.94878
0.93491
0.91879
0.94463
0.92461
0.93939
0.94393
0.9228
0.93969
0.94425
0.92772
0.94367
0.91902
0.9436
0.94296
0.91943
0.95263
0.93969
0.91688
0.93998
0.94584
0.95033
0.93272
0.93442
0.94301
0.93151
0.93423
0.94714
0.94552
0.94713
0.92941
0.94227
0.92208
0.94759
0.95105
0.9436
0.94448
0.94765
0.94806
0.94918
0.9244
0.94417
0.92161
0.94539
0.94437
0.94489
0.93285
0.95211
0.95236
0.92113
0.93402
0.94885
0.94989
0.9603
0.93088
0.94343
0.95063
0.92776
0.95177
0.94896
0.95904
0.94898
0.92649
0.95522
0.95954
0.94478
0.95352
0.93054
0.95941
0.94352
0.95709
0.9531
0.93373
0.93857
0.95827
0.93884
0.94719
0.95689
0.94565
0.95669
0.953
0.9399
0.94827
0.94899
0.93667
0.95082
0.9545
0.94895
0.95508
0.93422
0.95142
0.95686
0.96133
0.94399
0.95467
0.95574
0.93178
0.95324
0.95029
0.952
0.95589
0.94701
0.96003
0.9591
0.94226
0.95167
0.95735
0.9551
0.95623
0.95451
0.95428
0.96022
0.95593
0.93866
0.95603
0.96071
0.95479
0.96554
0.96112
0.94113
0.9481
0.94726
0.96145
0.96442
0.95888
0.95873
0.95044
0.94365
0.95915
0.96019
0.95004
0.96015
0.95556
0.953
0.95414
0.95864
0.94991
0.98178
0.92964
0.96403
0.95524
0.95904
0.95367
0.96111
0.95378
0.95546
0.96272
0.96011
0.96112
0.94181
0.95594
0.96143
0.96134
0.95856
0.94618
0.94933
0.9559
0.96193
0.95649
0.96318
0.95431
0.96779
0.96543
0.94784
0.96684
0.96209
0.96299
0.96305
0.96333
0.95799
0.95962
0.9616
0.95949
0.95932
0.96468
0.96117
0.9569
0.96328
0.96222
0.96552
0.96809
0.96399
0.94381
0.95804
0.95824
0.96588
0.98458
0.95275
0.96703
0.958
0.96222
0.96266
0.97387
0.96048
0.95897
0.96042
0.96287
0.94762
0.97136
0.95905
0.96451
0.96044
0.95951
0.96717
0.97556
0.96597
0.95584
0.94467
0.96555
0.96334
0.9629
0.95992
0.97322
0.97516
0.95371
0.95727
0.96516
0.96278
0.98654
0.95925
0.95836
0.94682
0.9658
0.97204
0.9634
0.96568
0.9659
0.96029
0.9663
0.9615
0.97178
0.98004
0.96236
0.96451
0.96122
0.96307
0.96499
0.95589
0.97729
0.97582
0.96454
0.96583
0.97085
0.96485
0.96552
0.96506
0.97467
0.96702
0.96203
0.96579
0.96687
0.97046
0.96492
0.95931
0.97209
0.96652
0.96705
0.96852
0.96717
0.97258
0.96254
0.96553
0.96022
0.97042
0.95965
0.96247
0.9724
0.96851
0.96655
0.97186
0.96559
0.97247
0.96395
0.96996
0.96593
0.97526
0.96337
0.96702
0.96468
0.97573
0.96843
0.96759
0.96803
0.96644
0.9763
0.96698
0.95941
0.97438
0.96928
0.95828
0.97478
0.9705
0.96815
0.96548
0.97712
0.98668
0.96952
0.97081
0.96551
0.9585
0.96852
0.96695
0.9703
0.96645
0.99248
0.96651
0.9622
0.95928
0.96638
0.97268
0.96702
0.96729
0.97186
0.96207
0.9917
0.9625
0.96126
0.97099
0.96851
0.97323
0.96235
0.97153
0.96479
0.96984
0.96365
0.99203
0.94389
0.97308
0.97134
0.97363
0.98766
0.96591
0.96806
0.9799
0.96457
0.97215
0.96904
0.96911
0.97071
0.96659
0.96542
0.97333
0.9657
0.99237
0.96417
0.96876
0.97276
0.9736
0.97212
0.9681
0.97117
0.96395
0.97682
0.96642
0.97427
0.96686
0.96317
0.97049
0.98657
0.97286
0.96076
0.9754
0.98018
0.97519
0.96287
0.9713
0.97336
0.96549
0.97183
0.97461
0.97511
0.98246
0.94986
0.97563
0.99413
0.96812
0.97434
0.96856
0.97286
0.97043
0.97663
0.97189
0.95815
0.99177
0.97407
0.96723
0.96651
0.97507
0.98545
0.97878
0.97218
0.96964
0.97759
0.97086
0.98436
0.973
0.96691
0.97351
0.97321
0.97102
0.97366
0.97319
0.9809
0.97137
0.97216
0.99364
0.96596
0.96985
0.96048
0.9722
0.97211
0.97348
0.97388
0.97901
0.97054
0.98033
0.97721
0.96105
0.97991
0.97226
0.96827
0.98197
0.97615
0.96869
0.98679
0.98499
0.96892
0.96651
0.97257
0.9817
0.96118
0.9855
0.99946
0.99912
0.99703
0.99925
0.98031
0.98623
0.99909
0.99967
0.98747
0.99927
0.99431
0.99714
0.98874
0.99922
0.99059
0.9987
0.99615
0.99174
0.98633
0.99171
0.99899
0.98948
0.98857
0.97672
0.99643
0.97695
0.99144
0.98417
0.98587
0.97695
0.98129
0.99168
0.98363
0.98006
0.98657
0.98562
0.98964
0.97009
0.98836
0.97938
0.97854
0.98512
0.98309
0.97838
0.98092
0.97844
0.99296
0.97801
0.98073
0.99342
0.9661
0.99541
0.97038
0.96173
0.97643
0.97516
0.99626
0.97875
0.98935
0.97767
0.97656
0.96612
0.97548
0.98696
0.98679
0.97106
0.98073
0.98089
0.97829
0.97443
0.98936
0.97995
0.97145
0.96935
0.97706
0.97423
0.98074
0.9739
0.9767
0.97214
0.98044
0.97172
0.97179
0.99027
0.97189
0.95921
0.9682
0.98263
0.96314
0.9734
0.97496
0.97139
0.96418
0.97696
0.97413
0.9772
0.98038
0.97075
0.97134
0.97264
0.9741
0.97304
0.97549
0.96054
0.96133
0.97114
0.97434
0.9563
0.94718
0.97458
0.96
0.9729
0.96811
0.96414
0.96681
0.94958
0.97027
0.98012
0.97018
0.96407
0.96708
0.94997
0.97603
0.96903
0.97076
0.96382
0.97083
0.98032
0.95148
0.95669
0.96329
0.96646
0.96316
0.95389
0.95694
0.95976
0.97135
0.95496
0.95915
0.9616
0.94462
0.96024
0.96308
0.94802
0.9671
0.95803
0.95026
0.95778
0.95288
0.9902
0.94423
0.96642
0.96228
0.95676
0.94817
0.96766
0.9665
0.9653
0.93539
0.98015
0.9578
0.96422
0.95187
0.96968
0.95316
0.96137
0.9656
0.96484
0.96198
0.95782
0.95338
0.97065
0.95976
0.96299
0.97326
0.95309
0.96771
0.96101
0.94217
0.96461
0.94751
0.95602
0.95714
0.94575
0.97463
0.95297
0.96992
0.95991
0.94236
0.96287
0.95473
0.95806
0.94943
0.96145
0.95372
0.94531
0.95577
0.97286
0.95642
0.95185
0.95838
0.95718
0.94287
0.9687
0.95099
0.96023
0.93132
0.96796
0.9526
0.95217
0.93079
0.94929
0.95841
0.96675
0.95596
0.95716
0.93482
0.94916
0.94396
0.95214
0.94482
0.94898
0.93581
0.96049
0.94536
0.93468
0.94212
0.94304
0.94146
0.94821
0.94798
0.9484
0.95572
0.95301
0.96265
0.96807
0.96152
0.93485
0.93507
0.95213
0.9492
0.95296
0.93622
0.96729
0.95236
0.9556
0.95413
0.95309
0.95116
0.95708
0.94836
0.95273
0.94587
0.95017
0.9429
0.95743
0.93016
0.95595
0.95196
0.95675
0.94629
0.94034
0.95555
0.95247
0.95621
0.94571
0.96385
0.94892
0.94879
0.93487
0.95892
0.96073
0.9528
0.95664
0.94846
0.91676
0.94897
0.94015
0.93047
0.96037
0.96286
0.942
0.9473
0.95702
0.94205
0.93596
0.95292
0.97198
0.93982
0.93794
0.94228
0.94767
0.94973
0.95698
0.94563
0.92693
0.96365
0.93282
0.95368
0.93117
0.93648
0.94858
0.9497
0.93788
0.96132
0.93223
0.95764
0.92947
0.95739
0.93626
0.9318
0.94338
0.94989
0.95444
0.95706
0.95268
0.94684
0.92708
0.938
0.92883
0.952
0.94658
0.92754
0.94849
0.94162
0.94058
0.94825
0.94179
0.94478
0.93557
0.9315
0.94666
0.9295
0.9442
0.9449
0.9561
0.9429
0.94224
0.95499
0.94241
0.95721
0.94818
0.94961
0.94863
0.93968
0.94212
0.95764
0.93528
0.9576
0.92843
0.93227
0.94409
0.95757
0.92315
0.9444
0.93166
0.94175
0.94681
0.94624
0.93252
0.93564
0.93073
0.9575
0.92972
0.94818
0.95325
0.94174
0.95232
0.94763
0.92788
0.94598
0.95166
0.94282
0.93258
0.94476
0.92567
0.93147
0.9408
0.92478
0.94567
0.94948
0.94683
0.94424
0.95295
0.93276
0.93153
0.93992
0.94585
0.94548
0.94841
0.93788
0.93383
0.95588
0.94193
0.93432
0.9359
0.9599
0.94721
0.9485
0.93841
0.9343
0.95207
0.94637
0.92388
0.95331
0.95864
0.94358
0.94658
0.92702
0.93651
0.94589
0.94208
0.95938
0.94259
0.92983
0.92651
0.93666
0.94485
0.9478
0.93897
0.94605
0.92915
0.93853
0.92433
0.96274
0.91728
0.93888
0.93376
0.95419
0.92424
0.93801
0.95051
0.94916
0.9383
0.93684
0.93394
0.94995
0.94266
0.94386
0.9551
0.93548
0.93186
0.9498
0.9274
0.93806
0.95815
0.92396
0.94802
0.93417
0.92648
0.94328
0.95471
0.93791
0.94489
0.95759
0.94117
0.93172
0.97948
0.94227
0.94067
0.93569
0.94568
0.9575
0.94027
0.94528
0.93788
0.94331
0.93954
0.93748
0.95288
0.95724
0.95425
0.94636
0.95879
0.92844
0.94831
0.93393
0.93446
0.95302
0.93039
0.94946
0.95319
0.9471
0.9406
0.94174
0.93913
0.95344
0.95026
0.93938
0.9342
0.9625
0.95213
0.96365
0.95027
0.9431
0.95086
0.94644
0.9529
0.94148
0.95423
0.93189
0.96699
0.92509
0.94612
0.94669
0.95278
0.94729
0.92903
0.95079
0.939
0.9612
0.93887
0.96232
0.95795
0.94442
0.9521
0.93191
0.94355
0.92369
0.94933
0.95941
0.94713
0.94209
0.95473
0.95851
0.95078
0.95769
0.94111
0.92516
0.91736
0.94276
0.92584
0.95409
0.94243
0.94554
0.92937
0.935
0.95591
0.94448
0.93219
0.94861
0.95159
0.92155
0.91989
0.94761
0.91208
0.95575
0.94043
0.94589
0.92861
0.92867
0.92275
0.95442
0.92395
0.91843
0.94024
0.93196
0.92356
0.94025
0.95302
0.92924
0.9545
0.94173
0.95108
0.94253
0.94691
0.93304
0.9607
0.92614
0.96077
0.92726
0.93022
0.9422
0.93831
0.938
0.93821
0.94106
0.95816
0.93242
0.94016
0.95115
0.94034
