0.24221
0.27255
0.21882
0.2049
0.19625
0.1878
0.1935
0.20118
0.18411
0.15119
0.16415
0.14509
0.1402
0.12665
0.11653
0.12583
0.11515
0.11142
0.11177
0.10746
0.1181
0.10236
0.10174
0.12515
0.10186
0.10074
0.09923
0.11477
0.09232
0.10875
0.08971
0.09588
0.08728
0.07923
0.07638
0.08796
0.08729
0.08247
0.09207
0.08731
0.07608
0.08829
0.07737
0.07248
0.08756
0.07703
0.08061
0.07471
0.07528
0.07234
0.07175
0.05535
0.07661
0.06694
0.06368
0.06626
0.0852
0.07773
0.05761
0.07308
0.07029
0.07671
0.06374
0.06716
0.05999
0.08521
0.07904
0.07597
0.07856
0.08252
0.08597
0.07707
0.08954
0.07831
0.08155
0.07854
0.07651
0.08223
0.07064
0.06924
0.08758
0.06039
0.06085
0.11092
0.07606
0.06784
0.08792
0.06965
0.11214
0.08928
0.0846
0.08815
0.05897
0.10423
0.07645
0.09762
0.07662
0.07165
0.08139
0.07528
0.06531
0.08581
0.06556
0.07248
0.07086
0.05206
0.08083
0.06098
0.07539
0.0681
0.06322
0.07762
0.05873
0.0693
0.06316
0.07158
0.0694
0.07352
0.05422
0.07597
0.05912
0.09323
0.05391
0.06679
0.05459
0.06328
0.07732
0.06197
0.07232
0.05896
0.07326
0.0571
0.07958
0.04603
0.05445
0.06542
0.08439
0.04595
0.0845
0.10108
0.06312
0.05924
0.04419
0.05869
0.05642
0.06726
0.03876
0.06868
0.05229
0.05763
0.04828
0.06764
0.06064
0.08868
0.06339
0.05545
0.05976
0.05895
0.05238
0.05044
0.04805
0.06097
0.06372
0.0568
0.08536
0.07013
0.0324
0.08305
0.06225
0.07008
0.03291
0.05284
0.08256
0.05809
0.05891
0.05921
0.07035
0.07732
0.03602
0.05026
0.07402
0.06226
0.05992
0.06295
0.04717
0.0426
0.05655
0.06779
0.0598
0.06402
0.04348
0.05136
0.09025
0.06472
0.08242
0.05159
0.05784
0.06605
0.04632
0.03808
0.08171
0.02273
0.05096
0.06653
0.03771
0.03753
0.03876
0.07433
0.03964
0.05228
0.07233
0.04031
0.04428
0.04396
0.04641
0.08415
0.05553
0.06456
0.04377
0.02367
0.04344
0.0737
0.03292
0.04598
0.05486
0.05264
0.06893
0.05214
0.05076
0.03229
0.09679
0.0428
0.09451
0.0382
0.06524
0.05233
0.08202
0.04979
0.03695
0.04569
0.03252
0.07136
0.08412
0.02472
0.0544
0.0853
0.04454
0.04708
0.03137
0.05491
0.04176
0.05461
0.03523
0.04574
0.04508
0.06501
0.01969
0.06461
0.06219
0.04075
0.06097
0.06493
0.03188
0.01886
0.0581
0.04458
0.05553
0.039
0.04133
0.06813
0.0584
0.05168
0.03069
0.03168
0.04053
0.04428
0.03307
0.0663
0.04559
0.03234
0.02029
0.05101
0.03342
0.07881
0.032
0.05305
0.05366
0.04364
0.04342
0.01583
0.10547
0.06836
0.04625
0.04007
0.03592
0.04892
0.02053
0.05702
0.04427
0.04105
0.06345
0.05865
0.03981
0.04557
0.04574
0.05593
0.07508
0.05624
0.03271
0.0622
0.03506
0.01685
0.05812
0.03923
0.03905
0.05772
0.06956
0.03607
0.04352
0.0498
0.04347
0.04819
0.03139
0.04986
0.04227
0.04259
0.03906
0.06725
0.05638
0.05013
0.04665
0.04453
0.01268
0.04564
0.02725
0.03949
0.03745
0.04752
0.0444
0.0331
0.03256
0.04462
0.04932
0.02629
0.0579
0.04579
0.01449
0.04914
0.03983
0.05699
0.04923
0.03517
0.01144
0.03062
0.03363
0.01633
0.09232
0.04423
0.01876
0.04785
0.04624
0.03492
0.06053
0.05007
0.02945
0.03085
0.03105
0.02047
0.04946
0.06487
0.03972
0.04377
0.05288
0.02482
0.02115
0.06374
0.03702
0.01699
0.00992
0.05429
0.03612
0.0526
0.01342
0.04678
0.05899
0.01208
0.05415
0.0115
0.06266
0.05363
0.01454
0.04518
0.05435
0.05317
0.04221
0.03379
0.02651
0.01927
0.03763
0.03147
0.01402
0.08478
0.04282
0.01562
0.02091
0.03228
0.03313
0.04258
0.0409
0.03034
0.02637
0.06045
0.01455
0.02426
0.01253
0.02844
0.0575
0.03702
0.02931
0.02444
0.02115
0.05851
0.05658
0.05315
0.01429
0.04203
0.0121
0.06133
0.02653
0.02736
0.05828
0.03118
0.03913
0.06326
0.01366
0.02955
0.01323
0.04342
0.04094
0.04928
0.02724
0.03554
0.01518
0.03476
0.029
0.05269
0.02514
0.03016
0.03337
0.06393
0.01296
0.02878
0.02754
0.0241
0.00921
0.04795
0.04893
0.04048
0.02295
0.04565
0.05489
0.01463
0.04465
0.03003
0.04718
0.03079
0.02917
0.00969
0.03083
0.03629
0.01419
0.0634
0.04578
0.0477
0.02839
0.01589
0.01282
0.00882
0.03213
0.04513
0.03111
0.01227
0.00955
0.05593
0.02703
0.02702
0.01577
0.04634
0.01661
0.03879
0.05864
0.02284
0.04332
0.0586
0.01724
0.0111
0.01217
0.026
0.08492
0.04065
0.02288
0.03493
0.01108
0.00865
0.04892
0.0473
0.0265
0.03689
0.02747
0.01445
0.06746
0.03776
0.04349
0.0359
0.00992
0.02621
0.04089
0.01602
0.00744
0.00814
0.02799
0.03179
0.03948
0.02412
0.03649
0.01924
0.04739
0.0356
0.01356
0.04
0.03399
0.05806
0.03186
0.03342
0.02262
0.04243
0.00914
0.0489
0.03007
0.03504
0.00912
0.03
0.02863
0.03075
0.01069
0.03691
0.03826
0.01087
0.02081
0.03173
0.0103
0.0322
0.03995
0.012
0.01777
0.02052
0.04214
0.0522
0.01582
0.02956
0.0268
0.0277
0.01232
0.02289
0.03579
0.0336
0.03985
0.00964
0.02351
0.02601
0.0321
0.03724
0.03648
0.02577
0.01428
0.02408
0.02382
0.01782
0.03346
0.00977
0.01599
0.00859
0.03534
0.03095
0.02724
0.02819
0.03719
0.03287
0.01735
0.03358
0.04438
0.02956
0.03336
0.0321
0.03029
0.0427
0.01116
0.03663
0.02661
0.01524
0.00759
0.03057
0.01689
0.03168
0.0157
0.02708
0.01788
0.03241
0.0126
0.02655
0.00665
0.01932
0.01576
0.03409
0.03298
0.01393
0.01902
0.03045
0.03552
0.01156
0.00934
0.00495
0.03503
0.03873
0.02763
0.04434
0.01074
0.04998
0.05085
0.01107
0.00709
0.0364
0.03948
0.01922
0.02479
0.01156
0.02859
0.00809
0.03641
0.02101
0.05393
0.0234
0.03048
0.00824
0.01154
0.03553
0.02345
0.02693
0.03235
0.01428
0.01985
0.00666
0.02388
0.02556
0.03406
0.00979
0.00663
0.03444
0.00776
0.02687
0.04191
0.02598
0.02862
0.02741
0.02555
0.01544
0.007
0.0336
0.02449
0.01781
0.01064
0.036
0.01213
0.00777
0.04256
0.00863
0.02284
0.02095
0.02274
0.0413
0.01861
0.02366
0.00766
0.03816
0.01373
0.03771
0.03142
0.00804
0.0135
0.02706
0.00607
0.00555
0.04149
0.01513
0.03076
0.02014
0.02791
0.02817
0.03001
0.02943
0.01712
0.0055
0.00968
0.03275
0.01731
0.04257
0.01095
0.01648
0.00972
0.03703
0.03625
0.0189
0.00909
0.03308
0.01182
0.05037
0.04329
0.02887
0.02227
0.00793
0.00804
0.02356
0.02249
0.01721
0.03134
0.01945
0.02762
0.02937
0.00806
0.02019
0.0299
0.03115
0.01876
0.04087
0.02027
0.01317
0.03861
0.03081
0.01094
0.0247
0.02097
0.01299
0.03015
0.01015
0.00875
0.02793
0.00682
0.00527
0.00699
0.0571
0.03233
0.02725
0.03673
0.02326
0.01205
0.02185
0.02285
0.02367
0.01938
0.01709
0.02936
0.01509
0.00856
0.00601
0.03626
0.0306
0.00918
0.01303
0.01918
0.00867
0.00802
0.02459
0.02148
0.03707
0.01961
0.01685
0.01683
0.00805
0.0324
0.01207
0.03691
0.00691
0.02822
0.01249
0.00654
0.04236
0.01855
0.01141
0.00993
0.00881
0.00705
0.00458
0.04295
0.0182
0.02172
0.00563
0.00462
0.03911
0.02316
0.00997
0.00716
0.03418
0.00705
0.02532
0.02607
0.00868
0.0293
0.01844
0.01208
0.00461
0.02542
0.02977
0.01735
0.028
0.00666
0.00625
0.0284
0.02253
0.01398
0.02057
0.00997
0.01217
0.02485
0.00714
0.0207
0.02755
0.02001
0.0206
0.02773
0.01938
0.00926
0.01622
0.0126
0.00557
0.03321
0.02035
0.01547
0.03723
0.00724
0.04115
0.04027
0.01904
0.00662
0.01848
0.0147
0.00823
0.01987
0.02955
0.0136
0.02105
0.016
0.02563
0.00919
0.00583
0.02783
0.03331
0.01519
0.02629
0.00926
0.03269
0.01314
0.00599
0.02294
0.01307
0.01723
0.02055
0.0253
0.01219
0.00966
0.02163
0.024
0.04291
0.02041
0.01126
0.02155
0.01406
0.02053
0.00765
0.02014
0.02627
0.01815
0.02163
0.0055
0.00822
0.00573
0.01743
0.02622
0.01154
0.02115
0.02024
0.01248
0.00716
0.0258
0.01093
0.00798
0.0253
0.01832
0.02746
0.0086
0.01987
0.01481
0.01246
0.01734
0.01092
0.02344
0.01421
0.02356
0.01146
0.01384
0.0342
0.02016
0.01316
0.01132
0.00818
0.03886
0.01321
0.00973
0.02542
0.01502
0.01506
0.03102
0.01725
0.01075
0.02229
0.02014
0.00759
0.0189
0.01153
0.03057
0.02212
0.00828
0.02696
0.01658
0.00999
0.02742
0.01916
0.00812
0.03396
0.01298
0.02614
0.01144
0.00693
0.02561
0.01313
0.00977
0.03913
0.01351
0.00857
0.01783
0.00655
0.00527
0.03631
0.00826
0.02597
0.01966
0.01039
0.01957
0.0174
0.02057
0.00821
0.00755
0.00752
0.01778
0.0189
0.00762
0.03626
0.02223
0.01043
0.02069
0.00909
0.03813
0.01537
0.0301
0.01215
0.00761
0.00602
0.02423
0.01096
0.00715
0.00561
0.02637
0.01792
0.00898
0.01903
0.01368
0.00588
0.02842
0.01182
0.00812
0.01729
0.0233
0.01317
0.01007
0.00532
0.01351
0.012
0.03472
0.01432
0.0105
0.02462
