0.57279
0.62936
0.59016
0.59623
0.56144
0.60926
0.57044
0.59832
0.52757
0.61735
0.55612
0.55981
0.59486
0.52466
0.63475
0.6127
0.56839
0.5493
0.48431
0.61419
0.63501
0.57648
0.5828
0.60175
0.53073
0.61074
0.57868
0.64471
0.57422
0.62751
0.56016
0.65616
0.58274
0.62227
0.54827
0.60164
0.50317
0.59728
0.5973
0.56276
0.57739
0.63592
0.55629
0.6596
0.65292
0.66857
0.57049
0.66548
0.5098
0.63955
0.6276
0.5472
0.63153
0.56572
0.60909
0.60651
0.59612
0.5808
0.59061
0.63497
0.53503
0.66533
0.65075
0.54774
0.6708
0.62395
0.62534
0.62834
0.58283
0.64968
0.62151
0.58664
0.6018
0.62304
0.44652
0.59578
0.60375
0.63556
0.64028
0.58475
0.64931
0.58934
0.62655
0.54504
0.59009
0.57372
0.64148
0.61212
0.64101
0.53158
0.67761
0.61863
0.64021
0.57281
0.69666
0.64196
0.61939
0.60813
0.5947
0.68982
0.55525
0.63106
0.62063
0.61096
0.5794
0.64507
0.58824
0.60558
0.6343
0.64284
0.52806
0.65774
0.61735
0.55006
0.62749
0.55372
0.63101
0.62325
0.6137
0.51212
0.61247
0.58963
0.58491
0.5646
0.64052
0.58396
0.55148
0.65172
0.55388
0.6471
0.53331
0.66228
0.55475
0.67445
0.6707
0.6243
0.63823
0.57742
0.6387
0.59607
0.5809
0.6749
0.62098
0.5978
0.63362
0.53131
0.68292
0.64547
0.62085
0.5898
0.56459
0.67918
0.61549
0.60582
0.6626
0.58089
0.70857
0.6368
0.62637
0.53673
0.65022
0.66736
0.55298
0.64371
0.61884
0.64538
0.63328
0.58261
0.64645
0.60061
0.63467
0.58507
0.69876
0.60889
0.64226
0.63701
0.50892
0.63494
0.65854
0.5991
0.63289
0.584
0.66318
0.60093
0.63776
0.54469
0.70102
0.58815
0.63118
0.56533
0.68167
0.63557
0.62761
0.66931
0.58547
0.66848
0.63781
0.66165
0.53957
0.68504
0.6775
0.61312
0.6392
0.51177
0.61221
0.63167
0.61926
0.60583
0.65318
0.6082
0.61426
0.65366
0.54495
0.63963
0.65706
0.63662
0.65524
0.63879
0.56371
0.69639
0.59246
0.55786
0.57402
0.60484
0.62133
0.68984
0.65853
0.66854
0.56098
0.67263
0.66851
0.62592
0.66073
0.57874
0.68123
0.60283
0.70144
0.66514
0.6638
0.64263
0.5137
0.60091
0.67376
0.70518
0.57111
0.6611
0.66899
0.56175
0.60669
0.53373
0.63236
0.67234
0.63631
0.63096
0.54412
0.69207
0.6519
0.67372
0.61601
0.70056
0.65242
0.67555
0.56062
0.67821
0.67016
0.59566
0.66633
0.57593
0.6617
0.62715
0.6484
0.67575
0.54581
0.67245
0.65755
0.63988
0.56025
0.66165
0.6746
0.61918
0.56172
0.67298
0.69963
0.68554
0.61185
0.67839
0.63712
0.62015
0.59769
0.69569
0.62256
0.70902
0.5912
0.65656
0.59528
0.67135
0.55866
0.68654
0.6044
0.62554
0.59259
0.69641
0.57254
0.63772
0.63408
0.62347
0.64839
0.53642
0.64855
0.62804
0.64754
0.52151
0.63249
0.63432
0.63273
0.61843
0.5782
0.68501
0.61985
0.59264
0.62712
0.61462
0.69527
0.59076
0.65639
0.63366
0.6813
0.70442
0.57791
0.68921
0.6827
0.63193
0.61485
0.62397
0.52716
0.63935
0.67229
0.63191
0.65966
0.68363
0.59971
0.66779
0.64974
0.68254
0.47157
0.61814
0.62586
0.62728
0.62384
0.66362
0.64795
0.67197
0.61401
0.69343
0.68243
0.63914
0.70742
0.61359
0.716
0.68057
0.57235
0.6947
0.63792
0.58145
0.64583
0.57228
0.61456
0.68765
0.62856
0.69334
0.64386
0.7062
0.58652
0.68643
0.62753
0.62514
0.68148
0.70263
0.69011
0.75683
0.6437
0.65281
0.63348
0.57941
0.69982
0.63139
0.67287
0.57139
0.69892
0.6372
0.64696
0.64436
0.67756
0.66066
0.55094
0.70379
0.63848
0.62459
0.55117
0.72184
0.68137
0.66906
0.66258
0.52481
0.62492
0.64268
0.68956
0.68803
0.69279
0.60646
0.71012
0.65758
0.67494
0.6641
0.64765
0.60627
0.65654
0.59054
0.67669
0.64476
0.6294
0.70424
0.55733
0.6632
0.67112
0.56953
0.71503
0.67258
0.52165
0.64922
0.66091
0.70251
0.7062
0.58734
0.69929
0.6778
0.63976
0.62923
0.66479
0.58858
0.69616
0.59457
0.69872
0.66892
0.63077
0.64303
0.7194
0.71173
0.67398
0.71679
0.66292
0.67016
0.52024
0.6338
0.70323
0.64827
0.70294
0.62621
0.67606
0.64925
0.65074
0.58647
0.71473
0.6837
0.72637
0.62813
0.72032
0.67561
0.66915
0.54281
0.70763
0.67347
0.66248
0.71337
0.70463
0.71269
0.66711
0.66655
0.6864
0.61266
0.67895
0.6023
0.68501
0.72525
0.70064
0.64007
0.6107
0.72832
0.67977
0.67171
0.64976
0.73268
0.67294
0.72384
0.60064
0.72274
0.62767
0.73374
0.66836
0.65056
0.64661
0.66899
0.57383
0.69539
0.70586
0.70088
0.59295
0.71282
0.65492
0.67641
0.61862
0.7044
0.65801
0.74636
0.71397
0.71209
0.61602
0.74567
0.62542
0.7092
0.62729
0.69205
0.53407
0.73319
0.67748
0.68907
0.67057
0.62084
0.7235
0.68501
0.62909
0.67375
0.67468
0.61168
0.67919
0.67627
0.61504
0.72753
0.65334
0.6905
0.6775
0.67913
0.68248
0.65356
0.64648
0.54376
0.65155
0.6773
0.65803
0.6849
0.65019
0.6547
0.64368
0.65524
0.70454
0.59159
0.67716
0.62635
0.62603
0.52508
0.63001
0.7123
0.66442
0.70544
0.66424
0.69444
0.71027
0.71711
0.50725
0.69217
0.59743
0.673
0.62651
0.72101
0.6994
0.64056
0.69171
0.5934
0.7238
0.67819
0.67858
0.70311
0.58396
0.70112
0.64556
0.5759
0.71651
0.71074
0.68122
0.6925
0.6198
0.7019
0.61388
0.6983
0.67026
0.6738
0.73963
0.57553
0.70075
0.72479
0.63998
0.69997
0.63368
0.73424
0.71443
0.53428
0.7374
0.68373
0.67868
0.66229
0.67834
0.68126
0.68212
0.60389
0.74813
0.65812
0.65798
0.68825
0.74091
0.60449
0.68827
0.71633
0.69112
0.70768
0.6461
0.76646
0.73995
0.70824
0.71251
0.69697
0.50754
0.77297
0.73864
0.73239
0.67918
0.69783
0.62003
0.73383
0.71101
0.61059
0.76275
0.71161
0.70059
0.74668
0.64726
0.74813
0.70394
0.69231
0.58158
0.74802
0.73575
0.74593
0.68197
0.72851
0.63562
0.72544
0.69627
0.6757
0.69167
0.59754
0.72925
0.72645
0.69975
0.71774
0.71556
0.48149
0.70546
0.59828
0.7487
0.72595
0.71138
0.71623
0.61695
0.7346
0.69811
0.65539
0.78781
0.7001
0.67741
0.56899
0.69822
0.66732
0.71298
0.64065
0.51266
0.71507
0.71297
0.71763
0.54159
0.70919
0.67204
0.72808
0.69684
0.71969
0.71476
0.73712
0.64712
0.71807
0.74349
0.62948
0.74064
0.71604
0.57134
0.69008
0.72673
0.71121
0.63746
0.75533
0.71619
0.66621
0.72662
0.64914
0.72053
0.69885
0.72658
0.72801
0.60531
0.72402
0.65092
0.73059
0.71511
0.70188
0.63086
0.71614
0.72289
0.66107
0.75875
0.70054
0.72305
0.6363
0.77143
0.74966
0.68546
0.70591
0.57445
0.71004
0.76159
0.74295
0.6408
0.79495
0.73199
0.73849
0.69419
0.72625
0.71728
0.65179
0.74695
0.59955
0.73363
0.72636
0.66197
0.77184
0.70919
0.72888
0.69934
0.65162
0.71562
0.64987
0.71199
0.64117
0.72091
0.66561
0.73329
0.72438
0.67491
0.70662
0.54675
0.70409
0.72055
0.7276
0.65666
0.78302
0.71412
0.74059
0.59625
0.76321
0.72411
0.60855
0.71944
0.67805
0.72333
0.63815
0.74103
0.74881
0.73044
0.61141
0.72081
0.72455
0.57986
0.73537
0.64342
0.73348
0.71871
0.69635
0.64294
0.74308
0.6937
0.73354
0.65665
0.76956
0.72731
0.6079
0.73083
0.70889
0.54
0.70467
0.7023
0.70523
0.6576
0.71564
0.67514
0.68747
0.74014
0.73
0.70913
0.75481
0.6958
0.77648
0.72587
0.74508
0.67671
0.77422
0.7469
0.74706
0.64523
0.73316
0.65929
0.71273
0.72982
0.7591
0.66763
0.7645
0.571
0.70644
0.71163
0.6893
0.72062
0.71495
0.51788
0.76919
0.73856
0.72573
0.55982
0.7407
0.75714
0.7347
0.7652
0.74938
0.71749
0.61002
0.71392
0.71701
0.69193
0.58094
0.77443
0.71511
0.72697
0.72574
0.62223
0.75051
0.71894
0.70133
0.67488
0.54669
0.65804
0.67517
0.68893
0.6524
0.73667
0.73292
0.74225
0.76368
0.73704
0.77531
0.71373
0.77744
0.67566
0.79865
0.7964
0.76714
0.64192
0.75219
0.63915
0.7292
0.69312
0.65913
0.73663
0.71934
0.77254
0.73278
0.73873
0.76752
0.76073
0.75022
0.74259
0.65813
0.76948
0.74202
0.68557
0.75264
0.76124
0.66733
0.78526
0.72562
0.74609
0.79043
0.76296
0.76981
0.66872
0.79021
0.76158
0.76375
0.76187
0.69708
0.70167
0.76506
0.59638
0.77011
0.7893
0.78208
0.73526
0.66497
0.7107
0.74395
0.67353
0.80677
0.77044
0.74709
0.64067
0.73029
0.73287
0.68874
0.73779
0.66032
0.81087
0.76186
0.74669
0.75261
0.71653
0.74828
0.79259
0.79734
0.71439
0.7892
0.75877
0.79575
0.72259
0.78686
0.81571
0.77693
0.81247
0.75337
0.76356
0.69143
0.81747
0.80929
0.73718
0.80472
0.75353
0.83447
0.68302
0.81193
0.79097
0.75372
0.63558
0.80329
0.76412
0.75393
0.75184
0.76351
0.78206
0.75471
0.75233
0.75756
0.78358
0.73661
0.76063
0.74791
0.78544
0.77931
0.7857
0.83224
0.75456
0.75505
0.77338
0.71635
0.79215
0.77766
0.65854
0.78553
0.78127
0.79076
0.7584
0.79163
0.78141
0.72014
0.76543
0.80298
0.78064
0.74869
