0.42732
0.45722
0.4584
0.48356
0.44056
0.46717
0.43401
0.48687
0.41303
0.55037
0.44506
0.46627
0.52516
0.38539
0.47615
0.42899
0.5216
0.51461
0.37539
0.43078
0.53551
0.43098
0.47972
0.51346
0.39155
0.50738
0.4081
0.53036
0.42588
0.4488
0.36449
0.44139
0.40783
0.52591
0.40371
0.46349
0.37585
0.41557
0.53957
0.509
0.45669
0.45942
0.34477
0.43495
0.42197
0.45543
0.41708
0.54434
0.37806
0.45845
0.48472
0.3934
0.47922
0.41887
0.50319
0.45121
0.51102
0.46436
0.42374
0.4529
0.34079
0.42823
0.51248
0.40004
0.54275
0.47552
0.46082
0.42862
0.3804
0.45553
0.47487
0.41976
0.44282
0.46676
0.3096
0.36299
0.3984
0.4426
0.49355
0.39873
0.45951
0.40399
0.60209
0.43318
0.48202
0.41044
0.51208
0.46855
0.49553
0.32428
0.41225
0.46822
0.44843
0.36016
0.56629
0.43455
0.4772
0.48898
0.39875
0.53048
0.375
0.49955
0.48099
0.45726
0.39985
0.52962
0.45395
0.45768
0.39659
0.43545
0.37334
0.46178
0.45007
0.44674
0.5465
0.34964
0.42221
0.43047
0.44918
0.43491
0.58529
0.43748
0.42174
0.41798
0.47613
0.47292
0.40713
0.53117
0.37789
0.48586
0.39386
0.50388
0.39461
0.52628
0.44839
0.41421
0.4997
0.41452
0.47363
0.43127
0.40804
0.50167
0.45231
0.40433
0.47662
0.37841
0.45437
0.42631
0.41675
0.4641
0.38276
0.50818
0.42382
0.45603
0.44244
0.36252
0.61326
0.48306
0.50514
0.43394
0.5239
0.46244
0.39959
0.51729
0.45672
0.39924
0.44198
0.39567
0.46144
0.42748
0.46841
0.34466
0.47301
0.41217
0.44834
0.4625
0.33905
0.40865
0.46153
0.3942
0.4758
0.40285
0.46053
0.35667
0.48066
0.38607
0.56161
0.43612
0.45394
0.36262
0.4775
0.43199
0.43665
0.43718
0.37735
0.54465
0.41661
0.44887
0.32656
0.3906
0.45349
0.426
0.45109
0.33201
0.42028
0.48572
0.44511
0.39125
0.50505
0.37547
0.41548
0.45612
0.36244
0.50487
0.47999
0.41599
0.46516
0.45247
0.36729
0.59006
0.55087
0.4685
0.47374
0.43495
0.38909
0.42156
0.38425
0.41331
0.35702
0.41722
0.44614
0.37134
0.48677
0.36635
0.48178
0.36032
0.52194
0.42467
0.3773
0.47011
0.33962
0.41933
0.44891
0.42953
0.33759
0.41045
0.47906
0.42114
0.50682
0.33379
0.39987
0.41108
0.43432
0.42889
0.36215
0.4443
0.43144
0.4453
0.35984
0.45988
0.34991
0.41595
0.38278
0.52895
0.43906
0.41337
0.49225
0.35364
0.50577
0.44243
0.38847
0.44756
0.33069
0.41601
0.46531
0.47198
0.31996
0.372
0.47764
0.46307
0.36398
0.4282
0.44129
0.40585
0.37986
0.49074
0.42677
0.42509
0.43671
0.40114
0.33429
0.56383
0.42425
0.48019
0.35618
0.47544
0.36697
0.57822
0.4458
0.46035
0.37301
0.54926
0.37971
0.49511
0.44444
0.40106
0.47404
0.31899
0.44516
0.44943
0.42062
0.37535
0.45409
0.47213
0.46625
0.43677
0.36485
0.56618
0.41721
0.43164
0.45808
0.35589
0.50398
0.35076
0.47253
0.4409
0.34733
0.44957
0.35328
0.53333
0.50387
0.4135
0.45304
0.49365
0.35785
0.37685
0.41996
0.46447
0.36269
0.54368
0.34946
0.41235
0.39306
0.43751
0.30552
0.44671
0.4543
0.46082
0.42646
0.44648
0.40539
0.42412
0.29809
0.39152
0.43464
0.38476
0.44429
0.31451
0.49359
0.4184
0.337
0.3983
0.455
0.40857
0.52795
0.33237
0.36671
0.49052
0.36344
0.40977
0.31749
0.41641
0.38252
0.54307
0.42228
0.38124
0.42717
0.41554
0.31754
0.43413
0.38894
0.51121
0.43587
0.37551
0.54624
0.36056
0.45293
0.35835
0.48866
0.38827
0.50975
0.32446
0.32317
0.49804
0.30953
0.4782
0.42531
0.44197
0.34109
0.40257
0.40708
0.44925
0.44917
0.32469
0.37087
0.38827
0.41213
0.38372
0.38462
0.33624
0.54013
0.44381
0.39983
0.41165
0.46842
0.41297
0.47721
0.33278
0.42294
0.43575
0.37793
0.43189
0.30449
0.41316
0.46223
0.30318
0.4317
0.45336
0.33001
0.4227
0.4069
0.39788
0.39523
0.35592
0.48923
0.43213
0.41543
0.4023
0.4207
0.35039
0.52544
0.38651
0.5162
0.44788
0.42204
0.38334
0.40559
0.32864
0.37086
0.48135
0.36567
0.4978
0.36348
0.39243
0.47357
0.37921
0.42066
0.35041
0.51451
0.45738
0.41155
0.38503
0.56479
0.40202
0.43707
0.33819
0.42235
0.41651
0.50499
0.3473
0.5319
0.40091
0.36373
0.4138
0.33032
0.4315
0.2655
0.34485
0.51719
0.33483
0.48692
0.39567
0.43437
0.46864
0.43309
0.44141
0.34863
0.54816
0.36273
0.37941
0.31504
0.43671
0.31844
0.43093
0.32748
0.50107
0.35115
0.49291
0.404
0.38777
0.36708
0.45153
0.32693
0.37918
0.39851
0.38626
0.30744
0.43296
0.38567
0.53276
0.3505
0.40304
0.29724
0.35083
0.35566
0.43596
0.29593
0.46016
0.31056
0.46693
0.38969
0.45031
0.32882
0.39308
0.379
0.43912
0.35162
0.31868
0.59453
0.41433
0.39611
0.42299
0.44541
0.47225
0.41341
0.40123
0.33644
0.53671
0.33259
0.4536
0.33401
0.34958
0.38148
0.3362
0.48226
0.27866
0.36584
0.44285
0.41582
0.39346
0.37211
0.48574
0.34672
0.4167
0.54031
0.3347
0.49909
0.44759
0.46258
0.28915
0.37812
0.41657
0.40946
0.40214
0.36844
0.36572
0.38038
0.42138
0.33144
0.44511
0.39436
0.40812
0.3236
0.43115
0.37191
0.36587
0.44136
0.32479
0.5431
0.36801
0.36778
0.39387
0.31375
0.47923
0.4201
0.31764
0.40214
0.42266
0.39039
0.38477
0.33778
0.51623
0.36764
0.38614
0.40206
0.31649
0.43121
0.25902
0.32903
0.44852
0.36676
0.46567
0.28489
0.37375
0.34886
0.33473
0.39436
0.44952
0.43723
0.40649
0.37189
0.33222
0.35243
0.32701
0.50154
0.40703
0.41603
0.33727
0.39433
0.26613
0.34895
0.48229
0.33407
0.38308
0.31109
0.45756
0.35189
0.34403
0.25268
0.5229
0.30117
0.30405
0.32906
0.35844
0.33351
0.41885
0.28578
0.43554
0.3689
0.29374
0.37046
0.36827
0.36214
0.41534
0.2958
0.40974
0.32281
0.40295
0.30683
0.41117
0.39005
0.3813
0.32535
0.46645
0.32568
0.4649
0.31469
0.32657
0.43915
0.29915
0.42678
0.37647
0.29154
0.32082
0.36835
0.29364
0.38811
0.32987
0.41888
0.36341
0.3485
0.3548
0.28368
0.41157
0.38998
0.2932
0.42505
0.33636
0.42847
0.27826
0.36974
0.51588
0.43258
0.44015
0.3219
0.33888
0.38611
0.42228
0.33355
0.42783
0.42939
0.46219
0.34405
0.35686
0.31226
0.36642
0.28109
0.32255
0.44404
0.27784
0.3906
0.4157
0.3007
0.37315
0.45016
0.40639
0.30678
0.44775
0.37025
0.34096
0.37239
0.30587
0.49746
0.29389
0.30094
0.38135
0.30741
0.4797
0.36218
0.40034
0.36755
0.46033
0.26918
0.30103
0.41501
0.30679
0.4177
0.33977
0.38797
0.29424
0.39711
0.35044
0.30417
0.38254
0.23292
0.30776
0.4353
0.31084
0.2999
0.36021
0.33185
0.42214
0.37215
0.34743
0.31485
0.29453
0.5543
0.34645
0.38464
0.43165
0.27257
0.31293
0.3711
0.4165
0.42065
0.3189
0.53187
0.35994
0.43994
0.3121
0.44755
0.32665
0.32812
0.37142
0.33777
0.40606
0.28937
0.32428
0.37243
0.33664
0.28179
0.37677
0.31583
0.38971
0.30084
0.3862
0.40617
0.27698
0.39023
0.34719
0.36191
0.287
0.36222
0.37167
0.35821
0.3005
0.44524
0.40484
0.33952
0.4778
0.27321
0.33491
0.33097
0.37037
0.325
0.37671
0.31031
0.37347
0.31137
0.40432
0.42074
0.26496
0.36976
0.381
0.26857
0.32402
0.38989
0.42098
0.25951
0.51413
0.2361
0.28091
0.35443
0.34494
0.29241
0.34492
0.2754
0.37125
0.28356
0.37301
0.24615
0.38813
0.30343
0.3069
0.322
0.53668
0.27406
0.36973
0.36419
0.35495
0.26873
0.46745
0.24451
0.2977
0.48287
0.29275
0.35346
0.35857
0.25483
0.38668
0.3145
0.38407
0.30556
0.39995
0.34526
0.33634
0.33144
0.33606
0.41188
0.29753
0.41044
0.35931
0.43764
0.29008
0.38131
0.31828
0.36625
0.42844
0.27885
0.3719
0.37405
0.32079
0.4496
0.30496
0.42094
0.4634
0.21278
0.29074
0.40983
0.32123
0.29398
0.32291
0.29508
0.36595
0.27306
0.40136
0.23793
0.36895
0.29774
0.32688
0.30114
0.52984
0.33807
0.45778
0.4609
0.32866
0.41392
0.28463
0.39316
0.27985
0.31277
0.3042
0.28668
0.27429
0.39104
0.2259
0.2889
0.37291
0.20224
0.29428
0.4174
0.28218
0.45391
0.20852
0.27164
0.40864
0.27515
0.31295
0.26192
0.33969
0.37069
0.30197
0.36318
0.21775
0.30058
0.54784
0.27767
0.31715
0.32926
0.34305
0.36538
0.34362
0.45497
0.37226
0.3045
0.40033
0.36151
0.50385
0.27541
0.40349
0.40884
0.31597
0.33635
0.29419
0.35058
0.28605
0.35008
0.48281
0.24098
0.33334
0.25088
0.36889
0.26875
0.36537
0.30685
0.30398
0.17765
0.2528
0.33153
0.25531
0.29915
0.21104
0.43242
0.23206
0.32262
0.29317
0.24905
0.34888
0.24316
0.36912
0.33049
0.42645
0.34503
0.32992
0.28336
0.39882
0.36534
0.38317
0.39875
0.35948
0.34094
0.28928
0.2862
0.28209
0.30833
0.28488
0.29603
0.32001
0.29596
0.27846
0.28489
0.24478
0.24528
0.3016
0.38202
0.22217
0.354
0.27389
0.26668
0.51794
0.38763
0.3329
0.35068
0.3233
0.30044
0.32822
0.34627
0.3482
0.34429
0.40754
