0.33124
0.30072
0.33767
0.31183
0.33523
0.28002
0.32352
0.27742
0.37415
0.28222
0.32308
0.34333
0.29144
0.36354
0.27368
0.31892
0.32864
0.28378
0.42994
0.32514
0.27801
0.32632
0.29195
0.28268
0.3694
0.2926
0.34001
0.2613
0.32296
0.28436
0.37464
0.27497
0.34988
0.26913
0.31881
0.26955
0.46078
0.35904
0.32153
0.32475
0.3154
0.27146
0.38076
0.27384
0.25304
0.22739
0.33107
0.23644
0.40911
0.27972
0.24038
0.33838
0.26303
0.32237
0.28951
0.3147
0.29786
0.2642
0.29604
0.24503
0.36652
0.27577
0.23575
0.37289
0.29547
0.31598
0.28463
0.25653
0.37906
0.29818
0.26348
0.29207
0.28069
0.29013
0.39183
0.31475
0.32386
0.2744
0.23855
0.31309
0.25946
0.30195
0.25131
0.31699
0.28032
0.35794
0.30703
0.3065
0.255
0.35465
0.28733
0.30391
0.24453
0.33455
0.29701
0.25718
0.27321
0.2587
0.28679
0.19042
0.35969
0.30996
0.27325
0.26204
0.30308
0.25146
0.3291
0.30454
0.27915
0.25396
0.39855
0.27814
0.27789
0.32286
0.25293
0.30662
0.26472
0.25933
0.27619
0.37207
0.25202
0.29299
0.31234
0.31117
0.25686
0.28348
0.34302
0.27229
0.36558
0.27315
0.33869
0.23264
0.32611
0.27434
0.23858
0.29581
0.2453
0.30524
0.24937
0.25716
0.31431
0.26501
0.27054
0.29675
0.25902
0.37124
0.24974
0.25516
0.2623
0.27153
0.34315
0.23544
0.2766
0.27389
0.22547
0.32071
0.2498
0.26948
0.25038
0.31088
0.28654
0.25565
0.35643
0.28487
0.2685
0.27467
0.24952
0.32232
0.26736
0.2947
0.24061
0.32186
0.22466
0.30032
0.24986
0.26437
0.37627
0.30912
0.23438
0.28978
0.27966
0.31219
0.23469
0.29901
0.24945
0.41348
0.26575
0.29839
0.25714
0.31979
0.25188
0.27446
0.27376
0.22527
0.29781
0.21905
0.23972
0.21583
0.33761
0.26349
0.22193
0.24971
0.25039
0.41557
0.33367
0.27371
0.26341
0.31503
0.24152
0.27949
0.27197
0.20935
0.3772
0.2883
0.24248
0.27007
0.21635
0.22927
0.34961
0.25157
0.27117
0.31702
0.32474
0.2797
0.26266
0.2256
0.24847
0.19911
0.40894
0.2784
0.21421
0.27345
0.20527
0.32079
0.20653
0.29761
0.20256
0.22659
0.20979
0.25825
0.34168
0.31112
0.25575
0.21399
0.32755
0.26989
0.22082
0.26965
0.25424
0.29992
0.27694
0.23211
0.24046
0.23286
0.39892
0.28232
0.26481
0.21313
0.2666
0.17293
0.24198
0.21252
0.32628
0.25999
0.21449
0.26679
0.20264
0.30631
0.22594
0.21643
0.24052
0.222
0.34582
0.27997
0.26396
0.22742
0.31667
0.26347
0.2181
0.23433
0.34272
0.25091
0.22811
0.21055
0.2887
0.23246
0.24188
0.24193
0.26556
0.21242
0.33428
0.26223
0.28791
0.22501
0.28843
0.18776
0.37889
0.24611
0.23105
0.18783
0.29309
0.20758
0.30024
0.26515
0.26164
0.29184
0.24249
0.31506
0.2418
0.24795
0.23408
0.43403
0.27709
0.2841
0.23898
0.25727
0.33679
0.24447
0.26068
0.2593
0.21271
0.26646
0.2053
0.29793
0.2456
0.22318
0.22749
0.16931
0.29529
0.23691
0.22884
0.23237
0.22775
0.21158
0.40914
0.284
0.22936
0.17848
0.21987
0.20053
0.26683
0.23419
0.22382
0.23497
0.38385
0.24798
0.30369
0.28353
0.28633
0.23438
0.26839
0.21331
0.2722
0.2323
0.207
0.23529
0.17628
0.30209
0.20537
0.21526
0.31567
0.19366
0.22556
0.3246
0.23807
0.29367
0.30299
0.19581
0.24454
0.19473
0.26026
0.18934
0.29938
0.20239
0.2719
0.2819
0.24498
0.1755
0.2024
0.13299
0.25439
0.2251
0.21534
0.3132
0.20915
0.24506
0.19709
0.32672
0.20243
0.23551
0.202
0.23815
0.24503
0.23352
0.33283
0.20307
0.211
0.19293
0.31021
0.22661
0.22684
0.24253
0.22958
0.3629
0.31184
0.27678
0.2242
0.23097
0.18771
0.29107
0.21785
0.25276
0.23237
0.22183
0.22578
0.27368
0.20877
0.30457
0.22384
0.22822
0.24941
0.238
0.31191
0.237
0.17926
0.30955
0.19126
0.2041
0.36173
0.27671
0.26585
0.21467
0.20393
0.35308
0.26081
0.22551
0.20195
0.20175
0.17947
0.32468
0.20216
0.34087
0.2412
0.2131
0.20948
0.23663
0.16512
0.17844
0.24477
0.16755
0.19001
0.19708
0.42829
0.31914
0.19395
0.22361
0.17704
0.26562
0.23122
0.21051
0.19534
0.26932
0.18709
0.25118
0.1599
0.24112
0.21611
0.23398
0.18724
0.33691
0.20104
0.21512
0.24433
0.18064
0.19091
0.16917
0.20212
0.25609
0.17055
0.26968
0.18096
0.24148
0.20049
0.17549
0.18275
0.20948
0.26773
0.17638
0.21339
0.18671
0.24247
0.15986
0.22061
0.16117
0.30039
0.18709
0.25347
0.18127
0.20716
0.20718
0.24601
0.20348
0.31458
0.24002
0.19837
0.17839
0.28936
0.21119
0.25466
0.18837
0.25522
0.18693
0.23323
0.18151
0.18308
0.17339
0.27657
0.16315
0.24668
0.18072
0.2367
0.18773
0.34167
0.26592
0.25596
0.20107
0.19676
0.29539
0.19848
0.19819
0.2418
0.25066
0.20255
0.25236
0.18074
0.18018
0.25275
0.15796
0.22914
0.18288
0.20096
0.23367
0.22665
0.25063
0.25198
0.29894
0.25995
0.21925
0.21875
0.19636
0.2306
0.1848
0.22947
0.23207
0.17297
0.25298
0.19118
0.22711
0.26413
0.29963
0.25943
0.17494
0.21407
0.18397
0.22165
0.19748
0.17582
0.15344
0.43285
0.19286
0.23494
0.18293
0.26589
0.19971
0.19939
0.25604
0.17533
0.3201
0.18833
0.23249
0.2026
0.18027
0.33523
0.23473
0.19818
0.32232
0.25019
0.21405
0.2026
0.1818
0.29461
0.17748
0.26015
0.19913
0.16702
0.17738
0.19485
0.25923
0.23081
0.17036
0.26159
0.19449
0.2603
0.18457
0.1787
0.46627
0.24125
0.22889
0.20475
0.22028
0.19246
0.18082
0.16491
0.32986
0.18191
0.20601
0.20118
0.19824
0.14741
0.25594
0.26374
0.16523
0.19553
0.17657
0.25405
0.14959
0.15935
0.15976
0.21399
0.2409
0.37341
0.19099
0.2143
0.17457
0.20236
0.16011
0.25511
0.16002
0.16645
0.31235
0.20521
0.22778
0.20692
0.15632
0.27709
0.17923
0.20621
0.159
0.32034
0.21576
0.18485
0.15597
0.23637
0.1462
0.26331
0.15797
0.19024
0.23597
0.1879
0.30053
0.2066
0.17143
0.20577
0.18981
0.19605
0.39541
0.17634
0.322
0.19976
0.19874
0.19
0.18349
0.31221
0.20737
0.17835
0.26517
0.14272
0.19014
0.19245
0.27869
0.24781
0.22147
0.14174
0.23164
0.35077
0.21274
0.16949
0.14242
0.35069
0.23528
0.23332
0.18472
0.21629
0.18514
0.17865
0.18637
0.25553
0.22063
0.15893
0.27839
0.17816
0.15368
0.34056
0.26006
0.19876
0.17014
0.26462
0.17244
0.19587
0.24392
0.17033
0.27326
0.1564
0.17178
0.16878
0.14679
0.29661
0.16569
0.2253
0.18117
0.20488
0.17349
0.21652
0.2003
0.14757
0.22213
0.14259
0.20086
0.16883
0.27679
0.18193
0.15443
0.21714
0.19294
0.2411
0.21677
0.14188
0.16405
0.32901
0.18255
0.20369
0.19054
0.20593
0.17298
0.17484
0.27774
0.16766
0.27471
0.19594
0.14742
0.21758
0.18599
0.20857
0.17643
0.16098
0.25927
0.14516
0.2351
0.15162
0.25612
0.15029
0.1995
0.1943
0.16091
0.18843
0.18438
0.34614
0.25567
0.18731
0.18204
0.31192
0.1621
0.18613
0.14337
0.32688
0.19635
0.1621
0.2701
0.17572
0.20627
0.16593
0.25823
0.19068
0.14661
0.15041
0.30767
0.17522
0.13814
0.34581
0.16218
0.24462
0.20392
0.19846
0.18551
0.25638
0.15203
0.19542
0.13949
0.27129
0.17656
0.15482
0.27393
0.16165
0.21182
0.31261
0.24808
0.19497
0.16501
0.23429
0.18108
0.1792
0.22384
0.17573
0.17266
0.20004
0.16356
0.2402
0.15936
0.19126
0.15576
0.24912
0.16525
0.15624
0.15873
0.29795
0.16719
0.20528
0.18541
0.15256
0.12303
0.25093
0.1593
0.23578
0.26854
0.15634
0.19199
0.16774
0.20449
0.33315
0.13708
0.17005
0.18185
0.36435
0.23615
0.20412
0.18689
0.17316
0.16294
0.17632
0.26871
0.18532
0.19202
0.21018
0.31804
0.1598
0.20041
0.19251
0.15797
0.26806
0.17034
0.15998
0.17538
0.23041
0.29506
0.16674
0.19051
0.1446
0.24139
0.15271
0.13839
0.16392
0.13775
0.17823
0.12429
0.2011
0.12519
0.21219
0.14584
0.12564
0.10977
0.25666
0.12252
0.21059
0.16849
0.14154
0.18144
0.11502
0.17654
0.11643
0.16051
0.15884
0.15016
0.15091
0.16389
0.13747
0.20296
0.16107
0.15348
0.18292
0.17564
0.1308
0.23945
0.13358
0.15516
0.17532
0.10732
0.14084
0.10573
0.23994
0.14323
0.13932
0.13416
0.1435
0.15859
0.23458
0.13686
0.27325
0.20176
0.13623
0.12762
0.12553
0.20042
0.14408
0.12255
0.22093
0.13051
0.16094
0.12979
0.1936
0.18189
0.11921
0.14941
0.12692
0.31219
0.12601
0.14798
0.19591
0.12222
0.16899
0.09903
0.13093
0.08402
0.15796
0.11332
0.13135
0.08956
0.12919
0.13997
0.09777
0.15133
0.0932
0.17999
0.10385
0.18766
0.1217
0.10055
0.16069
0.09622
0.17368
0.08375
0.20582
0.12601
0.08592
0.11761
0.23326
0.19098
0.13256
0.17214
0.14136
0.1692
0.19616
0.18494
0.20502
0.1816
0.1988
0.2115
0.14493
0.15216
0.1451
0.14406
0.14322
0.13152
0.13696
0.15458
0.104
0.19047
0.11143
0.11897
0.27524
0.13713
0.14414
0.14391
0.14257
0.17243
0.2243
0.25805
0.19941
0.11197
0.14358
0.15224
