1.159
1.12511
1.21207
1.2367
1.23457
1.2
1.18403
1.27896
1.29528
1.45158
1.23378
1.30063
1.40321
1.23401
1.1551
1.11693
1.41833
1.4129
1.5427
1.17031
1.33701
1.26698
1.28476
1.32658
1.29033
1.35908
1.16263
1.3578
1.15239
1.11265
1.15134
1.04637
1.12056
1.47927
1.18325
1.19327
1.5025
1.16098
1.38802
1.3547
1.20498
1.13129
1.21174
1.04914
1.02931
1.06345
1.2642
1.32895
1.45244
1.12865
1.23241
1.21538
1.18794
1.23485
1.27176
1.17947
1.31943
1.23262
1.12745
1.14625
1.25934
1.05279
1.29034
1.27658
1.34114
1.20651
1.14574
1.07293
1.16833
1.11555
1.1923
1.126
1.15517
1.26207
1.45828
1.02876
1.0882
1.11034
1.21782
1.11885
1.15313
1.17176
1.71404
1.24799
1.28071
1.24161
1.25283
1.19174
1.25566
1.2545
1.01066
1.21066
1.10087
1.20694
1.37029
1.1215
1.22256
1.23455
1.14923
1.31557
1.30485
1.30219
1.26378
1.16603
1.11699
1.40736
1.19814
1.17706
1.01077
1.07497
1.38571
1.10614
1.15158
1.29013
1.47541
1.11735
1.05755
1.08968
1.14313
1.36522
2.06911
1.17776
1.19289
1.2044
1.17941
1.24342
1.20041
1.33759
1.19525
1.18676
1.22653
1.20956
1.29363
1.28727
1.05485
1.06589
1.24266
1.158
1.16685
1.13384
1.17937
1.22084
1.14013
1.08769
1.20283
1.25373
1.05759
1.05584
1.06312
1.22253
1.17147
1.25278
1.10588
1.17205
1.06263
1.1867
1.73749
1.21391
1.29139
1.4058
1.27258
1.1017
1.29891
1.28303
1.15363
0.99688
1.09752
1.12937
1.14578
1.12927
1.21753
1.0635
1.10257
1.1552
1.10645
1.18456
1.35572
1.07024
1.14142
1.08419
1.22445
1.16792
1.16166
1.02038
1.20221
1.36597
1.35507
1.18215
1.12994
1.13639
1.12105
1.08462
1.11155
1.04676
1.17278
1.39901
1.05133
1.11675
1.22031
0.94486
1.06165
1.10415
1.14509
1.43507
1.15001
1.20688
1.12214
1.06902
1.39816
1.03229
1.10098
1.11288
1.33988
1.31335
1.13761
1.05831
1.14716
1.12833
1.19146
1.53844
1.45163
1.30463
1.27556
1.12665
1.02135
0.97522
0.94597
0.98659
1.33419
1.00629
1.07355
0.99311
1.20402
1.14391
1.16218
1.05681
1.3104
1.02761
0.94447
1.21523
1.33409
1.18521
1.09099
1.02502
1.16657
1.03885
1.14404
1.24456
1.52694
1.17137
1.05332
0.98762
1.09909
1.09689
1.39637
1.03484
1.07175
1.06704
1.01476
1.12925
0.91963
1.01504
1.34709
1.29683
1.05911
1.14878
1.25825
1.17293
1.25117
1.11541
0.9944
1.12749
1.23638
1.03585
1.127
1.23248
1.13224
0.97584
1.16856
1.20517
1.22788
1.05614
1.0174
0.97393
1.07498
1.21985
1.07482
1.1118
1.17711
0.93285
1.04145
1.49843
1.23888
1.18085
1.10644
1.1641
1.40022
1.47795
1.17865
1.18869
1.14213
1.42441
1.16813
1.24057
1.10346
1.04596
1.20054
1.1591
1.1028
1.13112
1.04156
1.46378
1.18027
1.17506
1.17201
1.11502
1.14423
1.48006
1.08235
1.17319
1.15858
1.02201
1.2572
1.08242
1.13649
1.09609
0.86931
1.07937
1.2568
1.34718
1.22268
1.07308
1.20979
1.29059
1.5054
1.03351
1.02952
1.19928
0.97239
1.40451
1.04356
0.99762
0.98616
1.09433
1.64579
1.18361
1.18196
1.16725
1.10673
1.0743
1.01983
1.043
0.94401
0.93722
1.02549
1.02069
1.05298
1.02679
1.18766
1.03848
1.18193
0.95021
1.14501
1.21446
1.49792
1.04762
1.04759
1.24269
1.00365
0.96107
0.904
0.95855
1.14522
1.41916
1.10894
1.09149
1.03416
0.95892
0.82827
0.97313
1.14492
1.29473
1.13552
1.15464
1.45769
1.01156
1.10691
1.21718
1.17691
1.05352
1.41868
0.88779
0.84641
1.37903
1.2842
1.14845
1.07701
1.15408
1.25701
0.93381
0.9939
1.10721
1.16645
1.41146
1.08073
1.04594
0.97992
0.92383
0.916
1.07663
1.32097
1.08995
0.96389
1.0239
1.16499
1.11129
1.23832
1.05743
1.01993
1.07991
0.9933
1.02901
1.1748
1.02496
1.17058
1.12293
1.00672
1.13777
1.42688
1.10731
1.01098
0.93584
0.93177
1.24826
1.17665
1.03851
1.05125
1.04556
1.02074
1.22644
1.30017
1.28626
1.25705
1.09163
1.07223
1.01278
0.92435
0.78017
0.95685
1.18674
0.98174
1.26243
1.55349
1.11742
1.11721
0.98901
1.01157
1.05935
1.27454
1.15303
1.03993
1.22997
1.48109
1.03056
1.01577
1.05985
1.01014
1.0493
1.29759
1.27557
1.29451
0.95996
0.93095
0.96337
0.80818
1.07697
0.77195
0.92798
1.34675
1.06489
1.18896
1.13506
1.11766
1.07122
1.00432
1.10666
1.08464
1.44941
0.92182
0.9372
0.88445
1.02552
0.85195
0.98288
1.12422
1.21023
1.07705
1.18337
0.99545
0.98694
0.96204
1.12327
1.16713
0.93278
0.92402
0.90615
1.07896
1.02026
1.01409
1.51752
1.01982
0.94486
0.84894
0.77093
0.84491
1.02028
0.99489
1.09701
0.96451
1.08891
1.05373
1.09135
1.44909
0.92557
0.99306
1.03626
0.88293
1.00064
1.89459
1.00025
1.06135
1.0203
1.05893
1.2387
1.00993
0.98111
1.02367
1.5365
0.93958
1.09303
0.84835
0.8799
0.92639
0.88571
1.53166
1.14707
0.99406
1.06528
1.03662
0.94422
0.996
1.31861
0.95534
1.11132
1.61567
1.12625
1.24148
1.16973
1.26198
1.21459
1.1069
0.95289
1.01813
0.93461
0.9439
0.8842
0.90794
0.97666
1.69208
1.05863
1.11829
0.99572
0.96392
0.98666
0.87966
0.98815
1.08197
1.09475
1.45956
0.93866
0.92102
0.94007
1.18569
1.11558
1.07699
1.21445
0.98085
0.96855
0.93813
0.91457
1.01725
1.33578
1.05668
0.9359
1.01033
0.84284
1.02424
1.05021
0.84745
1.03541
0.99415
1.18265
0.90204
0.83857
0.83147
1.67841
0.94022
1.07907
1.05228
1.00933
0.91335
0.84265
0.86906
1.22818
1.17692
1.04591
1.07181
0.88979
0.95585
1.02764
0.93081
1.27864
0.84068
0.90013
0.98053
1.06766
0.78888
0.82684
0.69335
1.72789
1.59858
0.69507
0.78365
0.84196
0.86289
1.04571
0.96558
1.01508
0.88363
1.09599
0.82584
0.90291
0.89624
0.96169
0.90175
0.92112
0.80683
0.98898
1.24393
0.91821
0.90706
0.84099
0.88963
1.12822
0.95018
1.17668
0.79204
0.859
1.12125
1.08855
0.99801
0.87997
0.75402
0.77783
0.90032
1.65143
0.91378
1.12753
0.93357
0.83267
0.82594
0.84037
1.01775
0.96753
0.93272
0.90679
0.95419
0.84664
1.09098
1.18135
1.02465
1.30425
1.02413
1.20357
1.61019
0.89929
0.91568
1.00444
1.43474
1.03987
1.06273
1.10301
0.84581
0.82056
0.75737
0.83247
0.89209
0.79065
1.0557
0.94355
0.90081
0.99274
1.26471
0.98598
1.04605
0.96317
0.94942
1.03098
0.86917
0.92733
0.86287
0.90228
1.33899
0.77165
0.73297
0.9315
1.12021
1.19704
0.99739
0.92818
0.89653
1.18073
0.89697
0.76343
1.00395
0.87363
0.94118
0.83557
0.90857
0.97846
0.86614
0.78321
0.80657
0.98492
1.05602
0.81216
0.9936
0.71365
1.0595
0.74425
0.81883
0.94757
0.92382
0.84867
0.77243
0.93228
1.41402
1.1456
0.89011
1.00622
0.84191
0.7127
0.96552
0.97469
1.04088
0.97469
1.51871
1.02194
1.06616
0.95549
1.09514
0.93079
0.77835
0.87518
0.87777
0.99059
1.36224
0.86063
0.88743
0.8168
0.95185
0.79255
0.7767
0.88735
1.20469
0.86616
1.01741
0.99836
0.90362
0.88802
0.85043
0.94983
0.83883
0.84802
0.84613
1.14763
1.08731
0.95747
1.28645
1.17577
0.87725
0.77321
0.78828
0.89405
0.93254
0.86416
0.80962
0.85088
0.97898
0.89738
1.05607
1.03116
0.86624
0.93671
1.32549
0.89759
0.94734
1.06192
0.84046
1.49379
0.74433
0.80126
0.81167
0.79437
0.73793
0.76313
0.77097
0.79973
0.7063
0.87669
0.79042
0.85287
0.71232
0.72421
1.01939
1.53793
0.84308
0.88618
0.84954
0.80987
0.88527
1.10629
1.13296
0.89221
1.21896
0.80754
0.82455
0.88106
1.33542
0.86287
0.74126
0.91576
1.37493
0.92566
0.77601
0.80486
0.74373
0.77781
0.99154
1.08899
1.01618
0.8976
1.12499
1.21023
0.86572
0.8038
0.86465
1.02508
0.97866
0.8508
0.88495
0.83256
1.37807
1.29622
1.11183
1.36931
0.67381
0.95623
0.94793
0.76046
0.70163
0.70807
0.72559
0.79483
0.73552
0.90682
0.81021
0.76826
0.6423
0.7167
1.14341
1.29703
1.03286
1.10836
1.16198
0.91152
0.95131
0.7338
0.91568
0.69019
0.73678
0.67941
0.6601
0.66828
0.96655
0.80469
0.65529
0.92396
0.69819
0.7237
0.94594
0.90707
1.07619
0.62002
0.68795
0.90434
0.64145
0.7073
0.88685
0.74173
0.85783
0.70576
0.90177
0.71118
0.91305
1.49157
1.17966
0.78235
0.7465
0.75231
0.86488
1.01073
1.13299
0.85924
1.0112
0.8386
0.87608
1.3278
0.99153
0.96074
0.96361
0.82994
0.77792
1.03397
0.70515
0.72434
0.9153
1.2187
0.70857
0.78061
0.58991
0.84398
0.81297
0.77165
0.70165
0.66798
0.61988
0.60396
0.7053
0.60222
0.62665
0.58248
1.12975
0.80988
0.66832
0.64202
0.68204
0.74546
0.6707
0.76209
1.09464
0.93727
0.76154
0.76655
1.13935
0.91643
0.95983
0.9546
0.95623
0.91733
0.82796
0.78193
0.76311
0.75874
0.71948
0.7546
0.69119
0.74197
0.65215
0.6526
0.64812
0.50573
0.6254
0.72382
0.91116
0.70273
0.80379
0.63657
1.04549
1.47566
0.85941
0.71742
0.83666
0.72376
0.80078
1.02009
0.83528
0.76607
0.78088
0.94847
