1.183
1.27178
1.18794
1.2479
1.24665
1.38123
1.25059
1.45905
1.2223
1.3589
1.2179
1.19601
1.39568
1.17902
1.39629
1.28996
1.2401
1.45931
1.15709
1.38027
1.44842
1.37099
1.42417
1.41695
1.26752
1.44138
1.30345
1.48256
1.20692
1.3762
1.14275
1.36674
1.19274
1.6078
1.23343
1.46223
1.01739
1.21648
1.22192
1.2014
1.23292
1.48075
1.28672
1.42438
1.50942
1.62951
1.4559
1.64391
1.2884
1.44184
1.65725
1.26014
1.45316
1.33152
1.34003
1.29694
1.30654
1.40506
1.30589
1.66363
1.28492
1.49628
1.62023
1.32604
1.33216
1.26146
1.333
1.45402
1.21088
1.3728
1.44604
1.30616
1.39281
1.76133
1.02348
1.24212
1.27942
1.46103
1.5451
1.31987
1.46133
1.52504
1.54556
1.30789
1.45355
1.30239
1.32986
1.35372
1.71018
1.30227
1.44893
1.33489
1.50501
1.59462
1.40982
1.52933
1.43583
1.45276
1.59939
1.96225
1.49654
1.40915
1.45228
1.39459
1.38657
1.55314
1.20736
1.29154
1.35846
1.50265
1.27161
1.42999
1.417
1.34256
1.65468
1.30643
1.43284
1.46035
1.38528
1.32665
1.86555
1.34097
1.30828
1.34098
1.50279
1.36635
1.26555
1.50131
1.2073
1.49159
1.27101
1.61678
1.53818
1.41015
1.52386
1.36362
1.53736
1.32765
1.48325
1.46933
1.43692
1.48919
1.38352
1.35097
1.5467
1.25632
1.49631
1.51364
1.45023
1.40449
1.32851
1.61714
1.42058
1.41329
1.61022
1.67609
1.64577
1.43793
1.58594
1.60262
1.41574
1.56679
1.43213
1.38752
1.44411
1.41493
1.51316
1.29215
1.44255
1.33958
1.68161
1.39945
1.65877
1.42525
1.48807
1.65397
1.26939
1.44752
1.59966
1.40306
1.47627
1.37339
1.66305
1.36114
1.52516
1.42015
1.4466
1.37067
1.48532
1.41757
1.51602
1.42067
1.44205
1.64026
1.6448
1.68298
1.56831
1.83978
1.39996
1.56834
1.67293
1.51307
1.77154
1.17159
1.31464
1.41693
1.40988
1.36815
1.77079
1.40889
1.45418
1.79254
1.40553
1.58085
1.52958
1.47716
1.68567
1.64147
1.49703
1.62466
1.43721
1.26325
1.22151
1.35061
1.47152
1.60014
1.50301
1.7796
1.38322
1.52809
1.67575
1.51275
1.77255
1.44376
1.72158
1.56046
1.84389
1.64062
1.71381
1.77865
1.31343
1.42413
1.55491
1.8427
1.46384
1.63854
1.70922
1.61311
2.02883
1.37744
1.48535
1.59936
1.59008
1.66059
1.47405
1.47641
1.54985
1.67269
1.59382
1.9683
1.56049
1.70637
1.63819
1.52223
1.69632
1.57647
1.87512
1.6028
1.66097
1.70299
1.65548
1.84959
1.3941
1.55556
1.5121
1.89953
1.42986
1.62239
1.7196
1.66343
1.42055
1.6581
1.70958
1.72639
1.54866
1.65181
1.5572
1.56521
1.48861
1.70637
1.56768
1.68027
1.45189
1.77263
1.63912
1.90388
1.71201
1.57866
1.63281
1.87621
1.77692
1.85498
1.48546
1.51148
1.467
1.40164
1.71286
1.40667
1.57406
1.51099
1.63192
1.24446
1.52134
1.4187
1.57195
1.45903
1.47159
1.55696
1.47721
1.53226
1.66355
1.63794
1.85167
1.46196
1.53611
1.61512
1.72472
2.02602
1.93665
1.80614
1.60977
1.66151
1.79304
1.91058
1.33513
1.55792
1.66276
1.91574
1.98316
1.86328
1.55108
1.60542
1.64521
2.15238
1.39392
1.66173
1.36272
1.41095
1.45251
1.59685
1.46008
1.77943
1.54709
1.66916
1.7384
1.7584
1.95043
1.75482
1.81729
1.88928
1.54241
1.88461
1.66385
1.45053
1.81723
1.34803
1.51789
1.84182
1.60102
1.78409
1.59555
1.81204
1.59328
1.78601
1.55539
1.5049
1.62264
1.874
2.00008
2.27096
1.95816
1.69007
1.71497
1.64493
1.91922
1.7088
1.83599
1.67763
1.74084
1.7987
1.99203
1.59628
1.67982
2.18081
1.68677
1.79432
1.75372
2.04089
1.57138
1.72949
1.71958
1.62693
2.02079
1.32
1.47644
1.63582
1.72368
1.67476
1.84327
1.7652
1.70953
1.52141
1.62613
1.73254
1.65115
1.48122
1.88592
1.4722
1.66949
1.60628
1.53209
1.88495
1.52254
1.74811
2.08235
1.67265
1.89656
2.04291
1.43025
1.57862
1.54036
1.72325
1.81788
1.67738
1.55853
1.67538
1.76165
1.77458
1.8966
1.80897
1.82328
1.67933
1.66312
1.69042
1.71863
1.71543
1.93699
1.91659
1.81264
2.07736
2.07494
2.08297
1.40544
1.56843
1.80793
1.79099
1.98748
1.76017
1.65219
1.7837
1.79438
1.95997
2.02453
1.76766
2.26412
1.92718
1.9534
1.85298
1.96125
1.75494
1.78287
1.69863
1.64333
1.86489
1.9315
2.20783
1.74393
1.74429
2.10344
1.74525
1.93514
1.78433
2.10911
2.11281
1.95595
1.78387
1.90631
2.09744
1.75064
1.79959
1.74256
2.01762
1.79476
2.06334
1.90848
1.89262
1.99917
1.97383
1.78134
1.71029
1.61148
1.93354
1.60565
1.75239
1.76748
1.94188
1.68367
1.83913
1.75231
2.17262
1.64949
1.89477
1.71157
1.89482
1.96668
1.99151
1.81713
2.12718
1.83163
1.94598
1.76682
2.1191
1.99347
1.69325
1.7221
1.7527
1.75253
1.82222
1.94702
1.75414
1.64892
1.60844
1.75917
1.56559
1.85327
1.89826
1.96151
2.33014
1.83239
1.90187
1.78375
1.6899
1.63649
1.60647
2.56606
1.46846
1.69233
1.73308
1.74203
1.77952
1.8406
2.07693
1.75006
2.14107
2.76322
1.93008
1.93326
1.72631
1.88951
1.45759
1.76054
2.0405
1.80075
1.88777
1.74029
1.83947
1.97762
2.33839
1.50613
1.92992
1.69055
1.9169
1.67228
1.81089
1.74189
1.60605
1.96513
1.73389
1.96969
1.70357
1.83792
2.00986
1.76075
1.6508
1.90498
1.77817
1.78869
1.70754
1.73258
1.86639
1.60423
2.09796
1.61261
1.83767
2.01333
2.06027
2.45587
1.66189
1.83622
1.97045
1.6342
2.08359
1.64544
1.87322
2.10155
1.66842
1.83795
1.69557
1.77089
1.69032
1.81933
1.90221
1.98492
2.29273
1.96907
1.85387
1.90689
2.04392
2.61316
1.76351
1.81807
2.14929
1.87042
1.94759
2.07818
2.22168
2.01636
1.98601
2.05059
3.24822
1.62792
2.07552
1.9018
2.01807
1.89657
2.30139
1.84095
2.0805
2.16736
1.81329
1.9539
1.82301
1.87924
2.18861
1.67498
1.92992
1.81954
2.21737
2.00991
1.93344
2.08739
2.06749
1.95653
2.19521
1.77883
2.24686
1.80197
1.7011
2.21991
1.79406
1.88289
2.01657
1.76339
1.87759
2.28572
1.45454
1.99991
1.69682
1.84327
1.83588
1.8657
2.01915
1.71838
1.95039
1.94818
1.93167
2.21182
1.95823
2.2364
1.74792
1.96969
1.89435
2.22152
2.22891
1.68781
2.11682
2.25979
2.48788
1.67192
1.79288
1.76324
1.89132
1.7169
1.83442
1.91036
2.06559
1.68691
1.85138
2.32243
1.8385
1.95206
2.40121
1.67727
1.85455
1.90597
1.99988
1.84723
2.02631
1.84223
1.75883
1.96381
1.78933
2.35259
2.01269
2.07445
2.54163
1.95159
2.12713
1.88262
2.0747
1.99315
2.30387
1.85429
1.96103
2.23513
1.8643
2.22106
1.86681
2.10228
1.85157
1.99439
2.07393
1.76197
2.36238
1.80462
2.08263
2.14397
2.03345
1.90004
2.02002
2.05791
1.8932
1.86044
2.08769
1.93221
2.01872
2.23139
1.89352
2.0502
2.30321
1.98485
2.08
2.12981
2.0794
2.20457
2.04189
2.41066
1.97383
2.21443
1.94065
2.25534
2.04819
2.04028
2.09762
1.88578
2.33496
1.60075
1.76848
1.97257
2.01078
1.83069
2.04259
1.92542
2.29686
2.07382
2.06575
2.39613
1.72523
1.96086
1.80926
2.12649
1.84629
2.03512
2.24482
2.27679
2.10021
2.26236
2.52664
1.8662
2.24087
1.7291
1.8031
1.79355
1.8682
1.67034
2.1211
1.90034
2.22657
1.9624
2.16736
2.49998
1.80543
2.10631
2.26194
1.75951
1.91769
1.97401
2.259
2.01106
2.5479
1.95341
1.79688
1.96773
1.90191
1.77772
1.97284
1.80014
2.04632
1.95268
2.20687
1.93096
2.10814
2.09556
2.17136
2.01506
2.60256
1.95828
2.05009
2.26057
2.54978
2.08711
2.82394
1.92041
2.08788
2.30254
1.91498
1.94662
2.307
1.68545
2.30904
2.06349
2.27389
1.80046
1.96548
1.92502
2.09145
2.13003
2.18607
2.2871
1.89168
2.16346
2.09784
2.23902
2.06702
2.12401
1.87127
1.97266
2.24584
1.89476
2.04139
2.02176
2.05633
2.75404
1.96175
2.37063
2.77727
2.14729
2.00737
2.15211
2.19412
2.04939
2.1795
2.11296
2.3222
2.05651
2.61512
2.26129
2.19009
2.42318
2.49191
2.60906
2.44982
2.39252
2.31849
2.35154
2.0927
2.41326
2.15541
2.64544
2.04369
2.07416
2.08686
2.07666
2.142
2.75689
2.02018
2.19097
2.7143
2.08559
2.35336
2.35773
2.22195
2.55258
2.21708
2.319
2.65238
2.27003
2.6529
2.16935
2.47504
2.50319
2.56472
2.85891
2.23661
2.59898
2.88473
2.19818
2.42068
2.52504
2.44949
2.50295
2.32734
2.36117
2.51166
2.54231
2.63168
2.77455
2.88816
2.39748
2.17482
2.48785
2.24443
2.37932
2.27338
2.36
2.5513
2.57551
2.70495
2.31134
2.68178
2.88189
3.01898
2.53932
2.55615
2.4062
3.2216
2.64482
2.62283
2.70106
2.24592
2.65773
2.30866
3.23505
2.44982
2.56279
2.77801
2.3777
2.69487
2.59465
2.82655
2.87469
2.68167
3.04067
2.6176
2.89201
2.54273
2.78593
2.49512
2.80599
2.90422
2.44208
2.48691
2.48085
2.47287
2.16684
2.06479
2.35469
2.27688
2.34002
2.5116
2.48847
2.32584
2.38626
2.48577
2.91468
2.34895
2.6387
2.46183
2.58729
2.61861
2.38895
2.27429
2.42128
2.34339
2.33793
2.37856
2.29772
2.70296
2.49912
2.30614
