11.00714
6.10137
10.29596
9.82826
8.68069
9.54364
5.94254
7.80708
3.47815
3.81632
1.30845
2.20614
0.99493
1.51043
0.93363
1.39601
0.87152
1.37497
0.80719
1.33757
0.83829
1.31156
0.76522
1.24237
0.7938
1.11484
0.96552
1.08249
0.95535
1.15361
0.78327
1.16434
0.74967
1.13527
0.79934
1.16133
0.93753
0.99371
0.85052
1.09066
0.70978
1.05003
0.75249
1.02761
0.8982
0.97282
0.84593
0.98926
0.76146
1.00715
0.70861
1.05042
0.67681
0.93033
0.94718
0.92472
0.76425
0.91636
0.73762
0.96634
0.7519
0.96443
0.75994
1.01167
0.87153
0.90399
0.80114
0.98076
0.78487
0.99764
0.84085
0.97723
0.93107
0.89921
0.84938
0.95655
0.84496
0.95145
0.7785
0.94829
0.87385
0.93988
0.89565
0.96688
0.76324
0.96152
0.72104
0.91727
0.83081
0.94709
0.88655
0.8945
0.84189
0.89406
0.83686
0.92329
0.86525
0.9027
0.7874
0.91752
0.81331
0.92805
0.86206
0.85723
0.80231
0.96066
0.70641
0.89806
0.71499
0.88538
0.74321
0.93015
0.91845
0.84135
0.78975
0.88287
0.74029
0.88869
0.73796
0.8839
0.78844
0.91788
0.81425
0.83315
0.7506
0.87705
0.76745
0.89679
0.87506
0.81271
0.81237
0.90315
0.71748
0.87441
0.69736
0.8546
0.72514
0.96986
0.84925
0.83617
0.79603
0.84377
0.78206
0.86934
0.77384
0.90165
0.88506
0.85635
0.79144
0.8716
0.72962
0.86306
0.74178
0.88173
0.74021
0.91076
0.85147
0.81772
0.77133
0.8459
0.75674
0.86266
0.83167
0.81596
0.80838
0.87787
0.7234
0.84829
0.70751
0.85095
0.71694
0.9187
0.83378
0.81487
0.7624
0.84351
0.71661
0.84968
0.70133
0.86927
0.69152
0.87702
0.83008
0.81638
0.78369
0.8147
0.754
0.86045
0.79498
0.83643
0.82014
0.86116
0.7448
0.84233
0.72967
0.87267
0.70748
0.84228
0.74357
0.92475
0.81892
0.80646
0.77063
0.82851
0.7539
0.86693
0.71853
0.84917
0.77004
0.8395
0.85341
0.78745
0.81146
0.78784
0.86279
0.73249
0.86199
0.70236
0.8532
0.6985
0.88338
0.76041
0.87029
0.80908
0.80837
0.79657
0.86553
0.7826
0.82815
0.86851
0.84647
0.8075
0.88052
0.74884
0.87338
0.74317
0.89941
0.78098
0.91825
0.83258
0.83703
0.83442
0.89039
0.75919
0.89279
0.72462
0.87381
0.75024
0.89248
0.75592
0.94936
0.87147
0.83895
0.84406
0.91553
0.76222
0.88037
0.77527
0.90706
0.77221
0.90232
0.87268
0.86121
0.83137
0.92591
0.75151
0.8734
0.78089
0.88849
0.78854
0.93165
0.96492
0.77555
0.93805
0.72838
0.88734
0.77524
0.98008
0.72676
0.88832
0.75375
0.91518
0.74863
0.92304
0.8491
0.87577
0.84144
0.93653
0.70794
0.85584
0.76026
0.93434
0.74411
0.93356
0.75602
0.91124
0.83383
0.93637
0.89239
0.92746
0.75138
0.87777
0.76882
0.9651
0.75785
0.91127
0.77646
0.96726
0.71644
0.88998
0.77733
0.99432
0.81552
0.92926
0.94614
0.83418
0.84014
1.04275
0.7495
0.90882
0.79488
0.9542
0.79555
0.95361
0.83201
0.93709
0.95202
0.85699
0.86111
0.95054
0.74649
0.93235
0.76325
0.92127
0.76654
0.97938
0.77567
0.9197
0.84355
0.91025
0.85868
0.97357
0.6899
0.85445
0.78271
0.94639
0.76515
0.9171
0.76519
0.9122
0.74799
0.91003
0.72924
0.88373
0.82687
0.9283
0.86511
0.8404
0.82476
0.99498
0.70513
0.8355
0.73588
0.93926
0.71356
0.87345
0.79278
0.90675
0.87824
0.80296
0.82526
0.95745
0.7013
0.86131
0.72994
0.8929
0.72319
0.88169
0.76725
0.8922
0.8817
0.7791
0.80938
0.99844
0.70647
0.83388
0.74465
0.91076
0.72485
0.87336
0.80104
0.86373
0.82114
0.85959
0.70217
0.80789
0.71494
0.90583
0.70465
0.8524
0.71976
0.88072
0.71236
0.85745
0.71762
0.87419
0.7334
0.90157
0.85648
0.8027
0.76543
0.86477
0.69877
0.83526
0.69329
0.86595
0.75007
0.87939
0.85685
0.78717
0.78791
0.85013
0.70497
0.84922
0.70273
0.82345
0.74266
0.89887
0.82916
0.79947
0.7981
0.85066
0.68859
0.80086
0.72274
0.89906
0.69264
0.80924
0.74584
0.90461
0.874
0.80847
0.73466
0.82251
0.71251
0.86119
0.69818
0.83117
0.76615
0.88342
0.85175
0.7718
0.75926
0.87543
0.70306
0.84218
0.69694
0.83375
0.73682
0.86281
0.874
0.79389
0.77637
0.85205
0.71956
0.82508
0.70605
0.8543
0.71173
0.86703
0.77923
0.8306
0.79125
0.78961
0.7687
0.82273
0.70764
0.86427
0.69877
0.82382
0.73701
0.88423
0.8511
0.81742
0.73498
0.8352
0.70659
0.84049
0.69662
0.84099
0.72552
0.85589
0.82909
0.81793
0.73405
0.81133
0.71931
0.83909
0.69859
0.83744
0.71041
0.86191
0.85236
0.84316
0.75619
0.84552
0.69769
0.81093
0.71936
0.84496
0.72182
0.84398
0.84201
0.79757
0.76006
0.86153
0.72616
0.80828
0.82893
0.75024
0.79936
0.87404
0.72914
0.82496
0.71481
0.84563
0.7084
0.83969
0.73354
0.82744
0.83259
0.7991
0.72209
0.82252
0.70351
0.82856
0.71226
0.83476
0.70393
0.85014
0.71519
0.8608
0.85815
0.76362
0.78555
0.86087
0.72073
0.81658
0.69606
0.82786
0.71498
0.85321
0.79262
0.79999
0.77802
0.81977
0.68635
0.79001
0.70945
0.85359
0.69245
0.90187
0.76823
0.79927
0.78165
0.82269
0.69941
0.81571
0.71013
0.82873
0.70005
0.8586
0.73383
0.83756
0.78713
0.80797
0.70898
0.8137
0.70052
0.85537
0.69775
0.83347
0.78589
0.83421
0.77553
0.82742
0.69758
0.81319
0.70147
0.85595
0.71447
0.84065
0.84202
0.79549
0.7573
0.82506
0.71779
0.83252
0.68852
0.82336
0.71045
0.85493
0.81841
0.78792
0.73836
0.79593
0.72557
0.82779
0.68628
0.812
0.71049
0.84969
0.81398
0.79735
0.76054
0.83612
0.68828
0.79972
0.70756
0.83836
0.70775
0.84842
0.73144
0.87004
0.78846
0.785
0.71654
0.81662
0.70116
0.81341
0.70782
0.83619
0.72789
0.85573
0.83633
0.77317
0.74459
0.83382
0.71157
0.8041
0.70924
0.82741
0.70607
0.84688
0.80572
0.78675
0.74523
0.82066
0.70623
0.83501
0.68598
0.80226
0.72808
0.86374
0.84406
0.73849
0.76735
0.86915
0.7065
0.80023
0.71088
0.81658
0.70494
0.86934
0.71294
0.82892
0.81896
0.7964
0.72745
0.81482
0.72017
0.84639
0.6837
0.79067
0.73362
0.85847
0.82717
0.78423
0.74627
0.80588
0.72446
0.83272
0.6815
0.81365
0.72861
0.84993
0.83466
0.76355
0.74833
0.82078
0.71693
0.83003
0.70522
0.81792
0.7148
0.83283
0.84509
0.80623
0.73641
0.80851
0.71623
0.82422
0.686
0.83474
0.70273
0.81425
0.75986
0.8324
0.76137
0.80005
0.7117
0.82051
0.7106
0.82948
0.68406
0.83282
0.73797
0.8402
0.78687
0.77091
0.77044
0.84588
0.69656
0.80164
0.68993
0.82716
0.70576
0.84555
0.8287
0.78129
0.74979
0.83024
0.70339
0.81093
0.7019
0.83032
0.71374
0.82113
0.86454
0.79655
0.74385
0.83013
0.70522
0.82756
0.69625
0.81997
0.72187
0.85071
0.83958
0.77703
0.75426
0.83876
0.71406
0.8147
0.70733
0.8475
0.7046
0.818
0.72641
0.82758
0.83985
0.79411
0.73719
0.82524
0.70015
0.81273
0.69619
0.83408
0.71987
0.82014
0.85577
0.78955
0.74249
0.81764
0.7154
0.82379
0.70409
0.83024
0.73467
0.84187
0.83503
0.80153
0.727
0.8337
0.70015
0.82469
0.71006
0.831
0.70527
0.83344
0.70314
0.83042
0.71124
0.83086
0.71493
0.83731
0.84143
0.8019
0.75403
0.81109
0.72382
0.81302
0.70449
0.838
0.70798
0.81301
0.76071
0.85158
0.77503
0.80265
0.72189
0.81904
0.70793
0.83639
0.71845
0.84335
0.70669
0.81668
0.70164
0.87291
0.76261
0.80168
0.78217
0.80607
0.73214
0.81351
0.70997
0.85197
0.68196
0.82969
0.72924
0.82929
0.84673
0.78665
0.76197
0.84781
0.71676
0.82116
0.71185
0.82953
0.72099
0.85003
0.8298
0.78656
0.79097
0.83906
0.69026
0.80814
0.72218
0.82885
0.71533
0.84089
0.71942
0.84538
0.81309
0.80206
0.75787
0.82514
0.72398
0.83407
0.70196
0.83501
0.71391
0.86965
0.76591
0.81853
0.80353
0.81055
0.70692
0.81515
0.72084
0.83983
0.70662
0.84259
0.75253
0.83871
0.8586
0.77325
0.76352
0.84211
0.72343
0.83184
0.70919
0.84076
0.73376
0.85128
0.83548
0.79176
0.76134
0.84651
0.69821
0.85905
0.71522
0.84366
0.70328
0.86198
0.77696
0.85115
0.81165
0.8128
0.73754
0.85655
0.69181
0.82126
0.72562
0.87803
0.69988
0.84615
0.78518
0.84737
0.8229
0.76926
0.80019
0.85568
0.68783
0.82503
0.72085
0.85441
0.69796
0.85109
0.74515
0.85135
0.84444
0.77535
0.8084
0.85995
0.69553
0.83487
0.73624
0.85264
0.71142
0.85513
0.72751
0.83805
0.73234
0.86745
0.70915
0.86492
0.8234
0.81085
0.77423
0.84805
0.71003
0.83446
0.74091
0.85271
0.72908
0.8473
0.7248
0.86804
0.72258
0.84726
0.73228
0.87191
0.69575
0.88282
0.78061
0.82057
0.80706
0.85019
0.70171
0.84041
0.72183
0.8597
0.70884
0.84863
0.73022
0.85709
0.72168
0.87452
0.71118
0.84316
0.71184
0.85172
0.73329
0.87461
0.85282
0.79436
0.77953
0.87631
0.69238
0.83155
0.72653
0.85238
0.72405
0.85085
0.72975
0.89791
0.77459
0.82701
0.83489
0.81531
0.77777
0.87186
0.71439
0.84237
0.73308
0.87943
0.70469
0.85998
0.76295
0.87095
0.87532
0.80876
0.77402
0.87747
0.71823
0.85705
0.71358
0.85483
0.74604
0.87142
0.83365
0.79923
0.82738
0.8591
0.69839
0.87624
0.73591
0.86102
0.71636
0.85991
0.76795
0.87833
0.86257
0.78552
0.81661
0.88575
0.72342
0.82228
0.74845
0.87252
0.71253
0.87314
0.74259
0.87604
0.75002
0.86858
0.72016
0.89194
0.72153
0.88125
0.72958
0.85832
0.75912
0.88604
0.90218
0.83623
0.79067
0.89956
0.71082
0.84454
0.75532
0.89121
0.70367
0.89975
0.74734
0.87526
0.71594
0.88257
0.74843
0.88381
0.87711
0.75579
0.84164
0.76906
0.8848
0.76704
0.87041
0.75932
0.90292
0.73112
0.86909
0.75141
0.89833
0.78149
0.87269
0.89093
0.80408
0.88563
0.70033
0.87604
0.76915
0.87298
0.75234
0.90763
0.74548
0.88645
0.74782
0.88483
0.75151
0.89537
0.76861
0.88519
0.88667
0.82113
0.8235
0.90592
0.73198
0.90655
0.74887
0.89455
0.73019
0.90245
0.78277
0.89474
0.75887
0.91191
0.75689
0.89433
0.74948
0.91582
0.7383
0.892
0.77814
0.90053
0.86456
0.79382
0.90455
0.76034
0.91683
0.72722
0.92346
0.74395
0.88458
0.77191
0.92419
0.7982
0.88125
0.93579
0.74885
0.9473
0.75346
0.92482
0.74814
0.94118
0.74401
0.90516
0.79423
0.93721
0.74422
0.93185
0.79574
0.89586
0.89865
0.86594
0.90154
0.78269
0.92619
0.75633
0.95631
0.76537
0.91035
0.77258
0.93598
0.76875
0.94755
0.74122
0.91778
0.79509
0.95253
0.71791
0.90033
0.82419
0.91057
0.94305
0.78889
0.94372
0.7558
0.91179
0.76018
0.96415
0.75764
0.91498
0.77901
0.97117
0.75147
0.94019
0.7856
0.94922
0.76291
0.95271
0.80252
0.9177
0.94634
0.81214
0.95817
0.73238
0.96066
0.80346
0.95812
0.75249
0.91794
0.80995
0.9878
0.74239
0.96353
0.78924
0.95812
0.76024
0.97307
0.79459
0.94576
0.80171
0.97797
0.77207
0.97046
0.78821
0.95626
0.79362
0.96254
0.77766
0.9671
0.79513
0.9601
0.81447
0.94254
0.95206
0.84189
0.98873
0.81892
0.96971
0.77575
0.93373
0.79174
1.01397
0.74502
0.97014
0.80518
0.97178
0.77201
1.0048
0.75308
0.94577
0.80788
0.95989
0.794
0.96903
0.80241
0.98646
0.79013
0.98157
0.79267
0.94403
0.85286
1.00594
0.77995
0.91664
0.83843
1.03252
0.74201
0.94531
0.85781
0.96817
0.90538
1.04396
0.72196
0.94672
0.81446
0.9764
0.7651
0.98178
0.79907
1.00393
0.78765
0.97838
0.82747
0.9987
0.7837
0.94791
0.92531
0.93973
1.00553
0.79686
0.9856
0.78184
0.99236
0.79207
0.9708
0.79564
1.01102
0.79935
0.9839
0.84533
0.9965
0.83002
0.97519
0.76595
0.96371
0.86457
1.02313
0.79755
1.00614
0.85247
0.9958
0.8114
1.00462
0.79952
1.02986
0.81442
0.99248
0.80683
1.00068
0.80229
1.00269
0.75944
1.03747
0.83924
0.99858
1.00732
0.81371
1.0497
0.77655
1.00554
0.835
0.9982
0.80826
1.01874
0.81348
0.99404
0.84161
1.05389
0.79263
0.98974
0.76652
1.06569
0.83646
1.03453
0.77758
1.01904
0.83509
1.02895
0.8032
1.0235
0.81115
1.04804
0.80215
1.05882
0.85436
1.05315
0.80007
1.02208
0.85661
1.03735
0.75419
1.0954
0.89663
0.95923
1.04091
0.81183
1.04673
0.84618
1.04427
0.75251
1.04759
0.83488
1.01918
0.81563
1.03012
0.82544
1.01674
0.81404
1.06734
0.78377
1.01475
0.84031
1.03179
0.83544
1.03447
0.87039
1.05406
0.76721
1.05174
0.85434
1.06575
0.77153
1.07171
0.84125
1.03624
0.82981
1.04679
0.85361
1.02127
0.82658
1.07952
0.82175
1.04781
0.83357
1.03783
0.8328
1.06907
0.83659
1.06997
0.84865
1.06815
0.81131
1.07861
0.83069
1.02701
0.82862
1.06684
0.85332
1.06027
0.82786
1.06003
0.83369
1.09094
0.84928
1.02724
0.97736
1.00684
1.11518
0.79976
1.06134
0.86497
1.07688
0.81246
1.05331
0.86593
1.06595
0.80109
1.09663
0.83424
1.09044
0.80469
1.07515
0.87602
1.07222
0.85113
1.11137
0.83906
1.05608
0.84404
1.07646
0.84876
1.17548
0.81731
1.05741
0.90723
1.04963
0.83492
1.0918
0.85895
1.07541
0.84597
1.08631
0.8334
1.13798
0.83544
1.02928
0.93124
1.08602
0.83733
1.09334
0.83957
1.10502
0.8551
1.09636
0.83896
1.08661
0.84099
1.13164
0.85552
1.10311
0.87584
1.08361
0.82133
1.12286
0.92732
1.04008
0.97646
1.05697
1.06695
0.90706
1.11705
0.835
1.11779
0.87435
1.12497
0.86932
1.10391
0.88066
1.11311
0.83869
1.10624
0.86371
1.10792
0.87415
1.09441
0.87464
1.11805
0.8636
1.10985
0.85036
1.08555
0.91161
1.12061
0.85806
1.01957
1.08992
