0.18804
0.34067
0.14045
0.14828
0.09938
0.30942
0.30084
0.28676
0.45309
0.17598
0.62385
0.38119
0.59139
0.42701
0.59983
0.40665
0.57261
0.42831
0.56076
0.39756
0.55906
0.37666
0.57302
0.40351
0.56046
0.40404
0.50632
0.44633
0.49662
0.40382
0.53498
0.38464
0.54619
0.37034
0.53556
0.39505
0.4826
0.45057
0.49285
0.40988
0.54737
0.40281
0.53659
0.41706
0.48357
0.46266
0.48626
0.43461
0.51718
0.42072
0.53303
0.39313
0.55029
0.42672
0.47248
0.47497
0.50684
0.44413
0.51765
0.41136
0.51422
0.4022
0.51104
0.42664
0.47443
0.45053
0.49126
0.414
0.49518
0.40259
0.4812
0.41892
0.46028
0.45762
0.47708
0.41146
0.46952
0.43423
0.49302
0.42939
0.46432
0.44137
0.449
0.41528
0.50617
0.41387
0.52471
0.41781
0.48738
0.43037
0.46452
0.45069
0.47245
0.43291
0.46958
0.44781
0.46271
0.43998
0.48694
0.4334
0.48077
0.42558
0.4713
0.48554
0.47533
0.42197
0.5199
0.4296
0.51585
0.42895
0.50493
0.43458
0.46453
0.47336
0.48437
0.44063
0.50116
0.4345
0.50608
0.42845
0.49276
0.47181
0.47416
0.45982
0.49791
0.43975
0.49001
0.43962
0.46841
0.48331
0.47389
0.4358
0.51048
0.42976
0.51813
0.43478
0.51016
0.42885
0.47709
0.47198
0.47655
0.45421
0.48313
0.44307
0.48752
0.44624
0.45636
0.45519
0.48934
0.43619
0.50294
0.43088
0.5006
0.43374
0.50364
0.45557
0.47008
0.46734
0.48579
0.45041
0.49302
0.45146
0.47194
0.48732
0.47262
0.44371
0.50918
0.44195
0.51346
0.43742
0.51169
0.43311
0.48692
0.48549
0.48735
0.44864
0.50668
0.44308
0.51487
0.43246
0.52145
0.44763
0.48562
0.48608
0.47891
0.46269
0.48934
0.44986
0.48261
0.4798
0.4675
0.44364
0.50155
0.4393
0.49964
0.42997
0.51927
0.44342
0.501
0.45861
0.47648
0.47066
0.48352
0.45485
0.49387
0.43263
0.50791
0.44019
0.4911
0.48325
0.46391
0.4809
0.4704
0.47752
0.44568
0.5056
0.43301
0.51271
0.43455
0.5071
0.43402
0.51325
0.46799
0.47264
0.46666
0.47568
0.45102
0.48382
0.45754
0.45715
0.4724
0.47738
0.43361
0.49123
0.42677
0.49456
0.41893
0.49484
0.4427
0.46842
0.46792
0.46511
0.42613
0.48836
0.42929
0.51137
0.42323
0.48507
0.42557
0.51211
0.43297
0.45987
0.4614
0.45985
0.42611
0.49163
0.42448
0.49324
0.41965
0.48899
0.43015
0.46701
0.4641
0.46157
0.42642
0.50424
0.42544
0.47598
0.41877
0.47534
0.44939
0.42576
0.48743
0.41019
0.51044
0.42105
0.48547
0.40829
0.50904
0.42398
0.49848
0.41646
0.50461
0.42841
0.4748
0.46443
0.44999
0.42661
0.52879
0.43247
0.48573
0.40895
0.5071
0.41402
0.49825
0.42393
0.47263
0.45327
0.43707
0.4265
0.51641
0.42293
0.48291
0.40588
0.50231
0.41698
0.48908
0.40443
0.51515
0.41798
0.48954
0.40138
0.48052
0.43535
0.43713
0.46006
0.46124
0.38611
0.49627
0.41472
0.48626
0.39986
0.48199
0.41345
0.47786
0.42511
0.43741
0.45931
0.46628
0.40661
0.49288
0.41387
0.504
0.41147
0.48649
0.40729
0.49832
0.41917
0.46569
0.46335
0.44375
0.42522
0.52965
0.43363
0.48391
0.40789
0.50436
0.41877
0.49124
0.42195
0.50395
0.41789
0.49995
0.42234
0.49595
0.44148
0.45885
0.46439
0.46365
0.41164
0.51648
0.4416
0.49935
0.41028
0.51766
0.43854
0.48675
0.4628
0.45166
0.47229
0.47358
0.41309
0.51357
0.43378
0.50904
0.42753
0.50599
0.4351
0.49488
0.45984
0.44949
0.47774
0.46516
0.4161
0.51359
0.44135
0.49661
0.41971
0.51088
0.43999
0.48065
0.47536
0.46235
0.45586
0.5263
0.45157
0.50493
0.42567
0.51639
0.43995
0.50865
0.43227
0.51152
0.43655
0.51065
0.43419
0.50707
0.46022
0.46134
0.47388
0.49133
0.43936
0.5107
0.44396
0.51945
0.43726
0.49811
0.45671
0.46229
0.4804
0.48526
0.44565
0.5084
0.43891
0.51456
0.44632
0.50069
0.43589
0.4744
0.48983
0.46985
0.4571
0.52395
0.45443
0.49896
0.42556
0.52348
0.45332
0.49418
0.45186
0.4558
0.46828
0.50381
0.45092
0.5056
0.43562
0.51687
0.44694
0.49206
0.46273
0.45903
0.48019
0.48893
0.43935
0.50912
0.44043
0.52032
0.44764
0.50272
0.46001
0.45514
0.47749
0.48498
0.44244
0.50242
0.44687
0.50856
0.43591
0.51001
0.44387
0.49278
0.48261
0.46942
0.47104
0.49935
0.44923
0.50305
0.43598
0.51877
0.44923
0.50096
0.45564
0.46374
0.46583
0.50006
0.44619
0.50585
0.44149
0.51729
0.44206
0.50449
0.44191
0.47451
0.48639
0.49795
0.45621
0.50199
0.44217
0.51311
0.4444
0.5117
0.44618
0.46959
0.46718
0.4893
0.44619
0.51017
0.45156
0.50161
0.44074
0.51387
0.45628
0.46644
0.48159
0.48959
0.44478
0.49684
0.46164
0.46368
0.49783
0.47859
0.44608
0.49361
0.44762
0.50875
0.4399
0.50601
0.44455
0.50687
0.4555
0.47232
0.49335
0.50233
0.45111
0.50832
0.4455
0.50763
0.44344
0.50952
0.44145
0.51182
0.45735
0.4546
0.48281
0.47785
0.45326
0.50026
0.4498
0.51964
0.4455
0.50487
0.44479
0.48552
0.4925
0.4716
0.46172
0.52492
0.45941
0.50262
0.438
0.51343
0.42965
0.49609
0.48409
0.47843
0.4571
0.50967
0.45182
0.50938
0.44636
0.50608
0.4417
0.50889
0.48012
0.47568
0.46089
0.51197
0.45084
0.50862
0.4393
0.50998
0.4533
0.48807
0.47869
0.48115
0.45338
0.51021
0.45018
0.50763
0.43668
0.50851
0.45653
0.46685
0.48153
0.49207
0.45371
0.49889
0.44456
0.51784
0.44621
0.50741
0.44812
0.48091
0.49142
0.49454
0.46247
0.49735
0.44737
0.52182
0.45113
0.50563
0.44488
0.48422
0.48833
0.48134
0.45151
0.51515
0.45507
0.50541
0.44133
0.50785
0.44339
0.49961
0.46806
0.47743
0.46783
0.50698
0.45076
0.50934
0.45058
0.50724
0.44362
0.50648
0.46637
0.46232
0.47634
0.49236
0.45095
0.50134
0.45506
0.51247
0.44492
0.50589
0.44731
0.48649
0.49109
0.48794
0.45717
0.50384
0.44517
0.52274
0.45546
0.49695
0.45487
0.46553
0.49395
0.47662
0.45146
0.51036
0.45473
0.50412
0.44967
0.50399
0.43762
0.51638
0.47455
0.46581
0.47157
0.5016
0.4561
0.49781
0.43946
0.51915
0.45868
0.49879
0.4485
0.47545
0.48764
0.49332
0.46013
0.49615
0.4455
0.5189
0.45287
0.50103
0.45048
0.46889
0.49785
0.49423
0.45477
0.49681
0.4455
0.51226
0.44828
0.50263
0.4535
0.47353
0.48266
0.49792
0.45614
0.49786
0.44801
0.51848
0.44376
0.50854
0.45482
0.49219
0.48639
0.48843
0.45973
0.50418
0.45023
0.50502
0.44628
0.51962
0.44593
0.49847
0.47326
0.47793
0.47976
0.47674
0.45646
0.51417
0.45651
0.51342
0.44401
0.51164
0.45132
0.47169
0.49091
0.49076
0.45217
0.50823
0.45079
0.50673
0.44904
0.50855
0.46358
0.45787
0.47451
0.49308
0.4496
0.5066
0.44562
0.51408
0.44749
0.50097
0.45082
0.4684
0.48639
0.48729
0.45032
0.50231
0.45035
0.50684
0.43975
0.5039
0.44872
0.51161
0.45783
0.46732
0.48036
0.49554
0.4532
0.50733
0.45112
0.51149
0.44493
0.50556
0.46213
0.46214
0.48145
0.4963
0.45118
0.49717
0.44759
0.51366
0.44693
0.49459
0.46088
0.4671
0.46896
0.50207
0.44575
0.50741
0.44531
0.50526
0.44851
0.50512
0.44417
0.51383
0.4457
0.50258
0.44422
0.50709
0.45127
0.47278
0.48376
0.49286
0.45429
0.49277
0.45214
0.51106
0.44423
0.50837
0.45251
0.48087
0.47872
0.48453
0.46117
0.49985
0.44961
0.50587
0.44221
0.50419
0.44011
0.50543
0.44971
0.50851
0.44428
0.49668
0.48386
0.47335
0.46523
0.50028
0.45319
0.5007
0.44023
0.52068
0.44651
0.49908
0.45838
0.46785
0.48219
0.485
0.4423
0.50046
0.44789
0.50342
0.44546
0.50368
0.44603
0.47235
0.48951
0.46868
0.4549
0.51646
0.45206
0.49717
0.44671
0.50431
0.44086
0.50324
0.44693
0.47933
0.48728
0.48763
0.44975
0.49521
0.44374
0.51035
0.4422
0.50336
0.43686
0.48809
0.48316
0.46582
0.46338
0.51211
0.44965
0.49629
0.44212
0.50823
0.44285
0.49163
0.46279
0.45963
0.48037
0.48852
0.44314
0.49393
0.44314
0.50994
0.43804
0.49746
0.44785
0.47149
0.4889
0.48069
0.44406
0.51202
0.43391
0.49865
0.43997
0.51194
0.43854
0.48223
0.46626
0.46677
0.45975
0.49774
0.43764
0.51278
0.44554
0.49537
0.43141
0.51035
0.44255
0.48582
0.46812
0.45859
0.47386
0.46075
0.45738
0.53256
0.44565
0.49306
0.43735
0.51388
0.44161
0.49276
0.45046
0.46129
0.48834
0.4598
0.45182
0.51696
0.44237
0.48651
0.43851
0.51486
0.43858
0.49408
0.43836
0.49716
0.43153
0.51087
0.44013
0.47297
0.48136
0.47652
0.44686
0.51236
0.44159
0.48855
0.43576
0.49739
0.4398
0.49791
0.43164
0.5043
0.43982
0.49314
0.4338
0.51508
0.43472
0.48375
0.47564
0.46655
0.44818
0.51277
0.44059
0.49543
0.43487
0.51183
0.43742
0.4949
0.43826
0.50255
0.43015
0.50372
0.43818
0.51322
0.43607
0.50036
0.45144
0.45845
0.47317
0.4753
0.44058
0.51422
0.44239
0.49748
0.43805
0.50041
0.43427
0.49606
0.43274
0.4909
0.47713
0.45272
0.45608
0.47894
0.43582
0.50786
0.43802
0.49411
0.42759
0.5129
0.43576
0.48515
0.45379
0.45144
0.46221
0.48034
0.43003
0.50018
0.43321
0.50574
0.43792
0.49933
0.43881
0.46337
0.47817
0.45095
0.44536
0.52392
0.42897
0.48833
0.43439
0.51228
0.43431
0.47939
0.44252
0.45943
0.48087
0.45805
0.44325
0.51299
0.44358
0.47963
0.43259
0.5108
0.42968
0.49487
0.43215
0.49613
0.4312
0.50034
0.42225
0.50505
0.42448
0.49775
0.43399
0.48952
0.44039
0.45105
0.45909
0.47098
0.42592
0.51031
0.43652
0.48274
0.42455
0.51557
0.41972
0.48688
0.43173
0.5084
0.42649
0.49695
0.4489
0.44641
0.48615
0.43775
0.4965
0.43214
0.47904
0.4329
0.49729
0.41985
0.49112
0.42802
0.49374
0.42583
0.48594
0.45176
0.43849
0.4605
0.42672
0.53407
0.43315
0.47749
0.43045
0.50138
0.41843
0.48872
0.42535
0.49491
0.42291
0.49269
0.42527
0.48456
0.4287
0.45091
0.48366
0.45884
0.42571
0.50754
0.41779
0.48384
0.42182
0.50722
0.42196
0.4741
0.42258
0.49242
0.41724
0.48827
0.421
0.49477
0.42043
0.49642
0.41893
0.49017
0.42649
0.46119
0.48397
0.41994
0.48118
0.41535
0.50445
0.41492
0.49767
0.42614
0.48137
0.41614
0.4774
0.44538
0.4287
0.49977
0.40847
0.48958
0.41052
0.49154
0.41087
0.50097
0.41892
0.46696
0.41667
0.5073
0.41223
0.47141
0.43355
0.44379
0.46763
0.42168
0.4724
0.40908
0.4998
0.40188
0.48084
0.41426
0.49272
0.40554
0.48098
0.40999
0.50629
0.41317
0.46896
0.40776
0.53016
0.42099
0.45959
0.43739
0.41779
0.48258
0.41767
0.48874
0.41261
0.49306
0.40102
0.49683
0.41164
0.47815
0.40069
0.49825
0.40614
0.47675
0.4031
0.4896
0.40843
0.47983
0.42711
0.42343
0.47947
0.40184
0.5208
0.40661
0.46294
0.40106
0.50263
0.40762
0.45909
0.39272
0.51096
0.39941
0.47419
0.4017
0.49236
0.40185
0.48303
0.40498
0.47053
0.40003
0.48692
0.40239
0.47861
0.40508
0.48076
0.39987
0.49022
0.4026
0.47485
0.40459
0.46414
0.40933
0.43879
0.4906
0.39325
0.45213
0.39832
0.49235
0.40587
0.47548
0.38906
0.50319
0.39807
0.47347
0.3981
0.48263
0.38896
0.50475
0.40111
0.47181
0.39862
0.48316
0.40205
0.4722
0.38832
0.48716
0.39728
0.47965
0.40671
0.45545
0.39243
0.50572
0.4112
0.45254
0.38844
0.52551
0.40904
0.44354
0.41255
0.43916
0.38776
0.5237
0.39993
0.46823
0.39542
0.49563
0.39159
0.48023
0.38789
0.47986
0.39747
0.46912
0.39123
0.48729
0.40556
0.43949
0.44291
0.39676
0.4728
0.39213
0.4893
0.38772
0.48501
0.39874
0.48334
0.38209
0.47922
0.3979
0.46041
0.38963
0.46715
0.41116
0.48786
0.40058
0.46651
0.38124
0.46969
0.37897
0.47062
0.3939
0.46901
0.38384
0.4825
0.3786
0.4704
0.38703
0.48145
0.38582
0.47586
0.38518
0.50303
0.38024
0.46102
0.40511
0.4132
0.48591
0.38565
0.49177
0.3858
0.46326
0.38899
0.47606
0.3818
0.47526
0.39238
0.45929
0.38189
0.48133
0.38752
0.50695
0.37781
0.45069
0.37819
0.49719
0.38399
0.46364
0.38455
0.48038
0.38115
0.46906
0.37202
0.48437
0.38582
0.45186
0.37139
0.49244
0.37733
0.44671
0.38374
0.51223
0.36452
0.43336
0.42739
0.39073
0.48925
0.38125
0.45313
0.37435
0.51015
0.37428
0.45551
0.38443
0.47754
0.39435
0.47471
0.37857
0.47474
0.3714
0.48937
0.38057
0.46785
0.38438
0.46969
0.37235
0.44758
0.38038
0.507
0.37764
0.44864
0.3761
0.49749
0.37611
0.46342
0.37179
0.47369
0.37583
0.46285
0.37616
0.47881
0.37083
0.46943
0.3684
0.47779
0.37169
0.46712
0.37135
0.47297
0.37804
0.45756
0.37115
0.48702
0.36792
0.46218
0.38238
0.4785
0.37816
0.45893
0.36841
0.4777
0.36936
0.47323
0.37087
0.46615
0.38553
0.41991
0.42724
0.36568
0.5036
0.3739
0.44339
0.37164
0.49846
0.37255
0.44824
0.36972
0.48343
0.36213
0.46594
0.36634
0.48402
0.36778
0.4451
0.36255
0.46848
0.37395
0.46409
0.36738
0.46691
0.3741
0.45712
0.36079
0.48353
0.37368
0.44457
0.37334
0.47356
0.36429
0.46008
0.36736
0.46356
0.35945
0.47407
0.36389
0.46637
0.37328
0.44368
0.36987
0.45804
0.36066
0.47825
0.36318
0.46024
0.35361
0.4797
0.35993
0.47276
0.3548
0.46136
0.35869
0.45625
0.3625
0.48135
0.36999
0.43278
0.37466
0.41544
0.38586
0.40305
0.4664
0.37051
0.46964
0.35476
0.45287
0.36119
0.45995
0.35733
0.45778
0.36204
0.4661
0.36079
0.46305
0.36065
0.45533
0.35856
0.46102
0.35111
0.45686
0.36304
0.47519
0.36783
0.44219
0.36754
0.47031
0.38858
0.3898
