0.77602
0.33375
0.80634
0.81402
0.70958
0.65923
0.33024
0.66479
0.33781
0.78021
0.45276
0.71442
0.50953
0.70105
0.49528
0.72065
0.53169
0.67144
0.53389
0.66667
0.49758
0.66743
0.46332
0.64704
0.4555
0.62469
0.49574
0.56254
0.51127
0.59157
0.46326
0.60165
0.45297
0.61467
0.45981
0.58606
0.48987
0.53507
0.49695
0.55694
0.45608
0.58169
0.44961
0.56515
0.48052
0.5361
0.49498
0.5471
0.47605
0.561
0.45823
0.57843
0.44526
0.56487
0.49401
0.52807
0.49416
0.53676
0.46852
0.55743
0.46819
0.56454
0.4661
0.54774
0.50772
0.51688
0.484
0.54701
0.46208
0.54346
0.46092
0.54792
0.49959
0.49598
0.50235
0.55013
0.48902
0.52675
0.47014
0.52974
0.48688
0.51851
0.51717
0.54601
0.46964
0.56324
0.441
0.55366
0.46925
0.54649
0.4873
0.50735
0.48785
0.54436
0.48233
0.51384
0.51171
0.52803
0.47175
0.53126
0.47209
0.53857
0.48608
0.49231
0.50451
0.54278
0.46025
0.54757
0.45655
0.55275
0.46912
0.54586
0.50465
0.50971
0.49177
0.53399
0.46992
0.54317
0.46592
0.54476
0.47607
0.52445
0.50693
0.51348
0.48099
0.538
0.47696
0.52861
0.48568
0.49553
0.49882
0.53901
0.46186
0.54926
0.46098
0.54262
0.46589
0.55023
0.492
0.50962
0.49182
0.52412
0.48267
0.52729
0.47216
0.5181
0.50777
0.50473
0.47992
0.54594
0.47713
0.54281
0.46597
0.55235
0.46452
0.52771
0.50638
0.50416
0.4855
0.52581
0.47506
0.52451
0.49238
0.4975
0.50643
0.5227
0.47229
0.54171
0.46322
0.54432
0.46762
0.54335
0.48274
0.49806
0.49363
0.52911
0.46572
0.53558
0.46225
0.55097
0.45768
0.5356
0.47518
0.50537
0.49866
0.51732
0.47843
0.52401
0.47893
0.49832
0.50531
0.5247
0.4734
0.54395
0.46863
0.54169
0.46301
0.54583
0.46687
0.52792
0.49577
0.5064
0.48574
0.52314
0.47335
0.53873
0.46896
0.54604
0.47683
0.49111
0.52409
0.48692
0.50649
0.49134
0.52159
0.46848
0.54615
0.45843
0.53956
0.46715
0.53065
0.45497
0.52308
0.49575
0.50038
0.48192
0.51766
0.46628
0.51616
0.48488
0.4839
0.48735
0.54344
0.45906
0.52986
0.45745
0.55449
0.45285
0.53938
0.47722
0.48771
0.48343
0.538
0.46035
0.53254
0.44895
0.54993
0.46522
0.52471
0.45341
0.52707
0.48144
0.48114
0.48197
0.52369
0.45445
0.54002
0.45337
0.54831
0.45688
0.52647
0.47294
0.49105
0.4823
0.50816
0.43837
0.54485
0.46462
0.52031
0.45961
0.5013
0.52678
0.45152
0.53643
0.4389
0.53651
0.45524
0.53986
0.43695
0.52596
0.44804
0.54537
0.45
0.53762
0.45802
0.48722
0.48732
0.49842
0.43807
0.53241
0.45567
0.53344
0.43995
0.54681
0.43864
0.53033
0.45554
0.50236
0.49299
0.49458
0.4417
0.53711
0.45008
0.53504
0.4327
0.53089
0.44191
0.53553
0.42941
0.52884
0.44586
0.54384
0.44174
0.51116
0.47576
0.46517
0.47213
0.54134
0.44637
0.52514
0.44353
0.5481
0.44304
0.53514
0.44138
0.51968
0.46927
0.4624
0.46558
0.56192
0.44215
0.52396
0.43432
0.54156
0.44399
0.53237
0.44019
0.53127
0.46012
0.49477
0.49945
0.50041
0.42083
0.52284
0.45335
0.54383
0.44372
0.54107
0.44504
0.53585
0.43954
0.54553
0.44788
0.52181
0.4526
0.54087
0.48237
0.47653
0.48013
0.52624
0.44287
0.52709
0.45471
0.54056
0.44253
0.5292
0.46098
0.5079
0.48967
0.47259
0.47468
0.55464
0.4506
0.52767
0.45032
0.54434
0.44693
0.53577
0.45689
0.50942
0.49173
0.47349
0.48883
0.52447
0.44963
0.53324
0.46433
0.54818
0.45089
0.53532
0.46368
0.49594
0.49793
0.496
0.45357
0.53533
0.46792
0.5406
0.44881
0.53601
0.45775
0.53816
0.45558
0.54267
0.45802
0.5446
0.45566
0.51823
0.50045
0.48962
0.47935
0.53884
0.46031
0.53054
0.45527
0.53898
0.46162
0.5194
0.49805
0.48155
0.48754
0.53827
0.45988
0.53256
0.45459
0.53568
0.46534
0.54107
0.48032
0.48228
0.49207
0.50005
0.45085
0.52547
0.47362
0.53563
0.45592
0.53429
0.47341
0.52196
0.4978
0.4902
0.46877
0.53402
0.46312
0.5343
0.45806
0.53171
0.47349
0.51653
0.49886
0.48298
0.4922
0.52712
0.45931
0.52813
0.46044
0.53865
0.46656
0.51958
0.49177
0.48702
0.48158
0.53552
0.46257
0.53497
0.45931
0.53766
0.4628
0.53722
0.46892
0.49345
0.49189
0.48702
0.48007
0.54199
0.47039
0.52952
0.45424
0.54064
0.46708
0.52107
0.49647
0.49028
0.47267
0.52947
0.46174
0.532
0.45911
0.5345
0.46047
0.53642
0.48043
0.48744
0.47998
0.51224
0.46518
0.53576
0.45758
0.53164
0.46002
0.52774
0.48586
0.48861
0.48917
0.51897
0.46025
0.52408
0.46608
0.52826
0.45914
0.53216
0.49081
0.48489
0.48256
0.51853
0.46966
0.50449
0.49046
0.46576
0.50091
0.53254
0.4671
0.51408
0.45829
0.54452
0.46707
0.53021
0.45767
0.52785
0.48607
0.47336
0.47636
0.51615
0.46527
0.52939
0.4608
0.53364
0.46497
0.53399
0.45834
0.51909
0.50227
0.48693
0.4955
0.51356
0.46349
0.52
0.46224
0.53922
0.46468
0.53224
0.47539
0.4853
0.49561
0.49933
0.45612
0.52237
0.47125
0.5302
0.46562
0.52725
0.46507
0.49154
0.50108
0.51386
0.45978
0.52007
0.46207
0.54177
0.46599
0.52335
0.45848
0.50056
0.50539
0.49969
0.46859
0.52798
0.46728
0.53572
0.46535
0.52529
0.46844
0.49261
0.50068
0.51122
0.45981
0.52792
0.46698
0.53179
0.46108
0.52902
0.49082
0.48283
0.48242
0.52019
0.46762
0.52642
0.4586
0.52966
0.46693
0.52948
0.47888
0.48092
0.47581
0.51593
0.46962
0.52417
0.46106
0.53264
0.46601
0.52979
0.47015
0.48512
0.49485
0.51133
0.4597
0.5242
0.46416
0.53271
0.46498
0.53481
0.46636
0.50446
0.51089
0.4968
0.46895
0.52776
0.4667
0.53115
0.46712
0.53385
0.46532
0.51711
0.5027
0.48713
0.48215
0.52702
0.46604
0.51561
0.46564
0.54251
0.46722
0.52927
0.47528
0.47894
0.4862
0.51756
0.46681
0.51975
0.46044
0.53593
0.4717
0.51778
0.49382
0.47787
0.49418
0.50667
0.46628
0.52786
0.46706
0.52573
0.46516
0.5295
0.46137
0.50869
0.50167
0.49253
0.47231
0.51809
0.46835
0.52898
0.46016
0.52373
0.46758
0.53629
0.48227
0.47684
0.48265
0.51011
0.46893
0.52621
0.45697
0.52492
0.46365
0.52628
0.48724
0.47683
0.48118
0.52155
0.46777
0.51533
0.45841
0.53495
0.46539
0.52461
0.48446
0.47983
0.48789
0.51594
0.46648
0.52268
0.45854
0.53099
0.4622
0.52714
0.47101
0.50049
0.50793
0.50872
0.46559
0.52757
0.46648
0.52632
0.46106
0.52797
0.46479
0.50808
0.5064
0.48692
0.48616
0.50633
0.45749
0.52259
0.46373
0.52197
0.4649
0.52917
0.48204
0.4832
0.48332
0.51503
0.46512
0.52672
0.46392
0.52735
0.46517
0.51663
0.49725
0.48769
0.48187
0.5195
0.46384
0.53014
0.46303
0.52759
0.46702
0.52249
0.48517
0.47969
0.49045
0.51985
0.46762
0.51986
0.46333
0.53459
0.46688
0.51712
0.46759
0.52925
0.48846
0.47724
0.48328
0.51731
0.46401
0.52432
0.46209
0.52668
0.46686
0.51435
0.48845
0.482
0.47782
0.53023
0.46543
0.52131
0.46232
0.53803
0.46752
0.50566
0.49648
0.48684
0.47305
0.52995
0.46296
0.52033
0.46219
0.53426
0.4647
0.51772
0.45721
0.53709
0.46048
0.52509
0.46223
0.53071
0.47864
0.47649
0.49206
0.52243
0.47021
0.5098
0.46668
0.53763
0.46012
0.51797
0.47301
0.49723
0.51638
0.50431
0.46524
0.52359
0.46351
0.53288
0.46646
0.52736
0.45972
0.52287
0.46392
0.52839
0.46124
0.48611
0.49779
0.49554
0.47103
0.5201
0.46496
0.52401
0.45706
0.52349
0.4598
0.51979
0.4831
0.48041
0.49035
0.51907
0.46866
0.52141
0.46225
0.52369
0.46442
0.52821
0.47543
0.47794
0.48958
0.50048
0.45512
0.52086
0.4676
0.52606
0.46114
0.5302
0.46052
0.52192
0.47279
0.47963
0.48705
0.51891
0.46752
0.51837
0.45505
0.53047
0.46045
0.53118
0.47381
0.48989
0.49378
0.4935
0.45562
0.53296
0.46604
0.52369
0.4561
0.52818
0.4655
0.50424
0.50061
0.47374
0.47467
0.52733
0.46572
0.51898
0.45475
0.53331
0.4621
0.5232
0.47752
0.48293
0.47754
0.51279
0.46097
0.52646
0.45867
0.52194
0.45407
0.53024
0.47151
0.48967
0.50346
0.48647
0.46746
0.54697
0.4507
0.51727
0.45909
0.52977
0.45106
0.51749
0.46671
0.49681
0.50381
0.47669
0.49233
0.48894
0.46654
0.52637
0.46158
0.52014
0.45096
0.53029
0.46668
0.50759
0.48301
0.47696
0.49622
0.49804
0.44737
0.52125
0.462
0.51024
0.45615
0.54568
0.45523
0.51557
0.46232
0.53231
0.45682
0.51874
0.4729
0.46922
0.48423
0.51424
0.45708
0.52379
0.46116
0.52472
0.46259
0.52807
0.45872
0.52795
0.45558
0.52412
0.46254
0.52442
0.46394
0.51966
0.46275
0.48663
0.48931
0.50175
0.45836
0.5214
0.45706
0.51767
0.45317
0.53353
0.46118
0.5181
0.46026
0.53593
0.45419
0.51924
0.45472
0.5302
0.45814
0.51631
0.49604
0.47146
0.47907
0.50826
0.45131
0.5149
0.45552
0.5296
0.45184
0.52022
0.46219
0.52432
0.46511
0.49331
0.50061
0.47932
0.46721
0.52787
0.45389
0.52307
0.45401
0.52473
0.45803
0.52478
0.45459
0.50498
0.49494
0.48059
0.46639
0.53125
0.4582
0.5194
0.45374
0.5187
0.45712
0.52036
0.47398
0.4726
0.48808
0.49093
0.45956
0.53005
0.45423
0.5173
0.45091
0.52308
0.45958
0.50429
0.47199
0.46254
0.49249
0.51591
0.44991
0.5174
0.46035
0.51235
0.44436
0.52087
0.45415
0.51303
0.44807
0.53016
0.45279
0.51784
0.45093
0.52312
0.44872
0.51974
0.4543
0.51465
0.47829
0.4728
0.46403
0.52066
0.44703
0.51507
0.45291
0.52576
0.45055
0.52153
0.4548
0.50842
0.44148
0.51667
0.44775
0.50472
0.48271
0.45595
0.4956
0.4543
0.5485
0.46155
0.50125
0.44141
0.54047
0.44787
0.50525
0.44597
0.52991
0.4559
0.49507
0.48843
0.46227
0.49009
0.44184
0.5308
0.45536
0.49764
0.44444
0.53703
0.44546
0.51546
0.44362
0.52387
0.44483
0.52616
0.45135
0.51404
0.46689
0.4575
0.47017
0.49796
0.44603
0.5275
0.44213
0.50632
0.43944
0.52769
0.44944
0.50787
0.44989
0.5263
0.44061
0.51752
0.44131
0.51968
0.44225
0.51384
0.44395
0.52001
0.45976
0.46148
0.51483
0.444
0.5115
0.44371
0.51683
0.43543
0.51623
0.44297
0.51316
0.44404
0.4905
0.48373
0.45767
0.51763
0.4334
0.5137
0.43922
0.5155
0.43673
0.50853
0.44437
0.50111
0.43038
0.52924
0.44965
0.48751
0.46084
0.45204
0.55491
0.44387
0.50475
0.43927
0.53269
0.43828
0.50223
0.43698
0.53336
0.43995
0.51943
0.4372
0.50915
0.43903
0.50401
0.4496
0.52116
0.43903
0.47737
0.48554
0.43296
0.53606
0.43377
0.49325
0.43463
0.5354
0.43056
0.5105
0.43537
0.516
0.43709
0.5143
0.43035
0.5158
0.43215
0.50896
0.43666
0.49183
0.46562
0.44199
0.49567
0.43662
0.52154
0.42566
0.50101
0.42901
0.53435
0.44103
0.50125
0.4352
0.51895
0.42951
0.51026
0.42664
0.52089
0.44043
0.50741
0.43042
0.51789
0.42741
0.50625
0.42676
0.5119
0.42196
0.51445
0.43012
0.50419
0.42562
0.51981
0.43158
0.48341
0.45087
0.46244
0.53776
0.44041
0.49493
0.41987
0.50374
0.42786
0.52106
0.43401
0.50215
0.42239
0.51145
0.42757
0.50347
0.42225
0.51511
0.42253
0.52398
0.4341
0.52199
0.42999
0.50961
0.42684
0.51822
0.42241
0.49629
0.43814
0.49762
0.43177
0.52248
0.42726
0.50869
0.43173
0.51085
0.43492
0.46369
0.43921
0.49425
0.43605
0.50547
0.41873
0.52076
0.41857
0.50249
0.42142
0.52176
0.42955
0.51148
0.41551
0.51021
0.41149
0.48206
0.432
0.44698
0.55119
0.4225
0.4953
0.42164
0.50768
0.42291
0.52371
0.41346
0.51099
0.41611
0.50984
0.4194
0.49412
0.41659
0.55147
0.40615
0.48681
0.41761
0.53435
0.41679
0.50344
0.41491
0.54507
0.41426
0.50494
0.41569
0.52552
0.41389
0.51199
0.40767
0.52649
0.41454
0.49627
0.41927
0.51719
0.41189
0.47857
0.44917
0.41791
0.50612
0.43095
0.49038
0.41271
0.51836
0.41771
0.50486
0.42147
0.50025
0.41644
0.5136
0.41971
0.48108
0.41341
0.53404
0.40633
0.48066
0.40055
0.50256
0.41292
0.49533
0.42016
0.52219
0.40824
0.49084
0.40452
0.52097
0.40428
0.48972
0.40768
0.52271
0.41419
0.49746
0.42044
0.51614
0.42222
0.44743
0.46821
0.41319
0.52317
0.40984
0.49503
0.4246
0.5098
0.41492
0.47998
0.39834
0.52645
0.40636
0.4847
0.40539
0.50211
0.40689
0.49876
0.40914
0.51784
0.39734
0.50782
0.4094
0.50238
0.42021
0.51203
0.39801
0.49148
0.41103
0.49248
0.3993
0.49478
0.41852
0.51993
0.39814
0.50611
0.41646
0.52515
0.40259
0.49072
0.40754
0.51387
0.40016
0.49887
0.40433
0.51917
0.41169
0.48202
0.39489
0.51106
0.41144
0.4925
0.39748
0.51264
0.3993
0.49129
0.40283
0.49972
0.40093
0.52224
0.3963
0.47819
0.41452
0.4337
0.48263
0.41749
0.52163
0.39488
0.48702
0.40326
0.518
0.39377
0.48754
0.39518
0.50048
0.40529
0.50087
0.39
0.51387
0.39413
0.48768
0.39621
0.51979
0.3966
0.48775
0.41206
0.49793
0.38731
0.50975
0.42413
0.48278
0.38481
0.51592
0.38909
0.50553
0.39436
0.50082
0.38728
0.4931
0.39554
0.52128
0.39918
0.46313
0.39735
0.55563
0.3857
0.47566
0.39173
0.50697
0.39021
0.48868
0.4066
0.5057
0.39958
0.50674
0.40282
0.48763
0.38847
0.49116
0.39258
0.5188
0.39355
0.46673
0.39851
0.498
0.43345
0.42198
0.5211
0.39312
0.48565
0.38313
0.50219
0.39441
0.48699
0.38053
0.51674
0.39222
0.47361
0.3855
0.52211
0.38971
0.48315
0.38864
0.51893
0.39505
0.49471
0.38687
0.49098
0.38246
0.51907
0.41644
0.46727
0.41537
