4.5515
2.00017
4.40692
4.32772
2.90637
4.40961
2.95421
2.93634
3.41026
3.20194
4.00921
3.68656
3.19512
3.08426
2.9878
2.63615
2.75406
2.43541
2.55217
2.24057
2.4163
2.13243
2.28727
2.03654
2.21769
1.92819
2.0965
1.94419
1.95274
1.77732
1.88105
1.77108
1.85913
1.76789
1.84884
1.68899
1.8578
1.68442
1.68381
1.66327
1.75
1.66662
1.73494
1.57271
1.74776
1.65467
1.6375
1.58942
1.6419
1.59464
1.65106
1.61093
1.65581
1.54661
1.67606
1.67037
1.59434
1.53643
1.58488
1.53315
1.57751
1.5155
1.53232
1.56518
1.68833
1.52345
1.53286
1.48881
1.54644
1.4648
1.59366
1.48864
1.61555
1.5372
1.55427
1.49735
1.51332
1.51462
1.50267
1.49609
1.54403
1.49421
1.55344
1.50486
1.51301
1.49901
1.54665
1.45726
1.53589
1.46515
1.58715
1.47142
1.53131
1.47696
1.47083
1.48142
1.55458
1.45872
1.47705
1.45397
1.49489
1.48385
1.49645
1.57286
1.4583
1.49846
1.52126
1.46636
1.48594
1.47606
1.46959
1.49261
1.62387
1.51497
1.48628
1.46983
1.47142
1.46368
1.48895
1.44905
1.48427
1.57147
1.52822
1.44154
1.47391
1.45851
1.45581
1.45072
1.53832
1.49852
1.47652
1.48089
1.48099
1.46304
1.46112
1.4378
1.44782
1.53948
1.58861
1.49125
1.45848
1.4404
1.45466
1.42873
1.44088
1.4515
1.53696
1.44127
1.50403
1.44412
1.48482
1.42078
1.44218
1.47389
1.47879
1.4774
1.56949
1.45005
1.44876
1.42824
1.44318
1.44059
1.49163
1.48617
1.47203
1.46722
1.45978
1.43182
1.45193
1.4355
1.45447
1.47274
1.52209
1.52402
1.44555
1.44503
1.43812
1.4265
1.44023
1.45844
1.46746
1.44693
1.52686
1.51941
1.45261
1.4264
1.41982
1.44237
1.44206
1.48067
1.47327
1.44879
1.46758
1.43161
1.4168
1.43523
1.47551
1.43559
1.44216
1.49291
1.53171
1.43659
1.43545
1.41906
1.43698
1.44161
1.43798
1.44917
1.42234
1.51186
1.4753
1.4518
1.43571
1.43602
1.42275
1.45249
1.43175
1.43137
1.43145
1.40324
1.41559
1.53226
1.4831
1.46615
1.40495
1.41092
1.41583
1.45915
1.40971
1.41635
1.47856
1.41578
1.43152
1.41463
1.39784
1.39358
1.45144
1.45552
1.47578
1.42477
1.42393
1.43287
1.43076
1.38465
1.39932
1.44997
1.44498
1.36141
1.38276
1.48083
1.46173
1.45153
1.39923
1.41148
1.4069
1.43006
1.40815
1.42498
1.42308
1.41942
1.40811
1.44484
1.45662
1.38841
1.38677
1.44297
1.40396
1.38524
1.3664
1.38202
1.38982
1.56139
1.39842
1.40347
1.45951
1.40608
1.38338
1.43302
1.44371
1.3781
1.3973
1.41796
1.43359
1.42723
1.42672
1.47602
1.37216
1.37435
1.51423
1.37313
1.36938
1.40298
1.41047
1.42255
1.40267
1.38602
1.38243
1.46386
1.40546
1.36031
1.476
1.37105
1.35872
1.40338
1.43098
1.3749
1.37553
1.39997
1.44296
1.36847
1.37125
1.42956
1.42424
1.38221
1.452
1.36369
1.33781
1.47783
1.39716
1.3645
1.38924
1.42313
1.38577
1.40594
1.40148
1.39171
1.43451
1.38902
1.38178
1.47364
1.36964
1.37323
1.42649
1.41515
1.36958
1.41183
1.44723
1.39761
1.36016
1.48006
1.38776
1.39583
1.52238
1.35733
1.36985
1.41715
1.44416
1.41472
1.38897
1.40695
1.41989
1.42728
1.39712
1.37094
1.44204
1.46916
1.41709
1.40455
1.36834
1.48456
1.44445
1.37424
1.38562
1.44257
1.4417
1.3916
1.39768
1.45011
1.4516
1.38391
1.37637
1.52421
1.41301
1.38411
1.4205
1.43587
1.4106
1.41441
1.42724
1.43006
1.46779
1.38477
1.36177
1.52274
1.43979
1.38975
1.4019
1.46549
1.4279
1.42239
1.40585
1.45996
1.4165
1.39924
1.50739
1.38805
1.38538
1.45201
1.45238
1.40877
1.41079
1.43346
1.43501
1.42388
1.43698
1.44339
1.43209
1.46243
1.47031
1.4247
1.40702
1.44975
1.4084
1.39928
1.42991
1.43276
1.41488
1.44265
1.47203
1.4264
1.4194
1.44404
1.39978
1.40886
1.43083
1.40288
1.41018
1.47052
1.43902
1.45312
1.41903
1.4024
1.48407
1.38085
1.37962
1.44513
1.45981
1.40176
1.39181
1.45857
1.51375
1.41012
1.41858
1.40903
1.39791
1.42202
1.43543
1.40374
1.40858
1.47052
1.47959
1.40223
1.39706
1.44203
1.41291
1.40196
1.43876
1.41842
1.41388
1.4339
1.47765
1.4191
1.40673
1.44039
1.40081
1.40712
1.40395
1.4256
1.42305
1.44046
1.43719
1.47698
1.40591
1.37429
1.44018
1.42309
1.37872
1.42164
1.44255
1.41524
1.40623
1.44191
1.4838
1.41826
1.40923
1.41265
1.3914
1.40203
1.44026
1.4137
1.411
1.42607
1.41901
1.50735
1.42512
1.38904
1.40001
1.40909
1.42381
1.4027
1.42
1.43073
1.4426
1.46255
1.41137
1.41392
1.41024
1.38577
1.40448
1.40898
1.43912
1.43366
1.43531
1.42216
1.42395
1.43636
1.40064
1.38351
1.39981
1.43859
1.41036
1.48935
1.3859
1.38145
1.41061
1.43613
1.40405
1.40317
1.42418
1.41145
1.41361
1.49755
1.42898
1.38988
1.40274
1.3993
1.41332
1.41101
1.40871
1.41335
1.42833
1.42806
1.47338
1.38948
1.39749
1.44768
1.40718
1.38762
1.42729
1.42457
1.40036
1.42241
1.41054
1.48885
1.39004
1.38231
1.47348
1.37906
1.37845
1.41195
1.41874
1.43661
1.44774
1.44412
1.40998
1.40115
1.40471
1.38587
1.41209
1.42412
1.3979
1.40707
1.45615
1.45766
1.43732
1.38531
1.4138
1.3957
1.38664
1.44129
1.41367
1.39564
1.42928
1.46147
1.42708
1.40513
1.39713
1.39424
1.39723
1.42483
1.41613
1.42325
1.44056
1.42225
1.41581
1.41554
1.38416
1.39766
1.42768
1.40392
1.40171
1.42394
1.437
1.46999
1.41419
1.38735
1.38954
1.39786
1.42975
1.3981
1.39938
1.41663
1.43118
1.48313
1.39275
1.40305
1.41975
1.38321
1.3955
1.41554
1.39639
1.42629
1.4073
1.4392
1.46892
1.37125
1.40779
1.40324
1.40131
1.40126
1.40442
1.413
1.42057
1.44484
1.4738
1.38636
1.39324
1.41993
1.38979
1.37913
1.41794
1.42762
1.39229
1.41553
1.43159
1.48785
1.3865
1.40467
1.38584
1.39569
1.43461
1.40692
1.38633
1.4239
1.46432
1.40562
1.37265
1.43753
1.43178
1.39155
1.38774
1.39578
1.38338
1.41738
1.44139
1.42016
1.44921
1.38933
1.41022
1.39966
1.38365
1.40719
1.42479
1.38153
1.39096
1.43843
1.42692
1.4469
1.41181
1.39103
1.38524
1.39923
1.41935
1.38653
1.40358
1.42486
1.42184
1.45243
1.41111
1.41253
1.3716
1.38927
1.42076
1.40361
1.3906
1.40769
1.42479
1.47015
1.41304
1.39061
1.37576
1.39229
1.42045
1.40916
1.40278
1.39311
1.39619
1.47448
1.44615
1.37593
1.38723
1.39851
1.40401
1.40113
1.41777
1.40426
1.39869
1.43313
1.44
1.38792
1.37161
1.41346
1.43263
1.38242
1.39902
1.38969
1.40084
1.41809
1.41134
1.45489
1.39739
1.39994
1.40165
1.38582
1.3899
1.3926
1.42773
1.40146
1.46621
1.40652
1.39446
1.40152
1.39034
1.39719
1.41936
1.3883
1.39485
1.41366
1.43405
1.44287
1.38502
1.41302
1.39228
1.38075
1.39666
1.422
1.39459
1.37388
1.44337
1.41424
1.41847
1.42895
1.3945
1.3959
1.39298
1.38654
1.40252
1.398
1.41264
1.39532
1.43421
1.4164
1.40403
1.4038
1.3712
1.39056
1.41225
1.41698
1.38834
1.39372
1.44718
1.38835
1.40131
1.40376
1.39751
1.38324
1.39137
1.40871
1.39304
1.38591
1.41102
1.41414
1.3846
1.3924
1.40225
1.40171
1.41741
1.44825
1.4182
1.39268
1.37403
1.37314
1.40106
1.41665
1.41202
1.38052
1.35778
1.44813
1.46504
1.38171
1.38416
1.38784
1.38079
1.40133
1.40583
1.40818
1.38938
1.3858
1.38829
1.41494
1.43469
1.4393
1.39149
1.37208
1.41323
1.38827
1.37625
1.39975
1.42662
1.3875
1.39285
1.39169
1.4316
1.41549
1.39044
1.39973
1.39533
1.38593
1.39247
1.38287
1.3906
1.40772
1.40873
1.43811
1.37906
1.38669
1.42746
1.3794
1.37323
1.38873
1.40878
1.39495
1.39126
1.38802
1.39202
1.47294
1.39746
1.3888
1.37374
1.38035
1.39427
1.39599
1.3772
1.42465
1.38641
1.43719
1.40134
1.36975
1.41826
1.39439
1.37165
1.38492
1.39901
1.38942
1.3907
1.38787
1.45342
1.3836
1.38998
1.40185
1.36527
1.37567
1.39981
1.39288
1.38246
1.40156
1.39925
1.46681
1.3657
1.38082
1.40406
1.40478
1.37306
1.37485
1.40164
1.40516
1.3852
1.40767
1.41232
1.36267
1.37513
1.43528
1.40963
1.37082
1.35475
1.41002
1.41037
1.37195
1.39086
1.42465
1.40395
1.35134
1.34613
1.38643
1.49417
1.38748
1.34571
1.37832
1.39977
1.39449
1.38511
1.37916
1.39593
1.41042
1.36162
1.38645
1.43495
1.38027
1.34522
1.36424
1.41096
1.43354
1.37491
1.36269
1.37079
1.39645
1.41222
1.39468
1.38843
1.44277
1.36198
1.38335
1.42519
1.37558
1.35541
1.3866
1.37907
1.38897
1.38037
1.40259
1.39437
1.38513
1.36409
1.40439
1.4116
1.39906
1.39533
1.39509
1.37949
1.38171
1.40777
1.38719
1.35543
1.3681
1.39677
1.39516
1.36976
1.37601
1.38423
1.41733
1.38361
1.36345
1.40229
1.39754
1.37975
1.4028
1.40837
1.37921
1.35311
1.3994
1.41035
1.35818
1.36566
1.384
1.38757
1.37145
1.35986
1.40158
1.42448
1.41584
1.39643
1.34266
1.35699
1.39682
1.39773
1.37089
1.35481
1.37689
1.40382
1.3881
1.35761
1.37974
1.45756
1.36397
1.35506
1.40071
1.36391
1.36209
1.37672
1.36567
1.40222
1.40431
1.37495
1.38475
1.34574
1.34176
1.43941
1.41098
1.34175
1.35666
1.41478
1.36847
1.34389
1.37889
1.38812
1.38226
1.34361
1.4109
1.46943
1.36063
1.31842
1.35124
1.40956
1.36606
1.36079
1.35216
1.3831
1.38076
1.3671
1.37052
1.38029
1.37233
1.36542
1.35346
1.36885
1.38087
1.42011
1.38687
1.33866
1.38113
1.40499
1.34213
1.32986
1.38122
1.41448
1.38694
1.34258
1.34599
1.39818
1.35412
1.3768
1.38212
1.37996
1.36806
1.32208
1.37053
1.43179
1.34335
1.32518
1.37803
1.41308
1.3397
1.31878
1.37065
1.38386
1.37442
1.36906
1.4014
1.31239
1.31551
1.44755
1.39608
1.32588
1.30826
1.39439
1.40508
1.3431
1.34518
1.3669
1.35322
1.34505
1.38417
1.34604
1.35198
1.34143
1.45005
1.33936
1.33742
1.40266
1.38769
1.33249
1.32644
1.38755
1.38375
1.33239
1.33354
1.36282
1.39212
1.34487
1.34823
1.35276
1.36274
1.35344
1.3366
1.35848
1.37324
1.36982
1.39548
1.35628
1.32055
1.33196
1.38761
1.35404
1.36353
1.34216
1.32566
1.35995
1.35153
1.33017
1.37115
1.39361
1.37879
1.34671
1.34956
1.33477
1.34999
1.37825
1.34126
1.28876
1.33605
1.40347
1.39549
1.32026
1.31385
1.3184
1.3783
1.42004
1.31281
1.31555
1.3669
1.40641
1.31919
1.30597
1.35209
1.38174
1.30868
1.35999
1.40875
1.33959
1.29741
1.32376
1.50077
1.35055
1.29913
1.30513
1.34477
1.33899
1.38713
1.35156
1.28418
1.31783
1.39496
1.36654
1.32656
1.29273
1.35212
1.36963
1.34805
1.30679
1.3337
1.353
1.33304
1.3387
1.32216
1.30717
1.37845
1.3039
1.43163
1.37803
1.27591
1.29714
1.38927
1.38024
1.27021
1.30374
1.40624
1.36564
1.29463
1.32352
1.35726
1.36821
1.35385
1.32493
1.30909
1.34854
1.33962
1.31732
1.32261
1.32078
1.3513
1.32168
1.34382
1.33111
1.30099
1.36021
1.297
1.26848
1.31338
1.4565
1.436
1.25336
1.28625
1.35984
1.29719
1.28723
1.35429
1.39225
1.31121
1.29575
1.32506
1.33168
1.30151
1.37157
1.31963
1.29052
1.34698
1.33038
1.3607
1.29449
1.31514
1.35113
1.34072
1.3346
1.28261
1.27482
1.31839
1.40489
1.33783
1.25133
1.31992
1.48556
1.33851
1.24486
1.25435
1.28439
1.32818
1.43556
1.31017
1.28029
1.31522
1.35731
1.2959
1.30334
1.35598
1.30951
1.33502
1.30587
1.31371
1.33347
1.2467
1.268
1.30164
1.44139
1.30837
1.27848
1.3473
1.31043
1.31175
1.33865
1.30557
1.30917
1.31589
1.31514
1.29869
1.26494
1.28584
1.41644
1.37133
1.24921
1.29096
1.38612
1.27725
1.28985
1.28079
1.39199
1.30273
1.30031
1.31519
1.37098
1.27908
1.29625
1.30532
1.34733
1.30122
1.26699
1.33773
1.37854
1.27218
1.26089
1.26542
1.39525
1.3279
1.36191
1.28807
1.24753
1.30549
1.33683
1.2975
1.30762
1.30571
1.26304
1.3369
1.3616
1.22571
1.34096
1.41659
1.25415
1.22423
1.37563
1.31084
1.26517
1.27493
1.32078
1.34633
1.30107
1.25551
1.30522
1.37015
1.26997
1.25161
1.36452
1.35424
1.22937
1.24959
1.41258
1.4109
1.22802
1.23009
1.29679
1.33002
1.36168
1.24617
1.25176
1.3688
1.3488
1.24744
1.21936
1.32386
1.35796
1.3385
1.22219
1.2908
1.3075
1.3054
1.258
1.27404
1.33571
1.29008
1.31569
1.22248
1.2808
1.40721
1.34317
1.22779
1.26085
1.37529
1.29491
1.2832
1.25493
1.28133
1.35869
1.27662
1.27582
1.28108
1.38581
1.27758
1.23883
1.29656
1.30855
1.25152
1.25269
1.29317
1.3675
1.28911
1.22417
1.32901
1.32881
1.24439
1.25936
1.30823
1.30722
1.26337
1.26166
1.28927
1.27609
1.28084
1.35191
1.31823
1.22499
1.20018
1.25105
1.32611
1.36274
1.36803
1.20846
1.22825
1.39073
1.32848
1.21576
1.22321
1.30782
1.28732
1.26656
1.29204
1.29351
1.31332
1.2407
1.23418
1.26876
1.34651
1.29522
1.23597
1.24639
1.31768
1.23941
1.33899
1.36609
1.26737
1.22657
1.26873
1.28838
1.29986
1.24663
1.27101
1.26118
1.23599
1.26585
1.37211
1.32031
1.16594
1.19975
1.42948
1.25779
1.19542
1.30021
1.31749
1.24555
1.23476
1.28631
1.28458
1.25256
1.30755
1.27028
1.26496
1.24195
1.22418
1.29029
1.35636
1.25113
1.18865
1.14598
1.30892
1.27822
1.36782
1.3463
1.30599
1.23308
1.23672
1.28467
1.28434
1.23165
1.24211
1.3126
1.30936
1.19682
1.23729
1.33853
1.27873
1.20654
1.24092
1.32791
1.22086
1.24884
1.31511
1.24556
1.18627
1.33432
1.38443
1.21033
1.16756
