0.77856
0.86597
0.75012
0.74271
0.74973
0.65383
0.53923
0.66886
0.36944
0.53621
0.33956
0.47611
0.32535
0.46468
0.33428
0.48392
0.34782
0.4742
0.37729
0.49356
0.39279
0.54168
0.38215
0.55297
0.37684
0.53464
0.43325
0.49897
0.45041
0.55345
0.43196
0.54691
0.41945
0.56291
0.41493
0.53945
0.46407
0.5267
0.47949
0.54479
0.43323
0.56552
0.4139
0.54343
0.46094
0.53087
0.48554
0.54523
0.46167
0.55057
0.44273
0.55364
0.43014
0.54383
0.47015
0.52476
0.4895
0.53931
0.45993
0.54831
0.45818
0.55933
0.46733
0.54459
0.50666
0.52277
0.48723
0.55285
0.47095
0.55932
0.45838
0.55734
0.50525
0.50794
0.50345
0.55096
0.48982
0.53332
0.48307
0.53419
0.48836
0.53663
0.51042
0.54259
0.47736
0.56844
0.4463
0.55612
0.46105
0.55528
0.50298
0.52872
0.49133
0.54342
0.49232
0.53294
0.50412
0.54022
0.48698
0.5439
0.48271
0.53585
0.49179
0.50423
0.51461
0.54252
0.46191
0.54542
0.46192
0.54339
0.47059
0.53997
0.49953
0.51768
0.49653
0.53886
0.47057
0.54236
0.46485
0.54565
0.47605
0.52549
0.50952
0.52028
0.48022
0.53983
0.48279
0.53267
0.48855
0.50406
0.50158
0.5444
0.4639
0.54142
0.46215
0.54306
0.46857
0.54074
0.48554
0.52142
0.49796
0.53127
0.48583
0.53847
0.4836
0.52987
0.51555
0.52012
0.47893
0.55582
0.46841
0.54877
0.47014
0.55041
0.46432
0.53287
0.51055
0.51343
0.49115
0.53501
0.48453
0.53374
0.49203
0.51189
0.51455
0.52536
0.47887
0.54925
0.46636
0.54658
0.46841
0.54429
0.48967
0.51142
0.49968
0.53194
0.47217
0.54274
0.47038
0.5494
0.45893
0.53963
0.47767
0.51387
0.50452
0.52485
0.48705
0.53153
0.49023
0.51362
0.50983
0.53133
0.47647
0.54627
0.47663
0.54713
0.46413
0.54866
0.4724
0.53772
0.50385
0.51749
0.49323
0.53357
0.48064
0.54288
0.47212
0.5463
0.48546
0.49641
0.53828
0.50078
0.51728
0.50135
0.53787
0.47795
0.55187
0.46841
0.53979
0.47877
0.53536
0.46156
0.53941
0.50941
0.51859
0.50055
0.53916
0.4776
0.53226
0.5103
0.50219
0.51177
0.56322
0.47633
0.54447
0.48116
0.55493
0.46976
0.55114
0.50452
0.51565
0.50199
0.54681
0.4906
0.55461
0.46688
0.54711
0.49522
0.55265
0.4662
0.54617
0.5075
0.51481
0.50609
0.55096
0.47837
0.55278
0.48069
0.56164
0.47922
0.54411
0.4984
0.51935
0.51346
0.54456
0.46866
0.5631
0.4908
0.54469
0.48848
0.53766
0.55319
0.48821
0.56201
0.46057
0.54898
0.48649
0.56551
0.46742
0.55246
0.48171
0.56959
0.47304
0.55821
0.49413
0.52055
0.52422
0.53284
0.46192
0.55973
0.48698
0.55817
0.47614
0.56919
0.47754
0.56235
0.49599
0.54064
0.52681
0.54075
0.47729
0.56907
0.48906
0.56888
0.46891
0.56669
0.48574
0.57448
0.46373
0.55739
0.48752
0.57474
0.4797
0.55039
0.51365
0.514
0.52426
0.56868
0.48754
0.55756
0.48605
0.56982
0.4836
0.56864
0.48341
0.55608
0.5103
0.51207
0.50879
0.57561
0.48364
0.56034
0.47418
0.56208
0.48352
0.55955
0.47217
0.56058
0.50196
0.52791
0.53491
0.53401
0.44511
0.55546
0.48988
0.56756
0.47066
0.56442
0.47959
0.56388
0.47063
0.56715
0.47612
0.5486
0.47968
0.56967
0.51379
0.51214
0.51656
0.55047
0.46545
0.55226
0.48268
0.55493
0.46478
0.55483
0.49118
0.53859
0.51476
0.50773
0.51073
0.57106
0.47407
0.55196
0.47354
0.56003
0.47029
0.55508
0.47938
0.53632
0.51191
0.50236
0.51888
0.54004
0.46857
0.55007
0.48291
0.55066
0.47092
0.55166
0.4889
0.52108
0.52115
0.52068
0.46439
0.55262
0.4879
0.55356
0.45934
0.55176
0.47775
0.55085
0.46787
0.55175
0.46873
0.55112
0.472
0.5344
0.51386
0.51017
0.49883
0.54841
0.47583
0.54416
0.46879
0.54683
0.47768
0.53664
0.51381
0.5013
0.5049
0.55228
0.47854
0.54674
0.46817
0.54684
0.48046
0.54685
0.49869
0.50413
0.51042
0.51971
0.46034
0.54241
0.49127
0.54368
0.46664
0.54437
0.49142
0.5341
0.50898
0.51019
0.48713
0.54845
0.48012
0.54681
0.46967
0.54178
0.48895
0.53198
0.5115
0.50159
0.50681
0.54196
0.47469
0.54084
0.47194
0.54578
0.485
0.5354
0.50087
0.50823
0.49919
0.54767
0.47779
0.54729
0.47442
0.54636
0.47412
0.54384
0.48487
0.51198
0.51163
0.5094
0.49292
0.55585
0.48885
0.54172
0.4651
0.55022
0.48514
0.5338
0.50881
0.50927
0.49151
0.54443
0.48018
0.54707
0.46647
0.54651
0.47565
0.54632
0.49556
0.50342
0.49645
0.52991
0.47963
0.54804
0.46817
0.54595
0.47487
0.53668
0.50281
0.50497
0.50712
0.53328
0.47451
0.53911
0.47952
0.53657
0.47227
0.54605
0.50897
0.50495
0.50029
0.53063
0.48519
0.52211
0.50988
0.48272
0.51673
0.54467
0.4867
0.53035
0.47439
0.55317
0.47909
0.54426
0.47508
0.54368
0.50218
0.49025
0.49302
0.53392
0.47979
0.5425
0.47409
0.54552
0.47777
0.54626
0.47443
0.5336
0.51262
0.50542
0.51533
0.52789
0.47962
0.53508
0.47519
0.54363
0.47905
0.54409
0.4951
0.503
0.51438
0.51862
0.46569
0.53937
0.48916
0.54361
0.47463
0.53194
0.47935
0.50977
0.51843
0.53203
0.47624
0.53855
0.47469
0.55128
0.47861
0.53306
0.47037
0.51913
0.51837
0.51777
0.48576
0.54361
0.4845
0.541
0.47659
0.53963
0.48454
0.51257
0.51699
0.52774
0.47739
0.5418
0.47956
0.54002
0.47406
0.54192
0.50834
0.50274
0.50153
0.5362
0.48574
0.53974
0.46975
0.5402
0.48118
0.53964
0.4962
0.49814
0.49168
0.53322
0.48739
0.53925
0.47303
0.54493
0.47992
0.54132
0.48656
0.50221
0.51393
0.52659
0.47258
0.53844
0.47846
0.54086
0.48098
0.54524
0.4812
0.52179
0.52517
0.51686
0.48572
0.5415
0.48022
0.54194
0.48026
0.54266
0.47751
0.53375
0.51735
0.50601
0.49865
0.54078
0.48362
0.5324
0.4783
0.5476
0.48168
0.54081
0.49159
0.49565
0.5037
0.5335
0.4853
0.5359
0.47101
0.54551
0.48757
0.53186
0.50987
0.49289
0.51414
0.52237
0.47747
0.54076
0.48409
0.53933
0.48282
0.53954
0.47404
0.5297
0.51453
0.51259
0.49005
0.53569
0.486
0.54077
0.47159
0.53883
0.48442
0.54896
0.50089
0.49375
0.50072
0.52879
0.48612
0.54085
0.46988
0.5424
0.47959
0.538
0.50383
0.49333
0.49837
0.53784
0.48916
0.52962
0.4712
0.54648
0.48161
0.53697
0.50187
0.49806
0.5049
0.53363
0.48664
0.53755
0.47011
0.54372
0.47654
0.54345
0.48859
0.51962
0.51963
0.5282
0.48552
0.54159
0.48039
0.53885
0.47414
0.53844
0.48336
0.52747
0.52184
0.50661
0.50881
0.52327
0.47232
0.53943
0.47929
0.53614
0.48251
0.54341
0.50185
0.50056
0.50423
0.53428
0.48093
0.54344
0.48113
0.54429
0.47615
0.53143
0.50937
0.50806
0.50225
0.53674
0.4825
0.54509
0.4739
0.54437
0.48252
0.53759
0.50152
0.49616
0.51026
0.53653
0.48621
0.53832
0.47958
0.54488
0.48122
0.53512
0.47718
0.54406
0.509
0.49861
0.50361
0.53672
0.48075
0.54037
0.47805
0.5402
0.48099
0.53142
0.5079
0.50472
0.49842
0.54517
0.48614
0.53669
0.47891
0.54777
0.4867
0.52618
0.51669
0.51165
0.49287
0.54697
0.4779
0.53828
0.48029
0.54882
0.4822
0.53396
0.47639
0.55087
0.48014
0.53997
0.47988
0.54773
0.49914
0.50039
0.5093
0.54045
0.48988
0.52915
0.48414
0.54929
0.47546
0.53747
0.49816
0.51877
0.52517
0.52407
0.48626
0.54299
0.48553
0.54881
0.48072
0.539
0.4798
0.53927
0.484
0.54255
0.48192
0.50813
0.51875
0.52108
0.48767
0.53784
0.48565
0.54064
0.47004
0.54118
0.48055
0.54099
0.50523
0.50473
0.51071
0.53837
0.48467
0.53803
0.48042
0.54487
0.48676
0.54251
0.49695
0.50124
0.51477
0.52512
0.47032
0.53959
0.48963
0.54524
0.47424
0.54932
0.482
0.54443
0.49798
0.49994
0.50952
0.54041
0.48953
0.53873
0.47655
0.54962
0.48437
0.54341
0.49581
0.51401
0.51821
0.52056
0.47627
0.54842
0.48894
0.54297
0.47587
0.55069
0.48697
0.52945
0.52207
0.501
0.49928
0.54716
0.49039
0.53857
0.47806
0.55142
0.48503
0.54358
0.50267
0.50275
0.50664
0.53824
0.47924
0.54343
0.48248
0.54649
0.47662
0.5514
0.49482
0.51597
0.52787
0.51682
0.49635
0.55794
0.46969
0.53667
0.48977
0.55163
0.46979
0.54241
0.49422
0.52336
0.52878
0.50755
0.52369
0.51756
0.47944
0.54605
0.49244
0.54626
0.4757
0.55165
0.49183
0.53567
0.51087
0.50502
0.52751
0.52832
0.46647
0.54447
0.49406
0.53824
0.48127
0.55875
0.48031
0.54109
0.49026
0.55331
0.47722
0.54014
0.5024
0.49798
0.51802
0.54158
0.47656
0.54997
0.49132
0.54849
0.48715
0.55089
0.48321
0.54498
0.48184
0.54851
0.49066
0.54639
0.4818
0.54033
0.49161
0.51973
0.52069
0.53073
0.48152
0.54223
0.48844
0.5473
0.4807
0.55511
0.48803
0.54529
0.48629
0.55179
0.48049
0.54664
0.48185
0.54984
0.48765
0.5434
0.52883
0.50229
0.51466
0.53506
0.47487
0.54375
0.48739
0.55481
0.47827
0.54768
0.4941
0.55105
0.4859
0.52129
0.52995
0.51645
0.50143
0.55599
0.47928
0.55144
0.48917
0.55609
0.48128
0.54756
0.49176
0.54045
0.51996
0.51502
0.50164
0.55816
0.4909
0.55057
0.48741
0.54927
0.48384
0.54091
0.51045
0.50834
0.52794
0.53009
0.48704
0.55235
0.49124
0.55326
0.47797
0.55436
0.49999
0.53445
0.51134
0.50358
0.5318
0.54371
0.46569
0.54392
0.50353
0.55174
0.47417
0.5534
0.49362
0.55498
0.48432
0.56107
0.48624
0.55104
0.48589
0.55577
0.48592
0.55634
0.49012
0.54553
0.51531
0.50963
0.50918
0.55698
0.47637
0.55285
0.4976
0.55853
0.47932
0.54745
0.4966
0.54912
0.47685
0.55428
0.48767
0.54118
0.52712
0.4964
0.54167
0.49944
0.57164
0.50352
0.54903
0.4858
0.57054
0.49065
0.55447
0.48608
0.56611
0.49316
0.53677
0.52789
0.51492
0.54303
0.47693
0.56172
0.50633
0.55317
0.48291
0.56895
0.49007
0.56049
0.48741
0.56441
0.49464
0.55905
0.49814
0.55721
0.51518
0.49766
0.52079
0.54997
0.4826
0.56242
0.49258
0.55636
0.4837
0.56379
0.49747
0.55684
0.49787
0.55723
0.49187
0.56234
0.49232
0.5619
0.49254
0.56018
0.49511
0.56135
0.50859
0.50504
0.56062
0.49887
0.56606
0.48433
0.56084
0.48897
0.5631
0.50074
0.56178
0.49444
0.54843
0.53918
0.49548
0.56137
0.48497
0.56392
0.49611
0.56756
0.48682
0.55671
0.51241
0.556
0.47871
0.56868
0.50646
0.55088
0.53026
0.5062
0.59297
0.50035
0.56409
0.49442
0.56797
0.49952
0.56271
0.49505
0.57704
0.5029
0.57402
0.47839
0.55738
0.50606
0.56921
0.47406
0.56607
0.50708
0.54782
0.5489
0.49844
0.58564
0.49045
0.56291
0.50306
0.57727
0.49039
0.56461
0.50724
0.57586
0.48981
0.56759
0.50201
0.57308
0.49145
0.56483
0.50092
0.55859
0.53804
0.49781
0.56449
0.48123
0.57306
0.50836
0.57382
0.48074
0.57362
0.51613
0.5734
0.48531
0.56948
0.50523
0.57755
0.48555
0.57459
0.49735
0.57069
0.50308
0.5797
0.49147
0.57703
0.49621
0.58031
0.48527
0.57858
0.50103
0.57067
0.50099
0.58261
0.50609
0.56822
0.52689
0.51247
0.57639
0.52168
0.57242
0.4941
0.57292
0.50978
0.58497
0.48391
0.57164
0.50474
0.58425
0.4936
0.57504
0.49319
0.5782
0.5078
0.5876
0.50443
0.57476
0.50851
0.57958
0.49852
0.57935
0.49473
0.57451
0.52651
0.56993
0.49394
0.58143
0.51924
0.58973
0.47161
0.56996
0.52773
0.56009
0.52879
0.57479
0.48633
0.56963
0.50705
0.59813
0.49169
0.57851
0.50104
0.58611
0.50918
0.56935
0.50375
0.58713
0.49398
0.57622
0.53304
0.53861
0.6014
0.49979
0.58017
0.49353
0.5788
0.51056
0.58551
0.50466
0.58779
0.50308
0.58286
0.50629
0.58571
0.50756
0.59877
0.47019
0.57738
0.51451
0.59764
0.50601
0.58324
0.51786
0.60444
0.49887
0.58445
0.50225
0.58662
0.51022
0.59154
0.50242
0.59361
0.50435
0.58751
0.5068
0.57173
0.5088
0.57798
0.55545
0.4978
0.59003
0.49562
0.57405
0.52308
0.60506
0.49027
0.58872
0.51077
0.57782
0.51459
0.59837
0.48895
0.58318
0.50287
0.5892
0.5078
0.58898
0.48718
0.58062
0.51176
0.59168
0.50808
0.58951
0.49737
0.59569
0.49977
0.59325
0.50304
0.59547
0.48692
0.59064
0.52355
0.60763
0.4859
0.56835
0.52888
0.5616
0.57561
0.50694
0.59903
0.5166
0.60285
0.50459
0.57232
0.52167
0.59411
0.49416
0.60231
0.4926
0.59593
0.50772
0.59156
0.50921
0.59687
0.51338
0.59334
0.50016
0.59492
0.52892
0.60074
0.49096
0.58486
0.51458
0.60319
0.49113
0.5818
0.5004
0.59707
0.52326
0.58953
0.50302
0.60239
0.52685
0.585
0.50857
0.59965
0.51543
0.59699
0.51639
0.60747
0.51117
0.59781
0.50637
0.59839
0.4982
0.59312
0.52334
0.59448
0.50368
0.60879
0.5098
0.59392
0.51488
0.59721
0.51337
0.60152
0.48843
0.59175
0.55093
0.56149
0.58703
0.50539
0.59094
0.51766
0.6123
0.48704
0.60418
0.52165
0.60889
0.49894
0.59919
0.51753
0.59523
0.50637
0.60801
0.51328
0.6065
0.5159
0.60863
0.50079
0.59807
0.52878
0.5881
0.5128
0.60971
0.5015
0.58166
0.51625
0.62707
0.50575
0.60357
0.52027
0.60676
0.50668
0.6129
0.5174
0.60492
0.49027
0.59897
0.54129
0.6251
0.50159
0.611
0.50836
0.59971
0.51765
0.60605
0.52794
0.60155
0.52559
0.60649
0.51523
0.59485
0.51863
0.61811
0.50824
0.60885
0.50979
0.59667
0.55624
0.59147
0.54736
0.52351
0.61585
0.49666
0.60954
0.51569
0.61123
0.50377
0.60868
0.51437
0.62057
0.49249
0.60758
0.52289
0.61406
0.50521
0.61526
0.52065
0.61349
0.52963
0.61696
0.50083
0.60401
0.5334
0.62797
0.48741
0.5906
0.57126
