0.88509
0.7802
0.50614
0.57914
0.54557
0.56107
0.60603
0.64667
0.6272
0.63433
0.62222
0.6252
0.62874
0.62561
0.60988
0.57993
0.6004
0.60108
0.60309
0.59802
0.60176
0.6027
0.59962
0.60222
0.60562
0.61071
0.60463
0.63047
0.61564
0.64156
0.62626
0.64339
0.65033
0.66592
0.66801
0.66126
0.67847
0.67616
0.6833
0.67695
0.69358
0.67458
0.67753
0.66563
0.673
0.65637
0.66366
0.66027
0.67013
0.65698
0.67021
0.66239
0.66144
0.6639
0.67179
0.65415
0.66429
0.66052
0.66233
0.65732
0.67089
0.65849
0.6663
0.6615
0.66749
0.65488
0.67018
0.65568
0.66981
0.66421
0.67327
0.66668
0.67798
0.67274
0.68402
0.67741
0.68783
0.67832
0.6912
0.68661
0.69808
0.69582
0.71002
0.70267
0.71212
0.70944
0.72601
0.72523
0.73042
0.73124
0.73998
0.73493
0.75174
0.74376
0.75514
0.75384
0.75675
0.76266
0.76766
0.76459
0.77882
0.77394
0.78557
0.78365
0.78714
0.78248
0.79356
0.7905
0.80228
0.79889
0.8101
0.79874
0.80813
0.79835
0.81952
0.80797
0.81746
0.81688
0.82382
0.82094
0.83746
0.82486
0.83986
0.82751
0.84724
0.83631
0.8518
0.84239
0.84275
0.85111
0.86318
0.85639
0.86052
0.86206
0.8577
0.8651
0.87888
0.87705
0.86686
0.87959
0.86157
0.87614
0.88618
0.86776
0.88411
0.87814
0.87848
0.88613
0.89709
0.88077
0.88987
0.88429
0.90594
0.88663
0.89406
0.89096
0.87404
0.89425
0.88907
0.89856
0.90551
0.88912
0.89343
0.88847
0.89909
0.89306
0.90673
0.89738
0.89921
0.89845
0.90777
0.89446
0.90493
0.90333
0.90308
0.89843
0.90003
0.90542
0.90823
0.90048
0.90155
0.91615
0.89069
0.90364
0.91136
0.90369
0.90922
0.91061
0.91459
0.89505
0.90676
0.91068
0.91137
0.91533
0.90067
0.90987
0.90638
0.92906
0.90733
0.91461
0.91079
0.90963
0.90761
0.91398
0.90875
0.90855
0.91685
0.91359
0.91779
0.90845
0.92331
0.91205
0.90885
0.92226
0.91457
0.91631
0.90313
0.92534
0.91574
0.91831
0.91997
0.89985
0.91928
0.91413
0.91746
0.90844
0.91982
0.92689
0.90444
0.91922
0.9111
0.923
0.9025
0.91761
0.91096
0.90717
0.9211
0.91779
0.91031
0.90407
0.9223
0.9157
0.91195
0.92003
0.91759
0.91394
0.92761
0.91804
0.91519
0.92588
0.92125
0.9237
0.91674
0.89834
0.9157
0.91317
0.92991
0.90721
0.92746
0.93197
0.90947
0.92122
0.91883
0.90965
0.91509
0.9126
0.91111
0.90965
0.91489
0.9172
0.90375
0.93547
0.90851
0.89387
0.91215
0.9252
0.92286
0.91638
0.90263
0.9108
0.90634
0.92022
0.90905
0.92017
0.91037
0.92514
0.91138
0.91549
0.90924
0.91538
0.90775
0.91458
0.90752
0.92587
0.90002
0.90731
0.90885
0.92866
0.91268
0.90435
0.91943
0.90257
0.93104
0.90633
0.90992
0.91753
0.90672
0.91494
0.91505
0.91459
0.92321
0.91623
0.90914
0.91727
0.92306
0.9162
0.90636
0.91109
0.90859
0.92305
0.90373
0.91937
0.9063
0.92255
0.9052
0.9242
0.91546
0.91203
0.91539
0.90857
0.91133
0.9175
0.90469
0.92068
0.91711
0.91061
0.90183
0.91828
0.90821
0.91793
0.90928
0.92268
0.92857
0.92284
0.92296
0.90691
0.90893
0.92664
0.90901
0.91217
0.92038
0.91212
0.91245
0.91902
0.92784
0.91027
0.92044
0.9162
0.92965
0.91617
0.90622
0.92314
0.91579
0.92694
0.92406
0.91737
0.91006
0.92521
0.90064
0.93429
0.90572
0.91104
0.90967
0.90933
0.92688
0.90325
0.91275
0.91281
0.91513
0.92901
0.9066
0.9175
0.91045
0.90597
0.91141
0.91428
0.90755
0.90375
0.90221
0.92395
0.90783
0.91444
0.88121
0.91934
0.91247
0.90215
0.90374
0.90315
0.89872
0.92555
0.8964
0.91203
0.90776
0.90202
0.91659
0.89867
0.90445
0.91283
0.91442
0.90381
0.90442
0.90102
0.90985
0.90469
0.91754
0.89912
0.9148
0.91344
0.92489
0.9087
0.90694
0.91221
0.91194
0.91358
0.90906
0.91911
0.89807
0.90926
0.90795
0.90017
0.90817
0.92379
0.89802
0.90502
0.92268
0.91031
0.90302
0.91206
0.91444
0.90366
0.8943
0.91984
0.92392
0.91085
0.91366
0.91248
0.92923
0.90679
0.91775
0.91748
0.92259
0.9087
0.91671
0.92295
0.91138
0.92127
0.9071
0.91312
0.92071
0.90855
0.92518
0.90838
0.92011
0.90574
0.92364
0.91075
0.91582
0.90571
0.92756
0.9027
0.92231
0.91835
0.93138
0.92041
0.90803
0.93508
0.90966
0.93103
0.91441
0.91671
0.93795
0.93181
0.91282
0.92272
0.91847
0.92463
0.93304
0.92317
0.91838
0.94264
0.92537
0.92348
0.91119
0.93195
0.91203
0.93441
0.91706
0.93622
0.90906
0.92781
0.93397
0.91625
0.91771
0.92997
0.93067
0.93009
0.91612
0.92721
0.9151
0.92582
0.91991
0.9247
0.9339
0.9311
0.9249
0.91559
0.92286
0.93962
0.91416
0.93494
0.9174
0.91914
0.92929
0.92875
0.92306
0.91737
0.92418
0.94057
0.92221
0.91311
0.94201
0.92598
0.93237
0.92556
0.9104
0.92643
0.92382
0.907
0.93472
0.91717
0.92566
0.94412
0.91182
0.93367
0.92405
0.93254
0.92889
0.93616
0.93859
0.92874
0.92933
0.9335
0.9198
0.92329
0.93811
0.92781
0.92872
0.93661
0.93174
0.93617
0.93835
0.91716
0.93319
0.93063
0.93754
0.91809
0.93294
0.93799
0.9279
0.9253
0.9316
0.93192
0.9374
0.92565
0.9439
0.94004
0.92667
0.94462
0.92445
0.93886
0.92991
0.94696
0.93522
0.92024
0.93857
0.93414
0.9373
0.94082
0.93017
0.93807
0.93484
0.939
0.93832
0.92766
0.94388
0.91783
0.94139
0.9314
0.92852
0.93285
0.94308
0.91837
0.9419
0.94371
0.95487
0.93333
0.93874
0.93617
0.94008
0.92675
0.93858
0.94082
0.93379
0.93636
0.92657
0.94472
0.93761
0.94961
0.94702
0.92677
0.93584
0.94062
0.93406
0.95473
0.92816
0.9423
0.95334
0.94158
0.92251
0.94338
0.94498
0.9416
0.9335
0.94775
0.94236
0.9367
0.92399
0.94214
0.94342
0.92696
0.94141
0.9419
0.9446
0.93133
0.93068
0.94111
0.94974
0.94352
0.94205
0.94152
0.93308
0.94113
0.93348
0.94268
0.93687
0.94548
0.93794
0.93424
0.94464
0.93815
0.93155
0.94751
0.94481
0.94234
0.95588
0.94812
0.9383
0.95294
0.95484
0.9518
0.93531
0.95037
0.94662
0.93428
0.94748
0.94826
0.93771
0.92197
0.94769
0.94627
0.94312
0.92787
0.93905
0.92791
0.94132
0.93803
0.94719
0.94881
0.94393
0.95078
0.94979
0.95019
0.94561
0.95282
0.94922
0.94715
0.93889
0.95505
0.93789
0.94191
0.94527
0.947
0.93752
0.94267
0.94742
0.93419
0.94927
0.93204
0.94857
0.95169
0.94295
0.9495
0.95383
0.93702
0.95098
0.95411
0.93904
0.95491
0.92986
0.95307
0.93767
0.9515
0.94961
0.94551
0.94711
0.94162
0.94694
0.9462
0.94313
0.94305
0.94617
0.94574
0.948
0.93753
0.93803
0.93927
0.94892
0.9505
0.94497
0.95656
0.94471
0.95634
0.95854
0.94169
0.94827
0.94296
0.95528
0.95371
0.94679
0.95028
0.95593
0.95711
0.94797
0.94572
0.95408
0.95149
0.95021
0.9468
0.94908
0.95644
0.95574
0.95254
0.95388
0.94602
0.96579
0.94482
0.94114
0.96115
0.94772
0.95904
0.95865
0.95703
0.9536
0.96012
0.94815
0.95793
0.94885
0.96054
0.95501
0.95558
0.96081
0.95357
0.9532
0.95356
0.95707
0.9609
0.95808
0.96058
0.95018
0.96074
0.95561
0.95176
0.96215
0.95702
0.95434
0.96714
0.94759
0.96271
0.94043
0.95226
0.9577
0.93764
0.95809
0.94784
0.95561
0.95321
0.95077
0.96339
0.95635
0.94687
0.94811
0.96012
0.96296
0.94507
0.9568
0.94716
0.94431
0.94609
0.9489
0.96872
0.95615
0.96071
0.95973
0.96426
0.9574
0.94968
0.95784
0.95597
0.95502
0.95553
0.94902
0.96056
0.9573
0.95555
0.95338
0.95605
0.96228
0.94549
0.9581
0.95487
0.95154
0.95652
0.95369
0.95284
0.96026
0.94814
0.9546
0.96092
0.97182
0.94733
0.9655
0.95178
0.95028
0.95783
0.94189
0.96121
0.9521
0.95479
0.96218
0.96158
0.96159
0.9575
0.9594
0.96371
0.96159
0.95543
0.96778
0.95137
0.95547
0.96224
0.95973
0.95925
0.95623
0.96423
0.94771
0.95756
0.95218
0.95849
0.96942
0.9443
0.96661
0.95888
0.9607
0.96956
0.96143
0.96663
0.95709
0.95702
0.95628
0.95609
0.9562
0.96129
0.95841
0.95788
0.97284
0.95619
0.95592
0.95523
0.95357
0.96599
0.95985
0.96174
0.9601
0.9618
0.95458
0.94801
0.96599
0.95498
0.9608
0.95637
0.96352
0.95964
0.96003
0.95792
0.96261
0.96274
0.97836
0.96411
0.96345
0.96501
0.95069
0.96429
0.94618
0.95664
0.96009
0.96303
0.96607
0.96391
0.97109
0.96861
0.9606
0.94958
0.96049
0.96674
0.96653
0.96332
0.96449
0.97189
0.96908
0.96859
0.94139
0.95901
0.96348
0.9599
0.9634
0.95755
0.95153
0.97322
0.9584
0.96716
0.96671
0.95348
0.96515
0.96312
0.96557
0.96452
0.95868
0.96794
0.97473
0.96207
0.95045
0.96689
0.95907
0.96876
0.95406
0.96282
0.96109
0.96726
0.96352
0.95966
0.96027
0.96704
0.95603
0.9676
0.95891
0.95147
0.96032
0.96846
0.96403
0.95942
0.96937
0.96401
0.96864
0.95409
0.96512
0.96079
0.97195
0.96406
0.96274
0.9608
0.96622
0.96253
0.96781
0.9642
0.96969
0.96932
0.95516
0.96144
0.96666
0.9622
