0.00532
0.1218
0.41678
0.35386
0.32598
0.34764
0.2944
0.24476
0.27294
0.26433
0.28574
0.26877
0.28094
0.28931
0.28998
0.3199
0.31899
0.30597
0.30728
0.31342
0.30924
0.30918
0.31662
0.31474
0.30885
0.30634
0.31191
0.28869
0.30538
0.2811
0.2933
0.27475
0.27562
0.25446
0.25263
0.26223
0.24806
0.25128
0.24005
0.23907
0.21677
0.23562
0.2406
0.25297
0.25035
0.26674
0.25563
0.26188
0.2601
0.27582
0.26026
0.27204
0.27125
0.27955
0.26985
0.2857
0.27344
0.28487
0.27471
0.28332
0.27534
0.28831
0.27673
0.2821
0.27627
0.28678
0.27532
0.28911
0.26926
0.27707
0.27012
0.27514
0.26192
0.26781
0.25769
0.26155
0.24503
0.25669
0.24149
0.24407
0.22875
0.23705
0.22077
0.22943
0.21304
0.21572
0.20134
0.20165
0.18868
0.19379
0.18076
0.17934
0.17258
0.1745
0.16351
0.16821
0.15564
0.1604
0.15441
0.15509
0.1464
0.14834
0.14063
0.13731
0.13773
0.14521
0.13176
0.12946
0.13488
0.12936
0.12286
0.12199
0.11727
0.12128
0.11817
0.12026
0.11427
0.11665
0.10512
0.10462
0.10461
0.1071
0.09962
0.09889
0.10052
0.09953
0.09171
0.09153
0.09252
0.09344
0.08211
0.09186
0.08052
0.09065
0.08357
0.08284
0.0751
0.07864
0.08199
0.07568
0.07826
0.07253
0.06755
0.06205
0.06833
0.07589
0.06766
0.07477
0.07453
0.06855
0.06184
0.07138
0.06042
0.07179
0.05999
0.06533
0.07078
0.0523
0.06632
0.06101
0.05106
0.0678
0.06105
0.05823
0.06203
0.05904
0.05953
0.05606
0.05857
0.05073
0.04569
0.06074
0.05672
0.0517
0.05601
0.05668
0.05923
0.0436
0.05358
0.0526
0.05006
0.05053
0.0577
0.05665
0.0351
0.06107
0.04941
0.05184
0.04541
0.0579
0.05136
0.04519
0.05864
0.0488
0.05846
0.0437
0.04473
0.044
0.04769
0.04458
0.04419
0.04838
0.0569
0.04806
0.04707
0.05663
0.04722
0.04881
0.03981
0.04919
0.04827
0.03566
0.04291
0.03996
0.05248
0.04281
0.05188
0.05201
0.0533
0.04689
0.04069
0.04777
0.04531
0.05251
0.03963
0.05212
0.05523
0.03982
0.05089
0.04036
0.04511
0.03918
0.05454
0.0365
0.04948
0.05355
0.0431
0.03768
0.04224
0.048
0.03614
0.0424
0.04009
0.05767
0.0409
0.05085
0.03731
0.05041
0.03698
0.03715
0.0576
0.04165
0.03635
0.05182
0.03888
0.03678
0.04027
0.06145
0.03617
0.04078
0.04347
0.05085
0.04668
0.04995
0.0512
0.04164
0.03566
0.03804
0.03996
0.05465
0.04217
0.03982
0.05305
0.05801
0.04094
0.04529
0.04447
0.03723
0.03921
0.0448
0.05607
0.03808
0.05842
0.04155
0.05524
0.03877
0.04914
0.04922
0.0365
0.03975
0.04764
0.04108
0.04507
0.04531
0.05471
0.04944
0.05161
0.03861
0.05178
0.03349
0.04177
0.04403
0.04075
0.0411
0.04722
0.04917
0.03728
0.05921
0.05085
0.05445
0.04394
0.05567
0.03908
0.04994
0.05199
0.04519
0.05059
0.04564
0.04231
0.04544
0.04608
0.04847
0.06067
0.03869
0.05009
0.04828
0.04368
0.04208
0.04861
0.05306
0.05375
0.04705
0.04863
0.04295
0.0406
0.03561
0.03808
0.04521
0.05719
0.03761
0.0369
0.04804
0.04521
0.03718
0.05688
0.04618
0.03969
0.04665
0.03924
0.04651
0.04701
0.03709
0.03775
0.04543
0.02979
0.0397
0.04065
0.05613
0.04459
0.03862
0.05703
0.03867
0.04913
0.0447
0.05044
0.03962
0.05053
0.03744
0.0477
0.03645
0.04112
0.04693
0.04232
0.04449
0.04405
0.04593
0.03653
0.05734
0.04117
0.03756
0.0532
0.05022
0.04007
0.05252
0.04394
0.05627
0.04924
0.04263
0.04275
0.03842
0.05969
0.04036
0.05501
0.03788
0.04575
0.04564
0.06251
0.05008
0.0416
0.04246
0.06443
0.057
0.04619
0.04917
0.05691
0.04674
0.04849
0.04484
0.03588
0.0438
0.04477
0.05303
0.05326
0.04216
0.05069
0.05082
0.04223
0.04837
0.04696
0.05137
0.04741
0.05642
0.04471
0.03838
0.05827
0.04183
0.05644
0.04804
0.04486
0.04137
0.0504
0.04413
0.05643
0.05328
0.03765
0.05735
0.0491
0.05125
0.042
0.05786
0.05768
0.04958
0.0423
0.04124
0.04874
0.04607
0.03731
0.05427
0.04469
0.05011
0.04467
0.04686
0.05259
0.05289
0.04113
0.0502
0.04547
0.04143
0.04729
0.04432
0.03197
0.0399
0.04698
0.04218
0.05811
0.04669
0.04232
0.05042
0.03857
0.04094
0.03845
0.04274
0.04121
0.04146
0.0414
0.03684
0.05734
0.03396
0.03941
0.0364
0.0419
0.04069
0.05639
0.04749
0.05031
0.0513
0.03764
0.04098
0.03951
0.03709
0.03597
0.03931
0.05215
0.04351
0.0407
0.03149
0.04222
0.0327
0.04219
0.03171
0.03277
0.03652
0.04873
0.03456
0.05072
0.03533
0.04
0.03174
0.04073
0.03429
0.04049
0.04526
0.0369
0.04079
0.03922
0.04489
0.04401
0.03715
0.04191
0.0304
0.04567
0.03671
0.04947
0.04038
0.04149
0.04214
0.03486
0.03648
0.03587
0.05648
0.03549
0.03757
0.04587
0.02709
0.03998
0.03638
0.03678
0.04841
0.03507
0.04061
0.03976
0.03137
0.05517
0.03621
0.04841
0.02648
0.03157
0.04792
0.0334
0.04766
0.03737
0.03333
0.03867
0.04371
0.04231
0.0524
0.03932
0.03666
0.03643
0.0233
0.04463
0.03263
0.03615
0.03935
0.04407
0.04111
0.02885
0.02928
0.04179
0.0487
0.0362
0.02899
0.02961
0.03333
0.03592
0.03067
0.0418
0.02552
0.03071
0.02538
0.03975
0.02174
0.03398
0.04241
0.03593
0.03155
0.03382
0.03743
0.03685
0.02857
0.03891
0.05139
0.03456
0.03922
0.02435
0.03964
0.02764
0.03277
0.03136
0.03065
0.02699
0.0405
0.03738
0.03293
0.03227
0.0375
0.0289
0.02926
0.04434
0.03056
0.03005
0.02127
0.03375
0.02893
0.04329
0.03388
0.03538
0.02695
0.02886
0.03311
0.03631
0.02956
0.02898
0.02272
0.02701
0.03805
0.02979
0.02951
0.02838
0.02926
0.0252
0.03371
0.03029
0.02333
0.01907
0.02879
0.04416
0.02151
0.03324
0.03138
0.0261
0.03053
0.03724
0.03931
0.037
0.03424
0.02235
0.03224
0.02544
0.03514
0.02658
0.03322
0.03588
0.03083
0.03406
0.02138
0.03942
0.0271
0.02893
0.03401
0.03031
0.03173
0.02982
0.02345
0.03123
0.02551
0.02414
0.02045
0.03005
0.02779
0.03596
0.02486
0.02747
0.03306
0.02279
0.03144
0.02418
0.03548
0.02097
0.03518
0.01923
0.02247
0.03015
0.04265
0.02513
0.02977
0.0215
0.02393
0.021
0.03073
0.01794
0.02135
0.03564
0.02577
0.01786
0.02298
0.01967
0.02141
0.03506
0.02942
0.01761
0.0281
0.02961
0.02748
0.02703
0.04348
0.01867
0.03423
0.03912
0.03136
0.01922
0.03288
0.02255
0.03542
0.02289
0.03206
0.03704
0.01998
0.03771
0.03386
0.01789
0.0226
0.03283
0.03852
0.03593
0.03068
0.03348
0.02855
0.02268
0.02338
0.01962
0.03666
0.01984
0.02327
0.03273
0.03477
0.02985
0.01955
0.02941
0.0192
0.02611
0.0202
0.01871
0.02944
0.01987
0.02468
0.01339
0.02745
0.03252
0.02165
0.0224
0.02849
0.02161
0.0235
0.01996
0.01544
0.02237
0.03666
0.03006
0.02734
0.03326
0.0329
0.02354
0.02159
0.02415
0.02816
0.02915
0.02334
0.03268
0.02197
0.02389
0.03116
0.0212
0.025
0.02032
0.01577
0.01735
0.0176
0.03136
0.03282
0.01608
0.02098
0.02849
0.01251
0.0243
0.02771
0.01999
0.02637
0.01873
0.01856
0.01886
0.02611
0.01953
0.02077
0.01685
0.02368
0.03156
0.01857
0.0282
0.02294
0.03064
0.02777
0.02278
0.02079
0.02695
0.02338
0.03353
0.02095
0.01481
0.02239
0.02965
0.01653
0.01739
0.02889
0.02781
0.01706
0.02669
0.02195
0.02524
0.01814
0.01752
0.02225
0.02235
0.01982
0.02405
0.02401
0.02237
0.02639
0.02222
0.02341
0.01825
0.01263
0.02113
0.02067
0.01926
0.02971
0.0206
0.01868
0.02698
0.01616
0.0217
0.01795
0.02197
0.01978
0.0205
0.02027
0.02645
0.03149
0.01531
0.04037
0.02109
0.0111
0.02274
0.02337
0.02413
0.02124
0.02093
0.02281
0.01612
0.01822
0.01856
0.03242
0.01925
0.01577
0.01227
0.02152
0.01846
0.0269
0.01335
0.01613
0.01416
0.02415
0.01962
0.0225
0.01418
0.01758
0.01914
0.01014
0.01503
0.01927
0.01842
0.02402
0.01488
0.01151
0.01801
0.01799
0.01945
0.02096
0.01902
0.02002
0.01928
0.01761
0.01999
0.023
0.01825
0.01952
0.01778
0.01951
0.0202
0.0207
0.01836
0.01947
0.01927
0.01602
0.02231
0.022
0.01269
0.02533
0.01453
0.02466
0.01694
0.02462
0.01908
0.02153
0.0192
0.01913
0.01521
0.02166
0.01925
0.01677
0.02532
0.0183
0.02755
0.02386
0.02159
0.01936
0.01018
0.019
0.01932
0.01876
0.01545
0.0213
0.01415
0.01694
0.01308
0.01611
0.01703
0.01188
0.02027
0.01763
0.02378
0.02486
0.01329
0.0175
0.01582
0.01412
0.02156
0.01633
0.02765
0.01891
0.0161
0.02063
0.01823
0.01662
0.01267
0.01645
0.02057
0.00867
0.01583
0.01123
0.02816
0.02468
0.01885
0.0148
0.01924
0.01301
0.01998
0.01355
0.00629
0.01927
0.01248
0.01729
0.01584
0.01665
0.01889
0.0155
0.01958
0.017
0.01069
0.01039
0.01588
0.02384
0.01133
0.02407
0.02008
0.01232
0.0152
0.01847
0.01067
0.02027
0.01501
0.00809
0.01194
0.01302
0.01603
0.01276
0.01319
0.01373
0.01986
0.02329
