9.30701
9.65278
1.61868
1.42377
1.53665
1.35023
1.63878
1.92204
1.79963
1.88202
1.78751
1.88541
1.78353
1.69835
1.62888
1.46528
1.49231
1.50062
1.50208
1.48383
1.50583
1.50459
1.47827
1.50323
1.53573
1.54225
1.51838
1.63846
1.58234
1.72111
1.66068
1.78489
1.84596
1.91993
1.9437
1.93841
2.00425
2.04085
2.07662
2.10112
2.23347
2.16434
2.10776
2.02045
2.01767
1.94992
1.98797
1.9239
1.96317
1.8698
1.93362
1.87
1.86699
1.82815
1.87173
1.78559
1.83104
1.77526
1.82322
1.77319
1.82069
1.76007
1.81735
1.7656
1.81893
1.74076
1.8046
1.75655
1.80601
1.79171
1.81381
1.80167
1.85038
1.83252
1.8761
1.87791
1.9498
1.88271
1.95311
1.93157
2.01219
1.97039
2.07382
2.05568
2.11946
2.12697
2.225
2.252
2.33375
2.29957
2.42334
2.42904
2.50211
2.47365
2.57747
2.59485
2.64848
2.67042
2.75495
2.75089
2.85074
2.83128
2.971
2.94343
3.0427
2.97241
3.1152
3.10406
3.10034
3.13644
3.29282
3.21159
3.34746
3.2718
3.38649
3.36025
3.44781
3.45831
3.56925
3.55263
3.68183
3.62831
3.74652
3.67921
3.81071
3.71975
3.90815
3.85747
3.95983
3.95813
4.1039
3.99057
4.16387
4.0878
4.20673
4.17777
4.26677
4.3811
4.30349
4.44088
4.33991
4.52
4.46692
4.52439
4.55341
4.56416
4.63056
4.60968
4.69373
4.64698
4.79893
4.71596
4.9055
4.76036
4.91279
4.9948
4.88595
4.9205
4.91008
5.04744
5.06849
4.91587
4.9824
5.09233
5.01808
5.07507
5.07393
5.20715
5.15664
5.24593
5.21952
5.24099
5.20848
5.26264
5.40416
5.26677
5.39119
5.45794
5.36262
5.402
5.36903
5.26442
5.32237
5.51922
5.5323
5.37065
5.51471
5.4271
5.61179
5.39081
5.59739
5.6377
5.54426
5.67599
5.46062
5.66949
5.63057
5.69465
5.71733
5.68884
5.53764
5.58541
5.61802
5.68438
5.71282
5.74505
5.70746
5.7052
5.7769
5.76161
5.69511
5.76
5.88015
5.84973
5.72866
5.83823
5.79495
5.7918
5.79026
5.7116
5.94326
5.76532
5.80497
5.94202
5.89954
5.66557
5.8272
5.84505
5.95851
5.8832
5.9043
5.91776
5.8306
5.89727
5.94723
5.86396
5.78615
6.1435
5.88655
5.94234
6.01392
5.97116
6.01802
5.86652
6.05282
6.1042
5.97411
6.07557
6.06438
6.11373
6.0656
6.0737
6.22282
5.96298
6.20154
6.00544
6.19118
5.94308
6.09949
6.10727
5.95422
6.20664
6.05997
6.04474
5.94284
6.02927
6.13456
6.20596
6.0729
6.02905
6.14475
6.18155
5.88921
5.91886
5.9463
6.0113
6.19564
6.03724
6.15292
5.96983
5.96912
6.16301
5.98432
6.06745
6.00916
6.25225
5.99496
6.07661
6.03555
6.11925
6.05045
6.00398
6.01958
5.9587
5.91529
6.09828
6.09727
5.92823
6.15164
6.14301
5.94037
6.03845
6.1572
6.08567
6.00932
6.15417
6.03596
5.924
6.08246
5.94683
6.01427
6.16113
5.95607
5.94981
6.05026
5.87775
6.03907
6.04392
6.07397
6.0404
6.03651
5.96784
5.94465
6.08798
6.11239
6.03352
6.00642
6.07716
5.98165
5.95677
6.0553
6.0167
6.07197
6.10343
6.18901
6.01956
6.1344
6.11205
5.9869
6.0098
6.24058
6.15258
6.00783
6.28573
5.8263
6.13295
6.14763
6.03466
6.24869
6.10387
5.97487
6.1704
6.19667
6.17153
6.24116
6.24629
6.1753
6.1625
6.2328
6.0668
6.00547
6.11482
6.12565
6.17883
6.09496
6.12887
6.08743
6.09338
6.0189
6.15025
5.98522
6.12994
6.03664
6.10735
6.00708
6.12138
6.11347
5.94268
6.11211
6.00794
5.99906
6.03938
5.9815
6.02394
6.00863
5.97451
5.84971
6.09583
6.12854
6.03358
6.0016
5.89836
5.97964
6.16278
5.93507
6.05537
5.81743
5.77825
5.99216
5.9822
5.9827
5.79056
5.94157
5.96624
5.88319
5.9433
5.88936
5.89597
6.05605
5.93605
5.93807
6.03116
5.93493
5.91785
5.87664
5.91418
5.97634
5.92031
6.08507
5.99247
5.97585
5.93485
6.08332
6.06109
6.00155
6.08867
5.96779
5.99265
5.97905
6.13782
5.96483
6.0738
5.92308
5.97764
6.04542
6.05594
5.95884
6.00566
6.01581
5.89456
5.98797
5.98958
6.11779
6.07024
6.1623
6.10659
6.20397
6.06158
6.12914
6.20404
6.1767
5.94193
6.16221
6.00029
6.22652
6.1815
6.01414
6.16009
6.2063
6.0902
6.22192
6.20614
6.11281
6.07904
6.08247
6.13911
6.18449
6.1206
6.22176
6.10542
6.10854
6.17834
6.30083
6.06621
6.34232
6.35803
6.24696
6.28772
6.1321
6.29405
6.29704
6.39582
6.11733
6.14378
6.27155
6.18684
6.38353
6.35976
6.37615
6.28892
6.37881
6.3709
6.1351
6.22732
6.42313
6.44568
6.30005
6.33026
6.31254
6.49358
6.45424
6.30434
6.34389
6.41238
6.3158
6.49197
6.54646
6.4515
6.46121
6.40341
6.38998
6.39716
6.36866
6.33291
6.54018
6.31306
6.37836
6.37053
6.42858
6.48574
6.33563
6.4974
6.33199
6.34906
6.32177
6.383
6.56419
6.3448
6.44858
6.34667
6.45036
6.62444
6.43712
6.55042
6.53885
6.53346
6.52077
6.33744
6.42973
6.50062
6.58101
6.55332
6.34481
6.5502
6.42141
6.66314
6.56202
6.62391
6.54805
6.65423
6.512
6.64603
6.59457
6.53539
6.61058
6.36128
6.61572
6.63989
6.78642
6.71428
6.6927
6.62617
6.76319
6.52325
6.66549
6.60315
6.5416
6.63473
6.58203
6.57386
6.55074
6.65595
6.8408
6.654
6.63483
6.72546
6.71654
6.70926
6.75433
6.80494
6.69247
6.78042
6.86289
6.56435
6.71302
6.81314
6.76798
6.92785
6.81944
6.8549
6.77433
6.65664
6.74842
6.76383
6.89525
6.77572
6.83309
6.82406
6.85995
6.96467
6.8835
6.68397
6.79915
6.92824
6.95998
6.76887
6.80002
7.05018
6.8772
6.69242
6.9572
7.0199
6.79017
6.98357
6.72259
6.87217
7.00948
6.90947
7.08118
6.95608
6.84163
7.19431
6.89284
7.12367
7.11823
6.87983
7.05277
7.0431
6.97149
7.08279
7.09899
6.98155
7.03624
7.16873
7.24672
7.03464
6.99131
7.09823
7.14201
7.05546
6.97536
6.92337
6.98969
6.88802
7.00748
7.00272
7.15374
7.04504
7.05392
7.18171
7.05566
7.08574
7.05628
7.14928
6.93916
7.19714
7.0975
6.98988
7.10696
7.06563
7.11165
7.04837
7.11441
7.2701
7.30005
7.24716
7.24025
7.32159
7.26301
7.4257
7.15303
7.21243
7.22051
7.20277
7.19059
7.22135
7.35178
7.04396
7.27056
7.2189
7.30296
7.26608
7.22183
7.09641
7.09157
7.29531
7.2811
7.1981
7.35397
7.28302
7.32604
7.38958
7.14075
7.25145
7.43835
7.47633
7.41965
7.3505
7.27544
7.31549
7.47151
7.34667
7.303
7.32503
7.46919
7.17914
7.49156
7.24922
7.19217
7.36583
7.388
7.36226
7.45927
7.27067
7.475
7.34475
7.24132
7.47896
7.18824
7.21251
7.49666
7.48602
7.28155
7.2988
7.33244
7.38555
7.29686
7.23002
7.4742
7.37842
7.47334
7.47438
7.33268
7.49793
7.22377
7.25336
7.43656
7.50626
7.49222
7.49964
7.52999
7.68005
7.5581
7.21823
7.61919
7.53644
7.56217
7.46021
7.49321
7.33486
7.52524
7.60624
7.64691
7.54449
7.63022
7.77334
7.73441
7.43813
7.45932
7.57506
7.31658
7.83533
7.63805
7.59902
7.63866
7.57036
7.46281
7.71286
7.45528
7.67085
7.5959
7.55866
7.72646
7.63499
7.5916
8.00666
7.62871
7.86293
7.63134
7.73615
7.55177
7.72976
7.77271
7.84879
7.6452
7.68395
7.79264
7.565
7.98516
7.73178
7.79216
7.76991
7.81719
7.96699
7.84934
7.8175
7.57239
7.8101
7.64174
7.63439
7.62311
7.57502
7.75731
7.83111
7.58873
7.59323
7.82503
7.82716
7.89183
7.78109
7.83448
7.79776
7.78963
7.58516
7.92379
7.81239
7.66645
7.67102
7.66776
7.90136
7.95508
7.77959
7.84291
7.90524
7.71217
7.81852
7.95113
7.82945
7.96497
7.72378
7.78705
7.93643
7.95054
7.85384
7.88598
7.91221
8.00241
7.90113
7.74697
7.81214
7.83044
7.90061
7.9005
7.77476
8.04213
7.94115
7.83115
7.74422
8.06975
7.77055
7.95443
7.92803
8.02118
7.80874
7.85315
7.92273
8.04095
7.92675
7.98967
7.90952
8.09246
7.85477
7.95225
8.22126
8.15529
8.11727
8.09382
8.02393
8.05207
8.10989
8.28442
7.80904
8.15841
8.10751
8.2159
8.07728
8.04392
8.19529
8.16189
8.19246
8.25877
8.137
8.1219
8.27924
8.24513
8.07725
8.30103
8.09889
8.17923
8.14062
7.99765
7.9945
8.12795
8.17273
8.26429
8.1717
8.11847
8.0436
8.11709
8.11904
8.15886
8.29426
8.21355
8.39419
8.23853
8.12236
8.38473
8.29993
8.3077
8.21382
8.07083
8.36379
8.28272
8.12986
8.33303
8.26018
8.35302
8.20827
8.27154
8.40986
8.10151
8.33835
8.15408
8.06747
8.27198
8.26404
8.43543
8.23768
8.33856
8.46141
8.32164
8.40603
8.37248
8.17763
8.54564
8.32917
8.46766
8.60439
8.46556
8.53408
8.06867
8.35684
8.21548
8.2096
8.36088
8.27119
8.38978
8.50464
8.34308
8.35961
8.39615
8.2814
8.27866
8.27157
8.40491
8.59312
8.227
8.47117
8.23652
8.49774
8.01754
8.19382
8.46904
8.5819
8.30129
8.63668
8.46376
8.39661
8.65499
8.47011
8.48245
8.3944
8.4198
8.47138
8.35045
8.40875
8.39318
8.5044
8.58213
8.33101
8.69207
8.4945
8.65285
8.11922
8.33249
8.65821
8.48291
8.3707
8.55586
8.47305
8.60723
8.58273
8.6808
8.74637
8.46619
8.69602
8.40227
8.6592
8.35121
8.47884
