0.67551
1.56415
2.13443
1.52461
1.56951
1.4351
1.37748
1.29173
1.26998
1.31135
1.29126
1.26463
1.27769
1.25562
1.32523
1.36437
1.29098
1.28363
1.27392
1.2739
1.27084
1.28493
1.26855
1.27118
1.23376
1.24377
1.23409
1.17749
1.18998
1.15839
1.18486
1.1374
1.10676
1.05837
1.02972
1.06115
1.01947
1.00088
1.02987
0.99915
0.98882
1.01892
1.03003
1.04933
1.0323
1.09528
1.07422
1.06417
1.04185
1.05501
1.03336
1.02324
1.07206
1.02108
1.02367
1.05497
1.04485
1.03463
1.05464
1.01804
1.01344
1.04716
1.02807
1.00874
1.0269
1.02866
1.02225
1.04469
1.01202
0.99205
0.99829
0.98092
0.98494
0.9656
0.95756
0.9514
0.94356
0.95411
0.93295
0.91592
0.89581
0.88916
0.86373
0.85431
0.86066
0.83224
0.80182
0.7905
0.79123
0.76982
0.75273
0.75354
0.73272
0.72304
0.70852
0.69046
0.71514
0.67073
0.67453
0.66476
0.64197
0.62085
0.6177
0.5993
0.60624
0.60585
0.59621
0.56788
0.57016
0.55226
0.54257
0.55862
0.55023
0.56481
0.51964
0.52965
0.52569
0.49428
0.49787
0.47862
0.46802
0.47168
0.46033
0.46168
0.4286
0.4494
0.41777
0.42912
0.4408
0.38858
0.38047
0.38194
0.39093
0.38286
0.40035
0.35069
0.33849
0.34669
0.3899
0.33511
0.36668
0.34417
0.3076
0.36923
0.32855
0.33462
0.3411
0.31068
0.311
0.34459
0.33724
0.32285
0.29246
0.33057
0.3276
0.30271
0.35153
0.30497
0.30869
0.29791
0.26122
0.34344
0.2946
0.30569
0.31479
0.32304
0.27717
0.2954
0.31285
0.31496
0.27365
0.30906
0.29703
0.28843
0.28993
0.3046
0.29046
0.27517
0.29196
0.30182
0.26944
0.28338
0.38264
0.27479
0.24625
0.29643
0.27665
0.27157
0.27586
0.34798
0.26082
0.2491
0.32492
0.25082
0.27136
0.30611
0.27018
0.25787
0.29741
0.2463
0.30337
0.31286
0.29908
0.27952
0.28684
0.33803
0.27357
0.27677
0.24369
0.28577
0.24857
0.28282
0.29128
0.2663
0.27216
0.27432
0.31739
0.26037
0.26174
0.29212
0.27664
0.32854
0.2928
0.29271
0.25895
0.31675
0.31607
0.23539
0.32879
0.23962
0.2954
0.26446
0.38088
0.24976
0.30292
0.33487
0.2287
0.23871
0.29443
0.30975
0.22325
0.27273
0.27529
0.29957
0.29411
0.26032
0.22809
0.24909
0.24413
0.24251
0.28463
0.21086
0.30512
0.32819
0.26179
0.29168
0.21656
0.34681
0.23159
0.24163
0.28633
0.26883
0.27699
0.30872
0.30444
0.31474
0.28522
0.27142
0.27569
0.2813
0.32607
0.21684
0.31023
0.3664
0.31116
0.28056
0.28177
0.28163
0.33454
0.31777
0.32723
0.24914
0.36676
0.2541
0.31002
0.25665
0.30774
0.32834
0.30101
0.26231
0.30217
0.27671
0.33662
0.27433
0.37115
0.30131
0.29319
0.24078
0.30449
0.28441
0.25937
0.29552
0.2194
0.32303
0.26526
0.31592
0.27361
0.32289
0.25262
0.28632
0.2649
0.31922
0.30617
0.29712
0.27253
0.28495
0.31315
0.27568
0.28776
0.25904
0.27976
0.28844
0.32698
0.26401
0.33809
0.27934
0.28146
0.27949
0.2803
0.32744
0.28205
0.27732
0.3131
0.24565
0.25503
0.25406
0.30394
0.30847
0.35108
0.30063
0.25789
0.26268
0.23284
0.26831
0.31909
0.31075
0.28412
0.28126
0.27029
0.29641
0.28668
0.25941
0.26755
0.24457
0.22425
0.2654
0.22963
0.29228
0.2344
0.26573
0.37368
0.23297
0.30416
0.26309
0.28934
0.21637
0.34773
0.26515
0.34593
0.22827
0.28458
0.3315
0.28836
0.29861
0.26495
0.31408
0.29009
0.30012
0.26617
0.25295
0.36701
0.32897
0.31233
0.29865
0.32661
0.29162
0.34839
0.29128
0.29352
0.26013
0.36581
0.28823
0.3695
0.25007
0.28991
0.3075
0.32983
0.38734
0.31844
0.24426
0.37633
0.31934
0.27921
0.33542
0.3452
0.28963
0.29757
0.30311
0.26665
0.33737
0.31476
0.29247
0.31999
0.26576
0.28053
0.34115
0.25
0.26523
0.25466
0.30773
0.3266
0.26548
0.3044
0.28099
0.33907
0.26964
0.32466
0.36795
0.28904
0.31319
0.30649
0.25909
0.33822
0.31412
0.22614
0.32357
0.29818
0.26361
0.27551
0.33167
0.35985
0.25496
0.23795
0.27501
0.26195
0.27191
0.21715
0.27833
0.24982
0.26412
0.27355
0.31771
0.31724
0.27413
0.26257
0.2897
0.28923
0.24853
0.29898
0.30182
0.23499
0.28513
0.23285
0.36535
0.34502
0.27358
0.32205
0.32447
0.23141
0.27943
0.24194
0.27453
0.21384
0.25719
0.29067
0.20773
0.36125
0.23942
0.27995
0.24951
0.20789
0.22231
0.31207
0.26735
0.27869
0.23114
0.23617
0.24184
0.31499
0.20353
0.23395
0.27036
0.32461
0.23724
0.30745
0.20863
0.25823
0.19146
0.29781
0.21709
0.19808
0.26167
0.23847
0.26097
0.25994
0.23637
0.26651
0.22544
0.24936
0.24162
0.28272
0.26743
0.19171
0.24341
0.2517
0.26543
0.24751
0.20926
0.28162
0.19058
0.32385
0.24883
0.2574
0.22906
0.28153
0.26806
0.22558
0.1979
0.24925
0.31421
0.22026
0.23381
0.22054
0.26966
0.2772
0.25288
0.25582
0.33297
0.20977
0.24433
0.25891
0.17248
0.35811
0.21
0.28603
0.22318
0.20782
0.24757
0.18604
0.25513
0.24977
0.21001
0.25708
0.25733
0.22768
0.2491
0.2383
0.18018
0.24332
0.17953
0.2416
0.27066
0.19091
0.25689
0.22581
0.24696
0.20364
0.20629
0.23838
0.29057
0.22227
0.19914
0.20834
0.22931
0.20139
0.17656
0.26726
0.17525
0.2325
0.18674
0.2489
0.15736
0.22631
0.25356
0.21312
0.19921
0.21579
0.18245
0.21968
0.18807
0.21284
0.27437
0.22193
0.2415
0.16219
0.28819
0.17157
0.21729
0.21552
0.20935
0.17319
0.27053
0.21492
0.19485
0.16518
0.20825
0.20646
0.18938
0.22021
0.21496
0.21734
0.1517
0.27309
0.19953
0.24794
0.20595
0.21165
0.16626
0.17505
0.23019
0.22864
0.19644
0.19857
0.14329
0.22334
0.23606
0.16131
0.21521
0.22907
0.19606
0.17718
0.21448
0.19237
0.16164
0.16279
0.21122
0.35898
0.1628
0.18106
0.25216
0.1739
0.1907
0.21883
0.25619
0.22068
0.19659
0.16062
0.22353
0.17779
0.23364
0.17703
0.17543
0.23291
0.19488
0.2535
0.15653
0.24996
0.19645
0.16719
0.20509
0.232
0.19729
0.16886
0.15766
0.16985
0.16294
0.18012
0.13387
0.14283
0.15646
0.21729
0.16724
0.18036
0.2029
0.15433
0.19176
0.18051
0.25007
0.14763
0.19555
0.15262
0.2209
0.23594
0.26129
0.16535
0.196
0.16796
0.1728
0.15071
0.17446
0.15383
0.15805
0.20641
0.15167
0.14292
0.16764
0.18474
0.13885
0.22366
0.23359
0.15144
0.16237
0.19678
0.20241
0.17094
0.25387
0.13807
0.24771
0.18269
0.18487
0.1607
0.18373
0.15085
0.22612
0.16623
0.1611
0.21536
0.14099
0.23658
0.15826
0.18468
0.13752
0.20182
0.22488
0.19411
0.18364
0.20888
0.19531
0.15956
0.17445
0.1621
0.24052
0.14735
0.16778
0.20629
0.1989
0.16447
0.14909
0.17228
0.11115
0.16674
0.12856
0.1194
0.2155
0.14893
0.16067
0.12225
0.13954
0.20211
0.13884
0.14422
0.14746
0.1566
0.16392
0.13458
0.12426
0.15251
0.21824
0.17583
0.15242
0.17871
0.19927
0.13872
0.1795
0.11739
0.17797
0.20837
0.11227
0.17474
0.13094
0.14445
0.15363
0.12708
0.12673
0.16574
0.10998
0.149
0.11087
0.15265
0.19049
0.10859
0.14572
0.16791
0.10781
0.13299
0.14832
0.12418
0.13231
0.13312
0.1212
0.13708
0.15278
0.11895
0.14448
0.10989
0.12606
0.17064
0.13228
0.18889
0.15618
0.16021
0.22063
0.13974
0.18241
0.15258
0.17245
0.19629
0.11646
0.12656
0.17778
0.1659
0.14508
0.11889
0.19629
0.16086
0.1478
0.16965
0.18506
0.20187
0.09567
0.12299
0.13863
0.13937
0.11718
0.16247
0.15592
0.13698
0.16961
0.12622
0.15
0.13912
0.11178
0.14056
0.13332
0.15399
0.18112
0.12743
0.15461
0.14639
0.13206
0.15355
0.14005
0.14773
0.14215
0.1245
0.16085
0.20662
0.16577
0.09634
0.21772
0.11252
0.13059
0.14509
0.14976
0.19946
0.12424
0.15691
0.18365
0.11316
0.12496
0.12876
0.16896
0.11654
0.14145
0.0963
0.13664
0.11508
0.18498
0.12156
0.09878
0.11638
0.1332
0.15824
0.12714
0.15622
0.15443
0.13996
0.12886
0.09889
0.15731
0.10944
0.14787
0.114
0.08688
0.13763
0.1071
0.14357
0.14069
0.16224
0.15282
0.15382
0.10275
0.12242
0.1463
0.09762
0.14019
0.15375
0.16356
0.14325
0.12833
0.12816
0.13495
0.13007
0.10799
0.13242
0.17145
0.09613
0.18789
0.10764
0.15111
0.11023
0.13624
0.11246
0.13159
0.11564
0.12253
0.09059
0.1298
0.10335
0.11002
0.17177
0.12442
0.21854
0.14353
0.13937
0.12252
0.08712
0.11642
0.11195
0.0938
0.10899
0.1605
0.14076
0.10867
0.09202
0.11447
0.10761
0.07761
0.10149
0.09904
0.20222
0.15255
0.09535
0.13402
0.12125
0.14717
0.1387
0.08622
0.17712
0.12287
0.1159
0.15181
0.11052
0.10503
0.09813
0.10981
0.12877
0.08713
0.08222
0.10471
0.16299
0.16215
0.11187
0.09616
0.16775
0.10279
0.13885
0.0888
0.10836
0.12141
0.13026
0.11311
0.1374
0.09875
0.1396
0.1667
0.1264
0.08734
0.09937
0.11921
0.09139
0.11935
0.08108
0.15903
0.12315
0.12745
0.10296
0.12604
0.10934
0.13222
0.09773
0.09084
0.08503
0.10653
0.10038
0.09967
0.12866
0.13089
0.10739
0.14413
