0.2357
0.35951
0.49913
0.46705
0.4714
0.46158
0.43446
0.41994
0.40445
0.41856
0.40465
0.40101
0.4119
0.40442
0.42894
0.42998
0.42637
0.42832
0.41972
0.41469
0.41857
0.42639
0.41292
0.42244
0.40553
0.41665
0.40226
0.40211
0.39207
0.391
0.38651
0.38469
0.36734
0.36708
0.35152
0.35227
0.34963
0.33428
0.35359
0.33416
0.34694
0.33862
0.35095
0.34823
0.35435
0.35936
0.36303
0.35402
0.35082
0.34901
0.3512
0.34099
0.36131
0.33887
0.35165
0.34595
0.35419
0.34432
0.35553
0.34035
0.34774
0.34877
0.3505
0.33512
0.35272
0.33963
0.35104
0.34636
0.34681
0.33136
0.34401
0.33116
0.34112
0.32531
0.33423
0.32319
0.32505
0.31989
0.32475
0.31129
0.31422
0.30292
0.30506
0.2924
0.30383
0.28501
0.28699
0.27608
0.28182
0.2699
0.26918
0.26219
0.26703
0.25499
0.25501
0.24314
0.25831
0.23876
0.24658
0.23487
0.23639
0.22293
0.22999
0.21609
0.22021
0.21551
0.22268
0.20117
0.21543
0.20112
0.20333
0.19975
0.20417
0.2025
0.19484
0.19364
0.19614
0.18204
0.18942
0.17512
0.18124
0.16928
0.17656
0.16864
0.16635
0.16593
0.15565
0.15568
0.16615
0.14701
0.14973
0.14604
0.15042
0.14382
0.15617
0.13263
0.12921
0.13336
0.14169
0.12985
0.13683
0.13276
0.1171
0.11562
0.12737
0.12118
0.13127
0.11701
0.11909
0.11625
0.1278
0.11083
0.11398
0.10897
0.12109
0.11331
0.11609
0.11438
0.11476
0.11011
0.08532
0.10815
0.09558
0.10432
0.10905
0.11515
0.08979
0.102
0.09774
0.10743
0.07948
0.10296
0.1028
0.08567
0.10166
0.1047
0.10218
0.0891
0.09489
0.10349
0.09433
0.09156
0.11253
0.09891
0.07181
0.10585
0.09188
0.08641
0.09146
0.10402
0.08708
0.08432
0.0991
0.08224
0.08787
0.0966
0.08841
0.08332
0.09461
0.07576
0.09221
0.09764
0.10234
0.08483
0.09115
0.10975
0.08035
0.09469
0.07761
0.08734
0.08437
0.07673
0.0858
0.07314
0.09002
0.08269
0.10181
0.088
0.08689
0.08268
0.08716
0.0865
0.09691
0.08343
0.07834
0.09914
0.0968
0.07172
0.10441
0.07619
0.08471
0.06919
0.10445
0.07445
0.08466
0.09544
0.0658
0.07892
0.08854
0.08914
0.06781
0.07984
0.08112
0.08264
0.09316
0.08335
0.07063
0.08261
0.07286
0.07223
0.09017
0.05467
0.08341
0.09938
0.08098
0.08071
0.07332
0.09599
0.07145
0.07266
0.07535
0.09204
0.08709
0.08594
0.0761
0.08876
0.07383
0.08045
0.08572
0.08653
0.09587
0.06863
0.08889
0.10687
0.07752
0.08921
0.08155
0.07219
0.09197
0.08078
0.10431
0.08015
0.0953
0.08406
0.09036
0.07644
0.09187
0.09151
0.08042
0.08179
0.08693
0.0798
0.08843
0.08175
0.09445
0.09598
0.08834
0.07316
0.09578
0.07241
0.08263
0.07926
0.07166
0.08616
0.07817
0.08936
0.08376
0.10054
0.07867
0.08892
0.08405
0.09468
0.07712
0.09552
0.08413
0.08279
0.08619
0.07622
0.07812
0.08217
0.08328
0.08213
0.1033
0.07769
0.10034
0.09033
0.08111
0.08493
0.08556
0.0959
0.09221
0.08684
0.09329
0.07294
0.08225
0.0672
0.08386
0.08588
0.09388
0.08052
0.07813
0.08188
0.07369
0.06837
0.09701
0.08434
0.08517
0.09162
0.07862
0.0901
0.08689
0.06806
0.08047
0.07706
0.05439
0.07373
0.07195
0.09244
0.08007
0.07853
0.10035
0.0725
0.08571
0.08001
0.09193
0.06415
0.09524
0.07404
0.09574
0.0684
0.07485
0.09558
0.07436
0.08523
0.08686
0.08281
0.07947
0.09179
0.07407
0.07386
0.09985
0.09634
0.07537
0.08762
0.09831
0.08606
0.105
0.08371
0.07262
0.08116
0.10249
0.08134
0.10051
0.08357
0.08661
0.08757
0.09287
0.11138
0.0842
0.07057
0.10002
0.09029
0.08072
0.097
0.10311
0.08953
0.08145
0.09493
0.07669
0.08273
0.08322
0.0949
0.09238
0.0767
0.08077
0.0971
0.0787
0.08523
0.08197
0.0776
0.09808
0.08739
0.09041
0.07697
0.10296
0.07947
0.08595
0.10041
0.0712
0.08827
0.08675
0.07766
0.10223
0.10261
0.07202
0.09571
0.09107
0.08193
0.07383
0.10301
0.09656
0.08043
0.07402
0.07282
0.08905
0.07928
0.06628
0.09053
0.07591
0.08
0.0881
0.08915
0.08885
0.08738
0.07311
0.09442
0.08147
0.07306
0.08672
0.08258
0.06771
0.07776
0.06703
0.092
0.09889
0.08514
0.07926
0.0948
0.06864
0.08084
0.06545
0.08258
0.06939
0.06805
0.08168
0.06651
0.08461
0.07916
0.07606
0.0724
0.06628
0.07209
0.09121
0.07858
0.08535
0.0695
0.079
0.0733
0.08539
0.07073
0.06524
0.07834
0.08495
0.07555
0.08117
0.05824
0.08332
0.06362
0.08199
0.05711
0.06357
0.0694
0.06732
0.07677
0.07546
0.07767
0.07481
0.05867
0.07917
0.06496
0.06976
0.08352
0.04838
0.07875
0.08028
0.08045
0.07219
0.07197
0.07635
0.05781
0.08426
0.06907
0.08007
0.06805
0.08311
0.07413
0.06165
0.0609
0.06689
0.09007
0.06089
0.07132
0.06381
0.06326
0.07686
0.06494
0.07046
0.08281
0.06106
0.0778
0.07757
0.05721
0.09123
0.06258
0.07596
0.06873
0.06054
0.0775
0.05943
0.07739
0.06994
0.06428
0.07055
0.07628
0.0689
0.07739
0.06733
0.05331
0.07032
0.04669
0.07373
0.06406
0.06091
0.07969
0.06941
0.08136
0.06212
0.06215
0.06853
0.08141
0.06733
0.05597
0.05844
0.0643
0.06791
0.06062
0.08031
0.04762
0.05784
0.05629
0.06936
0.04416
0.06533
0.07016
0.07031
0.0568
0.05831
0.06176
0.06761
0.05741
0.05564
0.0883
0.06332
0.07275
0.04206
0.07244
0.05109
0.06425
0.06068
0.06261
0.05084
0.06936
0.06492
0.05786
0.05919
0.06385
0.05588
0.05219
0.07392
0.05797
0.06113
0.04263
0.07029
0.06331
0.07379
0.06378
0.06426
0.04835
0.05085
0.06001
0.06607
0.06286
0.05899
0.04199
0.06273
0.07115
0.04744
0.05596
0.05417
0.06348
0.05104
0.0609
0.05097
0.0441
0.04075
0.05115
0.08634
0.04255
0.05631
0.06154
0.04988
0.05407
0.06439
0.06979
0.06537
0.05728
0.0487
0.06272
0.04757
0.06639
0.05124
0.05275
0.06984
0.06164
0.06634
0.04082
0.06507
0.04921
0.05058
0.06214
0.05859
0.06077
0.05247
0.04942
0.06148
0.04899
0.04185
0.04327
0.04832
0.05306
0.06479
0.0423
0.05173
0.06436
0.04328
0.05965
0.04663
0.06567
0.04297
0.05741
0.03697
0.05236
0.05219
0.07681
0.04719
0.05989
0.04686
0.04275
0.04117
0.05745
0.03881
0.04523
0.0605
0.04789
0.03667
0.05044
0.0463
0.03776
0.06181
0.05182
0.04053
0.04648
0.04851
0.05726
0.05066
0.06595
0.04059
0.06216
0.05805
0.06196
0.04212
0.05432
0.04413
0.05937
0.04687
0.05329
0.06212
0.0432
0.0703
0.04452
0.0505
0.04271
0.05536
0.06834
0.05529
0.05832
0.05854
0.0532
0.04353
0.0454
0.03407
0.07477
0.03752
0.04887
0.05309
0.06338
0.05072
0.03973
0.04734
0.0259
0.05297
0.04436
0.03921
0.05806
0.038
0.04766
0.0281
0.0424
0.0682
0.03866
0.04127
0.05076
0.03907
0.04471
0.03737
0.03329
0.04745
0.06129
0.04704
0.04952
0.05866
0.05559
0.04477
0.0447
0.04063
0.04859
0.05554
0.03976
0.05446
0.03986
0.04226
0.05343
0.03946
0.04142
0.0472
0.03255
0.03962
0.03753
0.0479
0.05949
0.0292
0.04227
0.05549
0.02643
0.0446
0.04874
0.03805
0.0441
0.03928
0.03722
0.03731
0.0443
0.0416
0.0431
0.03087
0.04488
0.04914
0.04766
0.05414
0.04182
0.05464
0.04434
0.04387
0.04839
0.04922
0.0442
0.057
0.04102
0.02875
0.0462
0.04465
0.04892
0.03349
0.05042
0.04545
0.03619
0.04168
0.05635
0.05556
0.03063
0.03408
0.0401
0.04726
0.03917
0.05069
0.04598
0.04375
0.05043
0.04157
0.04086
0.03195
0.02714
0.04062
0.04309
0.04478
0.05084
0.0384
0.03841
0.04596
0.02947
0.049
0.03528
0.04517
0.03527
0.03795
0.04149
0.05456
0.0568
0.03723
0.05745
0.03987
0.02235
0.04667
0.04655
0.04775
0.03621
0.04667
0.04088
0.03268
0.03449
0.0383
0.05731
0.03357
0.03861
0.02214
0.04162
0.03641
0.04608
0.02888
0.02726
0.03218
0.03497
0.0425
0.03579
0.03231
0.03518
0.03266
0.03655
0.02803
0.03362
0.03788
0.04118
0.03144
0.02803
0.03532
0.0323
0.04056
0.04435
0.03511
0.03481
0.04163
0.0309
0.04093
0.03435
0.03364
0.04217
0.03778
0.04222
0.03836
0.03488
0.03462
0.0346
0.03268
0.02896
0.03864
0.04261
0.02576
0.0491
0.02802
0.04197
0.03428
0.0382
0.03438
0.04295
0.03151
0.04088
0.03047
0.04209
0.03333
0.03316
0.04272
0.03978
0.05309
0.0409
0.04176
0.03583
0.0237
0.037
0.03908
0.03309
0.0244
0.04335
0.04098
0.03294
0.02947
0.03252
0.03374
0.02538
0.03445
0.03368
0.04573
0.04864
0.02318
0.03554
0.03733
0.03956
0.0391
0.03346
0.03593
0.04144
0.03166
0.04194
0.03429
0.02934
0.02598
0.03451
0.03814
0.0248
0.02761
0.02997
0.04286
0.04551
0.03268
0.03218
0.04197
0.02692
0.04058
0.02757
0.0187
0.03518
0.03762
0.03923
0.02961
0.02948
0.03586
0.03714
0.03698
0.028
0.0233
0.0302
0.02806
0.03935
0.024
0.04474
0.0414
0.03187
0.03769
0.0365
0.0224
0.04268
0.03131
0.01903
0.02717
0.03384
0.03008
0.02552
0.03087
0.03178
0.03311
0.043
