0.41491
0.3783
0.33221
0.35066
0.35632
0.34367
0.31742
0.29125
0.27149
0.26218
0.28648
0.30306
0.30876
0.30907
0.31097
0.31892
0.31509
0.31394
0.30966
0.30615
0.30458
0.29583
0.2947
0.28611
0.28198
0.27571
0.27043
0.26183
0.24907
0.25001
0.22932
0.22053
0.22122
0.20317
0.20464
0.20083
0.18945
0.18312
0.18299
0.17411
0.17137
0.16805
0.16429
0.15399
0.16084
0.16034
0.14976
0.15157
0.13893
0.14006
0.14234
0.13567
0.13348
0.13447
0.13511
0.13494
0.12576
0.13506
0.12283
0.12105
0.13088
0.12308
0.1205
0.11552
0.12215
0.12233
0.12552
0.1073
0.12155
0.11754
0.10924
0.12223
0.11112
0.11358
0.10754
0.11102
0.10718
0.10851
0.11192
0.1091
0.1063
0.10797
0.10844
0.10216
0.10623
0.10067
0.10443
0.09571
0.09966
0.09767
0.09323
0.09843
0.09901
0.09467
0.09636
0.08949
0.09755
0.09333
0.08809
0.0921
0.09159
0.09018
0.09554
0.08596
0.09104
0.09063
0.08098
0.09101
0.08683
0.08354
0.08507
0.07786
0.08671
0.08005
0.07883
0.08435
0.07932
0.08163
0.08243
0.07896
0.07464
0.07777
0.08316
0.07524
0.07113
0.07665
0.07435
0.07279
0.07621
0.07193
0.07063
0.08086
0.07161
0.07411
0.07404
0.06741
0.07195
0.06201
0.06448
0.07046
0.07341
0.06888
0.071
0.06607
0.06644
0.06763
0.06648
0.06212
0.06693
0.06501
0.06575
0.05858
0.06847
0.07033
0.06149
0.05604
0.06489
0.07007
0.0652
0.06067
0.05871
0.06059
0.06365
0.05571
0.05974
0.06244
0.05556
0.05876
0.0637
0.05689
0.05815
0.05558
0.05823
0.05754
0.0588
0.05272
0.06169
0.05198
0.05396
0.05503
0.04811
0.05407
0.05827
0.05529
0.05586
0.05508
0.05205
0.05679
0.04541
0.05634
0.04786
0.05573
0.05273
0.04626
0.04886
0.05537
0.0392
0.05018
0.04819
0.05269
0.05027
0.04838
0.04681
0.04743
0.04839
0.05003
0.04981
0.04125
0.05517
0.04972
0.04721
0.04375
0.04827
0.04193
0.04549
0.05358
0.04085
0.04228
0.04458
0.04956
0.04582
0.04103
0.04719
0.04185
0.04588
0.03084
0.04683
0.03909
0.04761
0.04237
0.0447
0.04125
0.04671
0.04576
0.04101
0.04853
0.03832
0.04488
0.0368
0.04442
0.04438
0.04562
0.03941
0.04319
0.04474
0.03333
0.04484
0.04334
0.04001
0.0405
0.04371
0.04079
0.04079
0.03674
0.04523
0.04065
0.03822
0.03762
0.04226
0.03533
0.03472
0.03275
0.04156
0.03183
0.04281
0.03334
0.03431
0.0399
0.03131
0.04161
0.03788
0.04334
0.03847
0.03767
0.03639
0.03358
0.03998
0.03809
0.03223
0.03592
0.03981
0.04442
0.0371
0.03543
0.03244
0.03404
0.034
0.02751
0.03166
0.03369
0.035
0.03006
0.03437
0.04182
0.03538
0.0362
0.03008
0.0386
0.0297
0.02767
0.03319
0.03446
0.03216
0.0357
0.03189
0.02946
0.03484
0.02702
0.02844
0.03701
0.02991
0.033
0.03033
0.03156
0.0334
0.02734
0.03255
0.02773
0.03223
0.02875
0.03733
0.02811
0.02936
0.02998
0.0342
0.02077
0.0334
0.03025
0.02829
0.02843
0.02808
0.02727
0.03107
0.02474
0.0287
0.02872
0.03067
0.0348
0.02787
0.02861
0.03241
0.02709
0.02662
0.02431
0.03199
0.02745
0.0271
0.0248
0.03206
0.02329
0.03047
0.03366
0.02802
0.02947
0.02548
0.0366
0.03127
0.02633
0.02883
0.02978
0.02797
0.03079
0.03035
0.02648
0.02854
0.02567
0.02427
0.02485
0.02189
0.02339
0.02778
0.02673
0.02766
0.02558
0.02228
0.02492
0.02555
0.02457
0.02749
0.02257
0.02994
0.02122
0.02737
0.02189
0.0226
0.02748
0.02672
0.02025
0.0263
0.02262
0.02668
0.03102
0.02638
0.02304
0.0255
0.02491
0.02726
0.02598
0.01976
0.02638
0.02008
0.02499
0.02162
0.02418
0.02255
0.02554
0.0202
0.02401
0.02799
0.02169
0.02314
0.02284
0.02349
0.0216
0.02239
0.01818
0.02589
0.01975
0.01873
0.02484
0.01323
0.02655
0.02075
0.02507
0.02669
0.01972
0.02873
0.0221
0.02276
0.02045
0.02014
0.023
0.02524
0.02166
0.01846
0.02612
0.01766
0.01947
0.02147
0.02709
0.02056
0.02162
0.02414
0.02663
0.02423
0.01974
0.02248
0.01762
0.02322
0.02024
0.02038
0.02508
0.0182
0.01717
0.02884
0.02363
0.0179
0.01977
0.01991
0.02179
0.01809
0.01469
0.02456
0.02188
0.02322
0.01968
0.01884
0.02039
0.01784
0.01771
0.01671
0.02405
0.01967
0.0188
0.02145
0.0128
0.02312
0.01701
0.02374
0.02001
0.02247
0.01784
0.02467
0.02304
0.0231
0.01671
0.01857
0.02022
0.01653
0.01914
0.01936
0.01818
0.0194
0.01916
0.02354
0.01858
0.01799
0.01712
0.0239
0.02114
0.02574
0.01841
0.02486
0.01934
0.02087
0.02008
0.02116
0.0212
0.03166
0.02316
0.02832
0.02148
0.02252
0.01987
0.02669
0.01985
0.01998
0.01933
0.01972
0.02327
0.02421
0.01926
0.02632
0.01995
0.0218
0.02715
0.01556
0.02869
0.02407
0.01974
0.01818
0.02377
0.02102
0.02454
0.02709
0.02285
0.02539
0.01879
0.02329
0.0238
0.02632
0.02089
0.01946
0.02506
0.02162
0.02146
0.02578
0.02639
0.02185
0.02015
0.02233
0.0231
0.02165
0.02501
0.01999
0.01939
0.02212
0.02511
0.02201
0.01847
0.02564
0.02277
0.02572
0.02149
0.02081
0.01896
0.02506
0.01895
0.02395
0.02318
0.02623
0.01812
0.02073
0.01951
0.02431
0.01974
0.02083
0.02167
0.02399
0.0155
0.0261
0.02229
0.02133
0.02261
0.02531
0.02096
0.02499
0.02295
0.02388
0.02624
0.0223
0.02255
0.01873
0.01874
0.01878
0.02192
0.01637
0.0232
0.02601
0.02306
0.02166
0.02248
0.02384
0.01571
0.02201
0.02081
0.0202
0.02669
0.02064
0.01989
0.02287
0.02094
0.0155
0.02498
0.02504
0.02218
0.02828
0.01969
0.02133
0.02277
0.02094
0.02844
0.01756
0.01858
0.0188
0.01624
0.02484
0.02544
0.02003
0.02183
0.015
0.01919
0.02615
0.02348
0.02175
0.02499
0.01743
0.02452
0.0275
0.02147
0.01859
0.01938
0.02361
0.01801
0.02368
0.0235
0.0231
0.0233
0.02146
0.02297
0.02289
0.02337
0.01537
0.02315
0.02223
0.01864
0.0188
0.01701
0.0229
0.02491
0.01987
0.02447
0.02034
0.01907
0.02182
0.02026
0.02335
0.02497
0.01793
0.02403
0.02423
0.01936
0.02001
0.02364
0.02067
0.01482
0.01927
0.02335
0.02124
0.02125
0.02003
0.01816
0.02141
0.02284
0.02079
0.02556
0.01988
0.02159
0.01746
0.01715
0.01752
0.01986
0.02038
0.02303
0.01617
0.02004
0.02093
0.01966
0.02039
0.01593
0.02718
0.01793
0.02047
0.02013
0.01652
0.0196
0.01962
0.01981
0.01766
0.01865
0.02155
0.02083
0.0167
0.02444
0.01695
0.02291
0.01952
0.02474
0.02012
0.01734
0.02596
0.01449
0.01973
0.01959
0.01776
0.02309
0.01798
0.01614
0.01841
0.01977
0.01728
0.0174
0.01687
0.01928
0.01577
0.0195
0.01808
0.01594
0.01913
0.02254
0.01714
0.01992
0.01629
0.0184
0.01879
0.01794
0.01699
0.02037
0.01687
0.01949
0.02036
0.02292
0.0222
0.01783
0.0165
0.01709
0.02116
0.01557
0.01957
0.02152
0.01993
0.01999
0.01561
0.01711
0.01502
0.02201
0.01749
0.01678
0.0142
0.02458
0.01737
0.01735
0.01979
0.01874
0.01935
0.02025
0.02136
0.01406
0.01701
0.01784
0.02294
0.01824
0.01871
0.02331
0.01863
0.0204
0.01111
0.01819
0.01715
0.01618
0.01542
0.01577
0.01907
0.01693
0.01763
0.02097
0.02126
0.01853
0.02073
0.01602
0.01918
0.01613
0.01945
0.01953
0.01537
0.01583
0.02174
0.01536
0.02245
0.01493
0.02327
0.02187
0.01382
0.01434
0.0174
0.01359
0.01928
0.01398
0.01877
0.02219
0.0119
0.02042
0.01698
0.01718
0.01501
0.01415
0.02087
0.02425
0.01474
0.01714
0.01862
0.01281
0.01866
0.01206
0.0148
0.01616
0.01418
0.02393
0.01868
0.01345
0.01744
0.01312
0.01853
0.01558
0.02164
0.01436
0.01745
0.01291
0.01484
0.0172
0.02007
0.014
0.01272
0.01938
0.0179
0.02041
0.01607
0.01565
0.01449
0.01909
0.01469
0.01136
0.01417
0.01845
0.01824
0.01846
0.0156
0.01937
0.01449
0.016
0.0188
0.01824
0.01437
0.0173
0.01622
0.01985
0.01375
0.01592
0.01684
0.01498
0.0184
0.02115
0.01491
0.01325
0.01661
0.01665
0.01098
0.0192
0.0181
0.01571
0.02395
0.01173
0.01629
0.01794
0.01464
0.01677
0.01643
0.01897
0.01266
0.01333
0.01702
0.01782
0.01619
0.01638
0.01878
0.01618
0.01726
0.02111
0.01564
0.01483
0.02302
0.01323
0.01383
0.02344
0.02131
0.01622
0.01579
0.01503
0.01677
0.01778
0.01479
0.01878
0.01822
0.01989
0.01479
0.01682
0.01549
0.01654
0.01076
0.0199
0.0242
0.01281
0.0157
0.01726
0.01735
0.01636
0.01532
0.01502
0.01333
0.01433
0.01768
0.01829
0.02016
0.0182
0.01468
0.01536
0.01732
0.0183
0.01863
0.01922
0.01748
0.01939
0.01393
0.01626
0.01459
0.01422
0.01591
0.01735
0.0178
0.01491
0.01843
0.0194
0.01625
0.0139
0.0149
0.01718
0.01466
0.01853
0.0171
0.01702
0.01895
0.02051
0.01948
0.01462
0.01658
0.01552
0.0175
0.01082
0.01908
0.01719
0.01889
0.01452
0.01583
0.01511
0.0131
0.01797
0.01699
0.01765
0.01132
0.01509
0.01332
0.01948
0.01687
0.01345
0.01092
0.01852
0.01177
0.02111
0.01722
0.02269
