1.7518
1.22622
1.07175
1.11716
1.12393
1.07436
0.99343
0.88306
0.82547
0.80221
0.87874
0.95407
0.94391
0.96528
0.95877
0.97938
0.96028
0.95434
0.93877
0.92062
0.92853
0.9059
0.88708
0.86849
0.85773
0.82904
0.81276
0.7889
0.75148
0.7474
0.67993
0.67635
0.67711
0.61456
0.64766
0.61979
0.60703
0.59599
0.59995
0.56338
0.56516
0.53994
0.56545
0.5286
0.53233
0.52421
0.51467
0.51923
0.50034
0.47126
0.48711
0.45907
0.44568
0.4663
0.48535
0.47555
0.45229
0.45336
0.43331
0.42872
0.46645
0.39691
0.46769
0.41343
0.41267
0.41818
0.4475
0.35317
0.42038
0.38787
0.40961
0.4255
0.37674
0.39155
0.36574
0.41051
0.3832
0.37264
0.39685
0.37389
0.36122
0.3873
0.40694
0.3709
0.3827
0.33307
0.3602
0.32466
0.35396
0.33812
0.31057
0.33849
0.33996
0.32256
0.34557
0.29442
0.33266
0.30842
0.33234
0.31104
0.32266
0.29975
0.34059
0.28919
0.31412
0.29157
0.2611
0.32655
0.28877
0.29979
0.27444
0.27525
0.29404
0.28209
0.27356
0.29638
0.27192
0.29284
0.28038
0.27288
0.25586
0.2607
0.27393
0.26482
0.24233
0.25374
0.2419
0.25193
0.28317
0.23178
0.25419
0.28016
0.2386
0.25244
0.2732
0.23033
0.24474
0.21247
0.23883
0.24569
0.27018
0.22251
0.25349
0.2253
0.22587
0.23357
0.22767
0.20204
0.25557
0.23737
0.23597
0.18443
0.23619
0.23558
0.22646
0.20371
0.22017
0.23921
0.2445
0.19823
0.20515
0.20661
0.21872
0.18965
0.21487
0.23506
0.18614
0.21014
0.22268
0.19598
0.21951
0.20545
0.20028
0.19923
0.22475
0.18842
0.23539
0.16698
0.20258
0.2014
0.17239
0.17624
0.22697
0.20036
0.18892
0.18397
0.18457
0.20744
0.16451
0.20333
0.17192
0.20295
0.19394
0.16853
0.15905
0.19726
0.14416
0.17263
0.16254
0.19365
0.17491
0.17286
0.16394
0.16183
0.18039
0.19823
0.17501
0.14334
0.18559
0.16593
0.17901
0.17791
0.17802
0.15961
0.15083
0.19669
0.13623
0.13162
0.15297
0.18104
0.1691
0.14935
0.16315
0.15588
0.18309
0.1184
0.17207
0.15331
0.16608
0.15938
0.15491
0.15592
0.18415
0.1656
0.15171
0.19252
0.14165
0.1705
0.16416
0.17156
0.15634
0.15388
0.14212
0.13992
0.15375
0.13285
0.16184
0.16886
0.14134
0.13681
0.15556
0.15035
0.1498
0.13688
0.15029
0.15309
0.13517
0.12941
0.16022
0.11822
0.13616
0.11832
0.15287
0.11807
0.16127
0.11179
0.12638
0.14791
0.11241
0.16244
0.14957
0.16821
0.13705
0.12573
0.13678
0.11833
0.16462
0.14073
0.11537
0.12773
0.14818
0.18218
0.1309
0.12878
0.12099
0.12661
0.11904
0.09117
0.11477
0.13795
0.1448
0.10824
0.13139
0.15887
0.13675
0.15141
0.10476
0.1605
0.11222
0.09655
0.13462
0.12621
0.12952
0.14401
0.1111
0.10584
0.13554
0.10403
0.09927
0.15285
0.11084
0.10805
0.10758
0.11173
0.1302
0.09092
0.1274
0.11678
0.11358
0.09648
0.14929
0.10262
0.11702
0.10059
0.13277
0.09534
0.1285
0.10829
0.09561
0.11316
0.1069
0.10288
0.11796
0.08957
0.09935
0.10292
0.12465
0.12923
0.10803
0.10107
0.12022
0.10016
0.08629
0.09061
0.13777
0.10142
0.09637
0.08197
0.10808
0.08828
0.10714
0.13765
0.10831
0.10376
0.08662
0.14285
0.12156
0.09923
0.10155
0.10665
0.09663
0.12173
0.11488
0.10162
0.10275
0.10786
0.09579
0.08746
0.09219
0.0893
0.09534
0.10019
0.09661
0.0946
0.06834
0.08274
0.10261
0.0941
0.09526
0.08231
0.12762
0.06866
0.10001
0.07701
0.07435
0.09419
0.09636
0.07564
0.09079
0.07975
0.10759
0.11948
0.11333
0.09335
0.09397
0.09097
0.09957
0.09592
0.08091
0.09883
0.07054
0.09179
0.0752
0.08898
0.08865
0.0951
0.07002
0.08572
0.09702
0.07733
0.07136
0.08516
0.09301
0.08744
0.08747
0.06676
0.10985
0.06795
0.06487
0.09529
0.06432
0.10366
0.08331
0.1007
0.09341
0.0688
0.11026
0.08589
0.0812
0.07227
0.08331
0.09381
0.09923
0.07128
0.05875
0.09181
0.06963
0.07201
0.08437
0.11022
0.0805
0.09521
0.10293
0.10455
0.08174
0.07651
0.09992
0.06692
0.08851
0.07073
0.0691
0.08965
0.07424
0.06912
0.11718
0.08723
0.0548
0.0779
0.08081
0.07698
0.06671
0.05999
0.08603
0.07643
0.0841
0.07679
0.07696
0.0815
0.0673
0.06059
0.06375
0.10092
0.07854
0.06272
0.08541
0.05944
0.08963
0.06034
0.08555
0.07628
0.10583
0.05751
0.1001
0.08638
0.08099
0.05757
0.07237
0.07562
0.06073
0.07801
0.07136
0.07321
0.07065
0.07342
0.1145
0.06809
0.07411
0.05981
0.09412
0.07516
0.10608
0.05928
0.1031
0.07677
0.07624
0.08806
0.08651
0.08665
0.13393
0.10409
0.12836
0.09456
0.09411
0.08155
0.10619
0.08369
0.07743
0.07227
0.0755
0.09387
0.10378
0.07787
0.1083
0.08205
0.07752
0.13098
0.05985
0.13622
0.10446
0.0805
0.06828
0.08845
0.08283
0.12368
0.10286
0.09717
0.09407
0.07704
0.09316
0.08821
0.10014
0.083
0.0634
0.09949
0.07509
0.08383
0.09639
0.11006
0.08831
0.07515
0.08492
0.09341
0.08742
0.10244
0.08188
0.07453
0.07515
0.09543
0.09101
0.07336
0.08996
0.08935
0.09421
0.09052
0.08668
0.06804
0.10614
0.08333
0.0905
0.08749
0.10766
0.0651
0.11702
0.07355
0.10628
0.07476
0.08337
0.08834
0.10465
0.06654
0.1034
0.09467
0.07641
0.0873
0.1031
0.07132
0.10412
0.0777
0.09199
0.11502
0.08098
0.08343
0.07073
0.08952
0.0635
0.07446
0.0897
0.08973
0.09981
0.10101
0.07915
0.10569
0.09417
0.06466
0.07898
0.07664
0.08795
0.12339
0.07726
0.07047
0.10964
0.07429
0.07086
0.09647
0.10626
0.07993
0.12485
0.06824
0.07159
0.09561
0.08031
0.11731
0.05792
0.06139
0.07015
0.05559
0.09554
0.09923
0.06996
0.09415
0.05435
0.06478
0.10402
0.09483
0.09432
0.09926
0.06399
0.11197
0.1112
0.08356
0.06591
0.06699
0.08739
0.06566
0.09872
0.08772
0.0831
0.10279
0.08677
0.08661
0.08822
0.09026
0.06863
0.0845
0.09333
0.07904
0.06508
0.06722
0.09984
0.09674
0.0814
0.10838
0.08026
0.08097
0.08549
0.06366
0.11213
0.09562
0.0688
0.08942
0.0945
0.0764
0.06727
0.09497
0.07712
0.04694
0.07642
0.09023
0.08988
0.08166
0.07306
0.07337
0.08042
0.08629
0.08591
0.10605
0.0807
0.08464
0.07448
0.07028
0.06542
0.06856
0.0947
0.08942
0.05963
0.0735
0.08368
0.07506
0.07315
0.05592
0.11826
0.06637
0.07361
0.08935
0.07252
0.07238
0.08196
0.07491
0.06461
0.07939
0.07877
0.08185
0.0565
0.11252
0.05701
0.08436
0.08549
0.10492
0.07763
0.07023
0.09892
0.04407
0.0676
0.07868
0.07097
0.11661
0.07189
0.06652
0.07529
0.07682
0.07388
0.07947
0.06571
0.08345
0.05629
0.07853
0.0758
0.05876
0.08085
0.10173
0.05241
0.07953
0.06243
0.07018
0.08641
0.06669
0.06573
0.08116
0.06816
0.09624
0.07845
0.09196
0.09272
0.06237
0.0637
0.07125
0.08673
0.04971
0.07588
0.08246
0.07235
0.07551
0.06577
0.07147
0.05844
0.08519
0.06948
0.06818
0.06284
0.11497
0.06379
0.06342
0.07849
0.06932
0.06798
0.072
0.08075
0.05433
0.05558
0.07892
0.11445
0.08566
0.06929
0.11553
0.08914
0.0809
0.03884
0.06021
0.06094
0.06083
0.05655
0.06044
0.0771
0.05684
0.07132
0.08915
0.08854
0.07242
0.08355
0.07257
0.09541
0.06333
0.0764
0.07839
0.06102
0.06391
0.09708
0.06871
0.08166
0.05497
0.10206
0.09819
0.05196
0.05889
0.0695
0.04674
0.07079
0.04974
0.08298
0.09571
0.03843
0.08148
0.06934
0.07228
0.06321
0.06483
0.0933
0.11081
0.05184
0.0659
0.07112
0.03764
0.07387
0.04751
0.05374
0.07004
0.04856
0.10207
0.06479
0.05442
0.06762
0.05646
0.07532
0.07466
0.08576
0.05607
0.06231
0.05915
0.0612
0.07575
0.06817
0.05114
0.04089
0.06927
0.06458
0.0828
0.06324
0.07013
0.05739
0.08078
0.05638
0.04505
0.05031
0.09109
0.10261
0.07609
0.06987
0.07095
0.07098
0.06831
0.08981
0.0922
0.05408
0.06267
0.05968
0.07909
0.052
0.06363
0.07666
0.04806
0.07313
0.08807
0.07395
0.04414
0.05202
0.07185
0.03699
0.0865
0.08448
0.0605
0.10409
0.03903
0.07636
0.06581
0.09405
0.07353
0.08401
0.09152
0.04476
0.06698
0.06567
0.07698
0.05991
0.08507
0.07429
0.05972
0.06637
0.08495
0.06412
0.06894
0.10271
0.06471
0.06433
0.10077
0.08635
0.05786
0.06672
0.05243
0.07228
0.07237
0.05543
0.0759
0.07873
0.07629
0.06463
0.07487
0.05491
0.06352
0.04375
0.08359
0.09566
0.06246
0.05052
0.07649
0.06663
0.07042
0.04982
0.05461
0.04631
0.06466
0.09943
0.07001
0.0803
0.06509
0.05509
0.06181
0.0731
0.08513
0.09411
0.09306
0.06078
0.08825
0.05887
0.07611
0.04847
0.05764
0.06573
0.08013
0.0628
0.07103
0.08019
0.07266
0.07482
0.05044
0.05002
0.07865
0.06541
0.07473
0.06074
0.081
0.0881
0.07859
0.0732
0.05693
0.05808
0.05711
0.07431
0.04934
0.07675
0.08138
0.07979
0.05514
0.0575
0.06545
0.04271
0.07279
0.05896
0.0764
0.03386
0.0633
0.05592
0.07856
0.06143
0.05059
0.03337
0.0751
0.04996
0.09145
0.0722
0.09192
