0.25024
0.22082
0.18931
0.20646
0.22149
0.2235
0.19721
0.16479
0.1545
0.14283
0.17353
0.19359
0.20591
0.20933
0.22392
0.22754
0.23139
0.23235
0.2293
0.2291
0.22173
0.22125
0.21663
0.21097
0.2049
0.20196
0.19365
0.18893
0.17833
0.18183
0.16766
0.16222
0.15958
0.14083
0.14474
0.13867
0.13267
0.12779
0.13182
0.123
0.12237
0.12022
0.11273
0.10713
0.11068
0.10901
0.09972
0.10437
0.09547
0.09236
0.08804
0.08928
0.08745
0.09018
0.08575
0.09204
0.08377
0.08001
0.08164
0.07294
0.08518
0.07324
0.08467
0.07146
0.07682
0.08
0.08505
0.06476
0.07389
0.06919
0.06756
0.07827
0.06983
0.06713
0.06675
0.07386
0.06642
0.0677
0.06793
0.06705
0.06662
0.06866
0.07193
0.06591
0.07507
0.0583
0.06832
0.06195
0.06608
0.06602
0.05562
0.06486
0.06258
0.06317
0.06523
0.0556
0.06252
0.05873
0.0608
0.06219
0.05792
0.05974
0.06959
0.05881
0.06539
0.05832
0.05298
0.06311
0.05531
0.06159
0.05831
0.05652
0.05691
0.05707
0.05741
0.05868
0.05593
0.0552
0.05839
0.05443
0.05286
0.0548
0.05505
0.05342
0.0464
0.05482
0.05099
0.04902
0.05506
0.0496
0.05103
0.05501
0.05105
0.04604
0.05106
0.04868
0.05084
0.04688
0.04487
0.05004
0.05149
0.04634
0.05151
0.04429
0.04639
0.04997
0.04636
0.04353
0.05186
0.04956
0.04828
0.04109
0.04636
0.04633
0.04443
0.04066
0.04797
0.04939
0.04916
0.04068
0.04149
0.04074
0.04534
0.0409
0.04281
0.04454
0.03963
0.04188
0.04503
0.04051
0.04286
0.0379
0.04109
0.0418
0.04452
0.03831
0.04658
0.03568
0.03501
0.0423
0.03554
0.03466
0.04215
0.03972
0.03856
0.04138
0.0379
0.03933
0.03119
0.04167
0.03201
0.04314
0.03844
0.03453
0.03455
0.03687
0.02963
0.03358
0.03575
0.03789
0.037
0.03348
0.03114
0.03139
0.03719
0.03427
0.03677
0.03152
0.03876
0.03872
0.03508
0.03012
0.03561
0.02983
0.03495
0.03449
0.02966
0.0307
0.03273
0.03749
0.03214
0.02969
0.0331
0.03229
0.03462
0.02448
0.02942
0.029
0.03513
0.03393
0.03184
0.02803
0.03545
0.03337
0.03055
0.03741
0.02991
0.03638
0.02585
0.03298
0.03047
0.0316
0.02836
0.02776
0.03323
0.02464
0.03172
0.03191
0.0308
0.028
0.03054
0.03123
0.0257
0.02919
0.03135
0.03124
0.02837
0.02706
0.03159
0.02512
0.02729
0.02386
0.03189
0.02525
0.03201
0.02831
0.02451
0.03156
0.02432
0.02905
0.03077
0.0312
0.02613
0.0291
0.02755
0.02306
0.03188
0.02863
0.02525
0.02895
0.02848
0.03523
0.02956
0.02537
0.02007
0.02675
0.02624
0.01866
0.02378
0.02547
0.02403
0.0212
0.02616
0.03478
0.023
0.02756
0.02266
0.02954
0.02341
0.0184
0.02371
0.0254
0.02552
0.02428
0.02801
0.02131
0.02429
0.01985
0.01964
0.02616
0.02316
0.02498
0.0235
0.0221
0.02369
0.01939
0.02566
0.02101
0.0253
0.02031
0.02713
0.01953
0.01882
0.0234
0.02265
0.01765
0.02122
0.02223
0.02372
0.01822
0.01882
0.01993
0.02222
0.01696
0.02054
0.01999
0.02101
0.02618
0.0206
0.02057
0.02508
0.01931
0.01864
0.01655
0.02218
0.01924
0.0183
0.01925
0.02111
0.01629
0.01912
0.02562
0.0207
0.01867
0.01862
0.02873
0.02481
0.01847
0.02368
0.02326
0.02007
0.02304
0.0227
0.02074
0.01814
0.02049
0.01801
0.01797
0.01638
0.01538
0.0208
0.02157
0.01811
0.01984
0.01681
0.01623
0.01876
0.01696
0.02158
0.01637
0.02241
0.0166
0.01985
0.01566
0.01356
0.0201
0.02019
0.01302
0.01905
0.01946
0.01925
0.02284
0.01997
0.01874
0.0176
0.01638
0.01985
0.01979
0.01482
0.02088
0.01536
0.01854
0.01467
0.01683
0.01879
0.01901
0.01287
0.01682
0.01955
0.01593
0.01642
0.01771
0.01716
0.01539
0.0175
0.01225
0.02034
0.01587
0.01442
0.01796
0.00779
0.02055
0.01761
0.01966
0.01838
0.01436
0.02126
0.01591
0.01836
0.01462
0.01457
0.01521
0.0205
0.01497
0.01394
0.0212
0.0136
0.01112
0.01463
0.02041
0.01594
0.01668
0.0186
0.02035
0.01631
0.01615
0.01305
0.01208
0.01604
0.01409
0.01448
0.01831
0.0111
0.01144
0.02198
0.01861
0.01375
0.01477
0.01946
0.01169
0.01215
0.0108
0.01928
0.01817
0.01374
0.01419
0.01468
0.01468
0.01366
0.01312
0.01318
0.01936
0.01664
0.01418
0.01505
0.0076
0.01612
0.01108
0.01905
0.01393
0.01451
0.01501
0.01863
0.01799
0.01475
0.01365
0.01395
0.01321
0.01313
0.01337
0.01499
0.01417
0.01353
0.01141
0.01716
0.01315
0.01345
0.01037
0.01763
0.01429
0.01772
0.01334
0.01804
0.0125
0.01468
0.01578
0.01374
0.01441
0.0211
0.0143
0.02086
0.01294
0.0161
0.01387
0.01959
0.01354
0.01417
0.01147
0.01343
0.01699
0.01629
0.01482
0.01954
0.01185
0.01542
0.02019
0.00874
0.01742
0.0192
0.01441
0.0127
0.01508
0.01508
0.01683
0.01977
0.01722
0.01948
0.01353
0.01813
0.01812
0.01726
0.01411
0.01521
0.01738
0.01237
0.01329
0.01901
0.01877
0.0179
0.01214
0.01639
0.01679
0.01442
0.01819
0.01398
0.01392
0.01588
0.01554
0.01257
0.0126
0.01661
0.01666
0.0186
0.01767
0.01241
0.0154
0.01662
0.01178
0.02075
0.0143
0.01817
0.01304
0.01379
0.01163
0.01799
0.01526
0.01617
0.01639
0.01766
0.01236
0.01665
0.01573
0.01737
0.01771
0.01829
0.01711
0.01683
0.017
0.01577
0.01778
0.01554
0.01906
0.01756
0.01554
0.01463
0.01382
0.01041
0.0173
0.01702
0.01471
0.01492
0.01605
0.01881
0.01224
0.01554
0.01518
0.01443
0.02001
0.01524
0.01328
0.01671
0.01419
0.00975
0.01769
0.01836
0.01353
0.02012
0.01297
0.0146
0.01731
0.01716
0.02694
0.0136
0.01296
0.0122
0.01263
0.01846
0.01768
0.01391
0.01526
0.01002
0.01434
0.02168
0.01604
0.01509
0.01647
0.01148
0.01792
0.01592
0.01606
0.01668
0.0122
0.01481
0.01614
0.01648
0.01511
0.01643
0.0162
0.01524
0.01503
0.0164
0.01429
0.00883
0.01772
0.01503
0.0123
0.01377
0.00998
0.01436
0.02025
0.01403
0.01781
0.0123
0.01447
0.01661
0.01291
0.01656
0.0162
0.01029
0.01758
0.02033
0.01362
0.01539
0.01624
0.01402
0.00926
0.01153
0.01609
0.01565
0.01449
0.01156
0.0106
0.01411
0.01578
0.01776
0.01759
0.01404
0.01689
0.01241
0.0122
0.0118
0.01693
0.01218
0.01933
0.01195
0.01196
0.01249
0.00976
0.0128
0.01132
0.01897
0.01365
0.01422
0.01439
0.01102
0.01255
0.01415
0.01458
0.01262
0.01155
0.01654
0.01355
0.01099
0.01524
0.01042
0.0186
0.01535
0.01605
0.01298
0.01104
0.01824
0.01002
0.0152
0.01347
0.01228
0.01497
0.01131
0.01023
0.01607
0.00954
0.01253
0.01184
0.01131
0.01271
0.01214
0.01066
0.00921
0.01127
0.0136
0.01621
0.01482
0.01655
0.00991
0.01701
0.01152
0.01433
0.01056
0.01458
0.01287
0.01748
0.01426
0.01498
0.01623
0.01239
0.01178
0.01178
0.01579
0.01356
0.01332
0.01567
0.01282
0.01546
0.01082
0.01247
0.01305
0.01302
0.0113
0.01259
0.00939
0.02005
0.01107
0.01132
0.01018
0.01197
0.01125
0.01417
0.01466
0.00848
0.01048
0.01214
0.01368
0.00961
0.01356
0.01673
0.01262
0.01172
0.00782
0.01289
0.0105
0.0098
0.01175
0.00901
0.01369
0.01244
0.01308
0.01459
0.01622
0.01095
0.01281
0.00934
0.01502
0.00929
0.01426
0.01474
0.01093
0.01056
0.0162
0.01247
0.01535
0.01291
0.01682
0.01656
0.00905
0.01088
0.01323
0.00907
0.01084
0.01051
0.01483
0.01707
0.00747
0.012
0.01251
0.01205
0.01109
0.01097
0.0188
0.01504
0.00891
0.01231
0.01403
0.00928
0.01464
0.00743
0.0091
0.01124
0.00871
0.01517
0.01311
0.00858
0.01339
0.01011
0.01307
0.00726
0.01379
0.01116
0.00845
0.01058
0.01093
0.01118
0.01798
0.00959
0.00886
0.01013
0.01183
0.01271
0.01203
0.00956
0.01038
0.01283
0.00733
0.00661
0.00899
0.01255
0.01152
0.01329
0.00935
0.01137
0.00978
0.00834
0.01166
0.01139
0.00904
0.01307
0.00996
0.01732
0.00675
0.01054
0.01174
0.00809
0.01377
0.01526
0.00936
0.00972
0.0131
0.01396
0.00776
0.01169
0.0136
0.01309
0.01675
0.00676
0.0137
0.01436
0.00928
0.01111
0.01099
0.01487
0.00799
0.01101
0.01227
0.00948
0.01195
0.01234
0.0118
0.01197
0.01141
0.01429
0.01131
0.01069
0.01551
0.00816
0.00824
0.01617
0.01478
0.00982
0.0109
0.00824
0.01375
0.01204
0.00891
0.0121
0.01493
0.01221
0.00795
0.01593
0.00974
0.01118
0.00638
0.0144
0.0139
0.00633
0.01
0.01094
0.0109
0.01364
0.01393
0.01065
0.00818
0.0097
0.01018
0.0145
0.01377
0.00858
0.00973
0.01195
0.01143
0.01295
0.01112
0.01417
0.01202
0.0119
0.00757
0.01094
0.01227
0.00856
0.01291
0.01231
0.0138
0.00679
0.00875
0.01439
0.01315
0.01121
0.01136
0.01195
0.01056
0.01168
0.01023
0.01117
0.01252
0.01536
0.01259
0.00887
0.00994
0.01153
0.01127
0.00985
0.01226
0.00863
0.01134
0.01237
0.0117
0.00783
0.01051
0.01339
0.01006
0.01093
0.00685
0.00998
0.01021
0.01117
0.01484
0.01181
0.00728
0.01515
0.00615
0.01265
0.01379
0.01652
