4.44422
2.15175
2.47044
2.23773
2.12417
2.18193
2.48206
2.79439
3.0123
3.21889
2.94422
2.72036
2.60119
2.50648
2.35844
2.29221
2.21492
2.24496
2.25317
2.26646
2.30942
2.32321
2.36409
2.38982
2.44701
2.50316
2.55956
2.60538
2.70685
2.77471
2.86844
2.94815
3.04532
3.11283
3.18264
3.29302
3.3805
3.4382
3.45129
3.47367
3.5573
3.65685
3.66044
3.72149
3.83381
3.91223
3.83513
3.9825
3.97689
4.11016
4.11617
4.11496
4.13413
4.21463
4.16104
4.17052
4.30139
4.25292
4.25141
4.32064
4.40056
4.35524
4.34589
4.3764
4.42438
4.46441
4.44831
4.50993
4.52304
4.61808
4.53042
4.52195
4.62953
4.59426
4.60177
4.58614
4.68882
4.70214
4.63421
4.59186
4.66955
4.67788
4.59818
4.65571
4.68621
4.75485
4.8018
4.7616
4.7771
4.85407
4.91493
4.86613
4.84275
4.86515
4.84372
4.99404
4.85242
4.99423
4.91824
4.92373
4.97938
4.99413
4.9035
4.99319
4.98295
5.07477
5.06888
4.98559
5.11208
5.13722
5.08301
5.14789
5.15866
5.17607
5.22498
5.1672
5.27167
5.22456
5.17777
5.22938
5.2624
5.25319
5.25771
5.3953
5.40741
5.34052
5.46083
5.44165
5.35485
5.43531
5.40195
5.48856
5.44881
5.45744
5.46012
5.54592
5.46518
5.64712
5.56738
5.51444
5.53535
5.60647
5.6139
5.63806
5.61964
5.54191
5.5899
5.73427
5.5984
5.63006
5.71869
5.77038
5.70897
5.77494
5.78359
5.7542
5.76053
5.75605
5.69105
5.87944
5.84833
5.86631
5.84416
5.87742
5.90215
5.95542
5.95141
5.94236
5.94864
5.95716
6.00003
5.95904
5.99587
6.05928
6.0023
6.06962
6.06057
6.0817
6.181
6.08915
6.08365
6.20682
6.05302
6.18275
6.1938
6.1845
6.12589
6.19388
6.18435
6.18349
6.21939
6.21021
6.07538
6.34316
6.18183
6.34081
6.4377
6.3526
6.34221
6.34971
6.24801
6.42672
6.4345
6.48554
6.52277
6.42292
6.37582
6.40777
6.29965
6.53191
6.42064
6.44051
6.42826
6.54036
6.49139
6.44864
6.6241
6.62707
6.53916
6.52019
6.68899
6.63288
6.53451
6.65192
6.43442
6.82656
6.61166
6.76705
6.65976
6.66975
6.69632
6.72476
6.67459
6.60189
6.59255
6.54833
6.78475
6.79302
6.76675
6.65056
6.64404
6.81841
6.78139
6.83665
6.71002
6.81269
6.78759
6.73465
6.85227
6.82421
6.8151
6.82035
6.89434
6.93044
6.79967
6.71241
6.93386
6.97279
6.7993
6.82409
6.99491
7.07218
6.97643
7.04701
6.94181
7.09685
7.15763
6.89791
7.13132
6.91841
7.08062
6.98197
7.0247
7.13173
7.00329
7.06131
6.95042
7.01181
7.07694
7.09426
6.98838
6.99087
6.93562
7.12841
7.29606
7.10532
7.28671
7.53278
7.28692
7.18318
7.25577
7.33875
7.17795
7.08984
7.15015
7.13622
7.29954
7.18374
7.31639
7.32625
7.23515
7.278
7.27604
7.28083
7.34617
7.35314
7.21164
7.36264
7.45219
7.30316
7.28481
7.60469
7.41978
7.44514
7.34212
7.48821
7.50201
7.44406
7.32324
7.59621
7.35957
7.5184
7.48053
7.46496
7.3664
7.5364
7.54382
7.50969
7.63905
7.40266
7.45282
7.58061
7.60061
7.62511
7.67634
7.59613
7.54658
7.52857
7.7037
7.67179
7.58556
7.6702
7.71125
7.71638
7.59323
7.75729
7.71397
7.7749
7.75339
7.75877
7.76439
7.70549
7.66855
7.69312
7.83293
7.6469
7.7435
7.54507
7.82939
7.71687
7.76037
7.7958
7.53283
7.88337
7.79404
7.80976
7.68234
7.84605
7.92365
8.0599
7.81188
7.88283
7.90931
7.85886
8.01972
7.96896
7.95554
7.95994
8.00563
7.76985
7.76867
8.27723
8.00565
8.11893
7.90113
7.98519
7.93805
8.23974
8.08945
8.05723
7.8889
8.06246
7.94991
8.18566
7.85311
7.98737
8.07898
8.07776
8.24822
8.0857
8.1605
8.12316
8.14709
8.17666
8.1211
7.99938
8.2553
8.216
8.16635
8.18485
8.28301
8.0816
8.34273
8.18133
8.17895
8.62386
8.24773
8.46428
8.36715
8.18721
9.17281
8.15476
8.25647
8.04912
8.22481
8.28794
7.98247
8.26946
8.18564
8.42478
8.26647
8.51889
8.29992
8.35952
8.41337
8.43469
8.36222
8.53363
8.39607
8.31784
8.24074
8.27821
8.2715
8.4781
8.19415
8.25452
8.22362
8.34867
8.29644
8.42057
8.54464
8.54973
8.29176
8.52151
8.10336
8.42901
8.38119
8.46645
8.32558
8.54516
8.75684
8.68437
8.36223
8.48723
8.36468
8.66547
8.44595
8.73377
8.46238
8.83126
8.77232
8.61105
8.56802
8.75134
8.78763
8.8196
8.76646
8.94159
8.69155
8.6614
8.58792
8.90083
8.51238
8.66534
8.68936
8.83496
8.71361
8.46364
8.77532
8.97727
8.87277
8.70822
8.88535
8.9744
8.92584
8.47018
8.80623
9.1563
8.55935
8.75591
8.84981
8.65192
8.53553
8.92259
8.61367
8.83685
8.7349
8.85736
8.60887
8.69956
8.57196
8.75866
8.73007
8.9056
8.6131
8.86921
8.62664
8.87265
8.88276
8.68118
8.86774
9.10565
8.66011
8.96565
8.98122
9.02394
9.01842
8.49945
8.7931
8.87018
9.03713
9.30432
9.13217
8.77382
8.7357
8.57425
9.10041
9.5407
9.0366
8.50357
9.36093
9.44443
8.90632
9.03084
8.93445
9.09435
9.13202
8.97707
8.87988
8.73225
9.11331
8.90437
9.0856
8.836
8.77907
9.27631
8.67042
9.40049
8.70049
9.34369
9.07537
9.31031
8.80278
8.75612
8.768
8.97727
9.00822
8.65806
9.1558
8.77811
9.15616
9.6398
8.91297
8.73751
9.32786
9.18862
8.97377
9.02287
9.10799
9.3581
9.34116
8.75427
9.27453
8.92573
9.25708
8.97918
8.56726
9.13476
9.42211
8.96139
9.01393
9.7928
9.07243
9.32051
9.11932
8.83586
9.30162
8.69363
8.72931
8.86906
9.31873
8.96661
9.49089
9.1379
9.20395
9.01551
9.50725
8.8523
9.08356
9.00467
9.05982
8.91804
9.47375
9.34418
9.08396
9.09001
8.8957
9.07883
9.44884
9.24433
8.98247
9.46611
9.52107
9.34272
9.18668
9.45962
9.5527
9.14522
9.86879
9.86435
9.33685
9.39969
8.89489
9.43151
9.13279
9.55258
9.64757
9.20226
9.76343
9.53178
9.49601
9.23698
9.28962
9.96249
9.16059
9.58452
9.28072
8.96734
8.9521
9.32751
9.50128
9.61349
9.28291
9.43147
9.05991
8.96665
9.66027
9.46541
9.65738
9.06123
9.16185
8.95608
9.15848
9.73899
9.82253
9.42388
9.54838
9.70852
9.23638
9.33302
9.46289
9.56045
9.55338
9.50881
9.62799
9.96506
9.45234
9.56224
9.57908
9.66894
9.4543
9.718
9.41948
9.14655
9.44663
9.25813
9.10893
9.17638
9.84271
9.85756
9.4559
9.53475
9.29983
9.33098
9.30368
9.54109
9.4788
9.26353
9.77071
9.93451
8.9743
9.8637
9.41652
9.42491
9.27971
9.75113
9.22033
9.29579
9.73732
9.43409
9.45614
9.53084
9.69406
9.79661
9.49715
9.53458
10.19043
9.38066
9.35102
9.73218
9.33365
9.65499
9.77288
9.48022
9.46961
9.47938
9.49979
9.82434
9.97332
9.62563
9.4768
9.38496
9.85269
9.87703
9.93481
9.81025
9.75946
9.68742
9.22732
9.68168
10.00246
9.49955
9.96845
9.53939
10.12819
10.16637
9.60088
9.91525
9.72205
9.71321
9.45173
9.65496
9.72152
9.33734
9.92839
10.28252
9.53221
9.62614
9.8506
9.60974
10.1122
9.68436
9.61957
9.73223
10.18728
9.70567
9.72574
9.65873
10.36301
9.73542
9.72816
9.63154
9.80193
9.91999
9.93081
9.45669
9.69354
10.36882
10.41202
9.8198
9.55536
9.78316
9.67594
10.17094
9.75737
9.66372
10.42621
9.89388
9.87108
9.93773
10.23943
10.01095
10.29812
10.11927
10.03071
9.63859
10.16392
10.336
10.19476
10.09889
9.76172
10.29703
10.08124
9.87748
10.25666
9.95548
9.95714
9.85872
10.0455
10.86926
9.72997
9.84288
10.1115
9.95242
9.92052
10.56453
10.67151
10.36417
9.81442
10.08558
10.27491
9.87651
9.95068
10.1471
10.73454
10.30458
9.63832
9.75471
10.01001
10.31733
10.48292
10.74976
10.02325
10.653
10.3336
10.41259
9.89078
10.04465
10.22463
10.3037
10.43727
10.25385
10.38276
10.02346
10.55887
10.16603
10.39972
10.11961
10.46933
9.97695
10.22657
10.56741
10.71757
10.03861
10.78729
10.12575
10.23265
10.20235
10.46773
10.6197
10.60382
10.67442
10.64992
10.64629
10.1758
9.80027
10.29045
10.45574
9.88899
10.77851
10.10839
10.47418
10.83517
10.5459
10.77783
10.32545
10.79897
10.62838
10.72003
10.21074
10.16772
10.38494
10.06
10.62095
10.55219
10.74315
10.81547
10.0564
10.89648
10.19657
9.93209
11.15744
10.36301
10.65923
10.47753
9.79193
10.52213
10.45477
11.19692
10.80518
10.29743
10.30267
10.49059
10.43258
10.18618
10.61901
10.70857
9.94763
10.00251
10.35443
10.46695
10.27415
10.38432
9.99712
10.64021
10.82599
10.36291
11.30735
10.53814
10.70403
10.2271
10.38193
10.32865
10.36005
10.30694
10.06795
10.82966
10.48342
10.40015
10.12747
10.01872
10.63126
10.09642
10.57118
10.6356
10.31281
10.66125
10.72896
10.34689
10.65952
10.0825
10.79248
10.55522
10.32278
10.97108
10.18304
10.8385
10.30467
10.1342
10.28494
10.70793
10.71977
10.51407
10.19137
10.71534
11.11156
10.20577
10.41519
10.22497
10.54815
10.7426
10.4318
10.35031
11.11456
10.96293
10.87951
10.73127
10.63416
10.68101
10.39515
10.48588
10.10736
10.76309
10.49502
10.9559
10.40469
10.42878
10.60566
10.76251
10.7097
10.42533
10.64542
10.55414
11.25
11.29616
10.88348
11.04755
10.78548
11.00645
11.04744
11.08925
10.4584
10.65692
10.92963
11.58632
10.57911
11.04825
10.65741
10.45177
10.86139
