0.61589
0.63163
0.67497
0.65725
0.6482
0.65914
0.68242
0.71538
0.73237
0.73977
0.7183
0.69702
0.69695
0.69311
0.68655
0.68382
0.68335
0.69049
0.69082
0.6936
0.69952
0.70289
0.70912
0.71417
0.72083
0.72653
0.73454
0.74035
0.7526
0.75368
0.77438
0.78255
0.78263
0.79908
0.80098
0.80431
0.81456
0.81934
0.82053
0.83165
0.83186
0.83325
0.84259
0.84813
0.84396
0.84421
0.8518
0.85443
0.86315
0.85954
0.86247
0.867
0.8684
0.86942
0.86854
0.8664
0.87337
0.87093
0.8784
0.8799
0.87123
0.87894
0.87878
0.88847
0.88341
0.88032
0.87715
0.89347
0.8798
0.88493
0.89171
0.87786
0.89026
0.88711
0.89338
0.88643
0.89726
0.89386
0.88726
0.89276
0.89627
0.89167
0.89243
0.89656
0.89794
0.89866
0.89741
0.9034
0.90087
0.90017
0.91103
0.90315
0.90223
0.90516
0.90418
0.91083
0.90281
0.90699
0.91235
0.90652
0.91011
0.91215
0.90732
0.91399
0.9085
0.9114
0.91955
0.90596
0.91577
0.91723
0.914
0.92254
0.91502
0.92168
0.92156
0.91568
0.92026
0.9221
0.91829
0.92314
0.92747
0.92325
0.91771
0.92749
0.92925
0.92491
0.92737
0.93103
0.92665
0.92777
0.92949
0.92187
0.92982
0.92649
0.9272
0.93548
0.92833
0.93983
0.93611
0.9311
0.92777
0.93275
0.92908
0.93338
0.93525
0.93151
0.93521
0.93968
0.93124
0.93679
0.93506
0.94165
0.9337
0.93001
0.93861
0.94265
0.93548
0.93361
0.93393
0.94296
0.94045
0.93933
0.93625
0.94526
0.93889
0.93914
0.94664
0.94399
0.93714
0.94567
0.94181
0.94411
0.94262
0.9436
0.94055
0.94988
0.94228
0.9476
0.94536
0.94742
0.95115
0.94678
0.94364
0.94603
0.94848
0.94628
0.94911
0.94416
0.95288
0.94308
0.95041
0.94487
0.94837
0.94885
0.95226
0.94366
0.96279
0.94891
0.95258
0.94787
0.95058
0.95067
0.95249
0.95284
0.95191
0.95104
0.94991
0.95489
0.95096
0.95011
0.95174
0.95425
0.95107
0.95667
0.95543
0.9452
0.95931
0.95679
0.95801
0.95315
0.95296
0.95866
0.95688
0.95954
0.9531
0.96432
0.95431
0.95887
0.95302
0.95762
0.95904
0.95589
0.95159
0.95443
0.95944
0.95131
0.96109
0.95713
0.95967
0.95797
0.95512
0.95422
0.96198
0.95657
0.95434
0.96448
0.95565
0.95708
0.96079
0.96058
0.95445
0.95701
0.95798
0.96357
0.95914
0.95924
0.9627
0.96466
0.95537
0.96473
0.96133
0.96604
0.95948
0.96628
0.95721
0.9699
0.9637
0.96144
0.96786
0.95877
0.9614
0.96053
0.96196
0.9634
0.9643
0.96565
0.96189
0.96299
0.96702
0.9657
0.96352
0.95643
0.9644
0.96536
0.9654
0.96916
0.96728
0.97181
0.97228
0.96088
0.96443
0.97018
0.96446
0.95788
0.96258
0.96226
0.97154
0.95907
0.96891
0.97164
0.96229
0.96528
0.96577
0.96709
0.96858
0.9665
0.96692
0.97255
0.97289
0.96161
0.96839
0.96784
0.97148
0.96758
0.96539
0.97218
0.96783
0.96996
0.96863
0.97059
0.96124
0.9705
0.97032
0.96967
0.96674
0.9739
0.96782
0.96885
0.97304
0.96608
0.97075
0.97118
0.96741
0.97376
0.97057
0.97225
0.96742
0.96768
0.97207
0.97203
0.96917
0.97334
0.97472
0.97179
0.96785
0.97301
0.9717
0.97349
0.9699
0.97387
0.96971
0.96604
0.96815
0.97173
0.97581
0.96363
0.9696
0.97281
0.97294
0.97057
0.9737
0.968
0.97066
0.97359
0.97379
0.97124
0.97362
0.9766
0.97452
0.97647
0.97107
0.97058
0.9737
0.97218
0.97758
0.97522
0.97387
0.97402
0.97428
0.97764
0.96995
0.97914
0.97266
0.9762
0.9789
0.97257
0.97457
0.97993
0.97391
0.97884
0.9734
0.96881
0.97477
0.9751
0.9725
0.97528
0.97071
0.97654
0.97906
0.97553
0.97794
0.97634
0.97963
0.97541
0.97427
0.97533
0.97734
0.97689
0.97565
0.97726
0.97797
0.97578
0.97698
0.97573
0.9769
0.9814
0.97188
0.98142
0.98265
0.97561
0.98297
0.97388
0.97779
0.97316
0.9748
0.97897
0.9737
0.97612
0.97788
0.97908
0.97843
0.97432
0.97424
0.97853
0.98066
0.97615
0.98098
0.97981
0.97784
0.97342
0.97936
0.97571
0.97585
0.9737
0.97716
0.98016
0.97564
0.97963
0.97809
0.97913
0.97995
0.97556
0.97695
0.98014
0.97222
0.97717
0.98338
0.97964
0.98022
0.97888
0.97987
0.98141
0.98071
0.97823
0.97813
0.97946
0.98182
0.97969
0.98164
0.9818
0.98237
0.97466
0.97999
0.9821
0.97699
0.98421
0.97752
0.98506
0.97741
0.97998
0.97436
0.98284
0.97499
0.97791
0.97648
0.98392
0.97898
0.97906
0.98171
0.97859
0.98349
0.98002
0.98286
0.9803
0.9739
0.98061
0.98016
0.98217
0.97534
0.97933
0.97478
0.98267
0.97319
0.98223
0.97985
0.97665
0.97989
0.97833
0.96938
0.97483
0.96984
0.97544
0.9769
0.98037
0.97369
0.97858
0.97991
0.97901
0.98056
0.97463
0.97354
0.97922
0.97569
0.9769
0.97948
0.96997
0.98315
0.96918
0.97321
0.97792
0.98191
0.97648
0.97891
0.97412
0.9769
0.97742
0.97376
0.98288
0.97538
0.97485
0.97442
0.97786
0.98268
0.97653
0.97751
0.97834
0.97354
0.97296
0.97647
0.97831
0.97705
0.97651
0.97741
0.97514
0.97658
0.98126
0.97821
0.97459
0.97587
0.97961
0.97743
0.9756
0.97442
0.97759
0.97701
0.98136
0.97432
0.97721
0.9777
0.97474
0.97628
0.98249
0.9732
0.98014
0.97335
0.98051
0.97896
0.97833
0.97355
0.98044
0.97381
0.98078
0.97832
0.97832
0.97471
0.98019
0.97345
0.97855
0.97805
0.97073
0.97896
0.98006
0.97985
0.97978
0.9829
0.9807
0.97972
0.97415
0.9765
0.97757
0.97863
0.97637
0.97623
0.98306
0.97712
0.97798
0.97736
0.97212
0.97946
0.98037
0.97385
0.97945
0.97919
0.9753
0.97399
0.98242
0.97021
0.98113
0.97957
0.97461
0.97904
0.97021
0.98314
0.98214
0.9783
0.98483
0.97495
0.97317
0.97952
0.97667
0.98347
0.97924
0.97526
0.97493
0.97808
0.97433
0.98119
0.97375
0.97107
0.97698
0.98055
0.98088
0.97698
0.98098
0.97678
0.97746
0.97745
0.974
0.97832
0.97577
0.97604
0.97799
0.98089
0.97749
0.97658
0.97723
0.98237
0.98283
0.97385
0.97653
0.97901
0.97367
0.97953
0.97985
0.97696
0.98046
0.97602
0.97696
0.98155
0.97751
0.97514
0.97915
0.98157
0.97765
0.9821
0.98597
0.97966
0.97665
0.97796
0.97773
0.97943
0.9808
0.97898
0.98087
0.97623
0.97496
0.9796
0.97824
0.98111
0.98277
0.98157
0.98027
0.97887
0.97822
0.98428
0.98362
0.97751
0.98036
0.97993
0.98337
0.97202
0.98098
0.98059
0.97762
0.98066
0.98024
0.98046
0.9799
0.98139
0.98017
0.97956
0.97926
0.98383
0.97413
0.98501
0.97993
0.97916
0.97685
0.97842
0.98304
0.97681
0.98656
0.98177
0.97841
0.98239
0.97425
0.98137
0.98164
0.98085
0.98033
0.98118
0.97855
0.98274
0.97891
0.98391
0.97766
0.9803
0.98273
0.97915
0.9744
0.98546
0.98008
0.98131
0.98016
0.98106
0.98191
0.98168
0.97992
0.98321
0.97924
0.98292
0.98019
0.97766
0.98341
0.98308
0.97942
0.97702
0.98458
0.9806
0.97903
0.98196
0.97864
0.98301
0.98141
0.98418
0.98122
0.97966
0.98199
0.98241
0.97438
0.98219
0.982
0.97872
0.98016
0.98354
0.98095
0.98045
0.9833
0.98486
0.97908
0.97692
0.9788
0.9794
0.98026
0.98074
0.98189
0.98747
0.98668
0.98119
0.98299
0.98479
0.98116
0.97918
0.98508
0.98066
0.97615
0.97961
0.98429
0.97863
0.98442
0.97885
0.98235
0.98192
0.97973
0.9848
0.98349
0.97813
0.98382
0.98083
0.98362
0.97435
0.97707
0.98493
0.98322
0.98286
0.98727
0.97975
0.98527
0.98043
0.98112
0.98912
0.97756
0.98419
0.98059
0.98349
0.98306
0.97965
0.97324
0.98446
0.9859
0.98083
0.98919
0.98421
0.98756
0.98599
0.98056
0.98503
0.979
0.98367
0.98351
0.98207
0.98548
0.97977
0.98222
0.97627
0.98348
0.98449
0.98444
0.98272
0.98185
0.98236
0.98574
0.98668
0.98256
0.9818
0.98085
0.98304
0.98091
0.9831
0.98017
0.98301
0.98703
0.98765
0.97955
0.97421
0.98422
0.98276
0.98093
0.98093
0.98148
0.97991
0.97949
0.98387
0.98435
0.98308
0.98325
0.98524
0.98174
0.98111
0.98663
0.9846
0.9808
0.98294
0.98614
0.98775
0.98016
0.98875
0.9787
0.98096
0.98207
0.97769
0.98769
0.98323
0.98099
0.97913
0.98118
0.97765
0.97953
0.98786
0.98552
0.98257
0.98048
0.98417
0.98042
0.9832
0.98258
0.98344
0.97832
0.98201
0.9812
0.98004
0.9837
0.98286
0.9806
0.97908
0.98397
0.98311
0.98535
0.98051
0.98305
0.98604
0.98016
0.9825
0.9803
0.98077
0.98256
0.98425
0.98145
0.98861
0.98045
0.97663
0.98333
0.98587
0.98266
0.98273
0.98191
0.98525
0.98329
0.98617
0.98315
0.97759
0.98088
0.98041
0.98297
0.98666
0.98287
0.98385
0.98078
0.9774
0.98608
0.98357
0.98141
0.98335
0.9803
0.98736
0.98417
0.9822
0.98115
0.98226
0.98182
0.98033
0.98114
0.98155
0.98528
0.9865
0.98059
0.98261
0.98151
0.98458
0.9801
0.98161
0.98111
0.98041
0.98578
0.98595
0.98521
0.97975
0.98607
0.98163
0.98055
0.9825
0.98381
0.9842
0.98276
0.98972
0.98063
0.98426
0.97961
0.98838
0.98316
0.98538
0.98099
0.98374
0.98768
0.98984
0.98091
0.98595
0.97741
0.98209
0.97926
