0.95772
0.92497
0.94089
0.85152
0.85389
0.87476
0.92355
0.89981
0.94358
0.91826
0.90944
0.94157
0.92187
0.89874
0.90839
0.88779
0.96636
0.94407
0.96212
0.94677
0.92895
0.92736
0.94216
0.93633
0.91295
0.918
0.91071
0.91786
0.92985
0.90632
0.91958
0.88957
0.91663
0.90902
0.92142
0.91196
0.92801
0.93197
0.92527
0.91321
0.93071
0.92212
0.91228
0.90656
0.92097
0.90417
0.9197
0.90986
0.92366
0.9086
0.93336
0.91088
0.91967
0.90581
0.93819
0.93358
0.93592
0.95272
0.94564
0.91055
0.95361
0.91565
0.92721
0.92561
0.93802
0.94035
0.93005
0.92801
0.95039
0.9412
0.94188
0.94162
0.9197
0.93554
0.94028
0.94129
0.95624
0.92719
0.97489
0.93164
0.92942
0.93505
0.95092
0.95574
0.94145
0.94542
0.94259
0.94898
0.93877
0.93321
0.95622
0.93275
0.93505
0.95061
0.95237
0.95036
0.95142
0.94203
0.94177
0.92844
0.95441
0.94859
0.94312
0.90821
0.93268
0.9368
0.93001
0.94042
0.92735
0.9294
0.93347
0.93315
0.92385
0.92384
0.94199
0.93421
0.9285
0.93243
0.92067
0.94127
0.9331
0.92277
0.93025
0.95041
0.93092
0.92226
0.94567
0.89007
0.92969
0.93372
0.93928
0.94331
0.91043
0.9077
0.93159
0.93508
0.90711
0.94262
0.93537
0.9344
0.979
0.92571
0.95294
0.94073
0.91466
0.89745
0.96463
0.88394
0.92675
0.93575
0.93008
0.9358
0.94354
0.89217
0.93813
0.92771
0.94118
0.91574
0.96065
0.8934
0.9434
0.93499
0.95112
0.93786
0.93569
0.93157
0.9151
0.92153
0.97489
0.88633
0.93275
0.93151
0.93041
0.94975
0.91546
0.95599
0.93737
0.93636
0.90962
0.94438
0.88764
0.93431
0.93333
0.93159
0.90785
0.97367
0.89145
0.94635
0.93382
0.94376
0.93733
0.92938
0.92038
0.91411
0.9307
0.94072
0.931
0.93577
0.92358
0.96822
0.89124
0.93601
0.93306
0.96285
0.89442
0.93755
0.93898
0.9369
0.93295
0.92795
0.92405
0.88709
0.96551
0.89573
0.9311
0.93422
0.92937
0.93719
0.94194
0.90317
0.94391
0.94088
0.92746
0.89102
0.92451
0.9418
0.93418
0.89576
0.92965
0.94964
0.94176
0.88191
0.9552
0.89426
0.93514
0.92665
0.94147
0.91324
0.9342
0.90496
0.93734
0.95067
0.93685
0.8998
0.95907
0.92769
0.88214
0.9399
0.93863
0.92654
0.93275
0.92736
0.89579
0.90204
0.92822
0.91211
0.92938
0.89411
0.93325
0.92461
0.92768
0.92735
0.92522
0.93592
0.88913
0.94274
0.94159
0.92637
0.93765
0.94355
0.91767
0.93274
0.91778
0.92425
0.92261
0.92937
0.95005
0.90019
0.95039
0.93874
0.94974
0.93873
0.91748
0.92925
0.90399
0.93207
0.92306
0.97193
0.88616
0.91964
0.93526
0.92598
0.94897
0.94839
0.90158
0.91862
0.98142
0.9347
0.91868
0.9539
0.92355
0.92415
0.96119
0.94124
0.94562
0.90915
0.97547
0.94456
0.93342
0.91991
0.94753
0.91463
0.96587
0.92726
0.93681
0.90183
0.9642
0.92714
0.90174
0.97609
0.88139
0.93974
0.92888
0.93245
0.93331
0.93999
0.94351
0.94226
0.93901
0.91714
0.95834
0.93008
0.90381
0.96062
0.95469
0.91046
0.96706
0.89356
0.95896
0.93483
0.93474
0.93339
0.97595
0.91357
0.91897
0.98591
0.92723
0.89063
0.98592
0.9014
0.92963
0.94104
0.93844
0.94079
0.90746
0.98755
0.93599
0.93368
0.92272
0.95371
0.93621
0.9075
0.95531
0.96787
0.93792
0.9389
0.94117
0.93704
0.9454
0.89418
0.96354
0.91259
0.94489
0.94327
0.98611
0.93897
0.95409
0.93525
0.94056
0.95021
0.93667
0.93914
0.9728
0.91963
0.98692
0.94666
0.94614
0.91055
0.97901
0.9405
0.93235
0.94266
0.94151
0.95341
0.9387
0.95404
0.98023
0.94119
0.94991
0.95518
0.94784
0.93798
0.95399
0.94951
0.94815
0.94978
0.95498
0.95522
0.97923
0.9457
0.95263
0.91137
0.95818
0.95266
0.95165
0.95978
0.99049
0.95916
0.92203
0.92979
0.95312
0.9485
0.96065
0.93794
0.98535
0.95628
0.94927
0.93547
0.96131
0.94122
0.95049
0.96864
0.9407
0.94809
0.95718
0.96014
0.94808
0.94608
0.95145
0.9464
0.95816
0.99393
0.94345
0.95361
0.96545
0.95406
0.95622
0.95983
0.94846
0.95692
0.99484
0.94496
0.94705
0.9527
0.96221
0.98438
0.95846
0.95553
0.96479
0.98933
0.96332
0.95999
0.94902
0.9554
0.99479
0.96041
0.95704
0.96337
0.94766
0.98969
0.92891
0.98965
0.92494
0.95769
0.96171
0.99566
0.95286
0.95983
0.9485
0.96016
0.96022
0.94327
0.98651
0.96859
0.95816
0.98511
0.95991
0.9676
0.95086
0.96106
0.99654
0.95297
0.95887
0.95524
0.99013
0.94379
0.96238
0.95257
0.94736
0.99522
0.93685
0.95516
0.99733
0.9196
0.99146
0.95084
0.92563
0.99252
0.91631
0.98906
0.94201
0.95125
0.95624
0.92246
0.98238
0.94787
0.96895
0.96885
0.95834
0.95099
0.99587
0.90901
0.96461
0.98445
0.95286
0.96574
0.9534
0.97064
0.97714
0.96596
0.96292
0.94679
0.96888
0.96372
0.95483
0.95897
0.99417
0.95992
0.95856
0.95338
0.96598
0.96039
0.99696
0.94933
0.95634
0.96021
0.95593
0.95189
0.96023
0.96324
0.95087
0.99129
0.96355
0.97197
0.98444
0.94889
0.97653
0.92577
0.98952
0.96364
0.99518
0.9512
0.95289
0.96936
0.95152
0.96023
0.99223
0.94527
0.96286
0.95401
0.96368
0.96097
0.95888
0.99291
0.96605
0.9664
0.96503
0.94949
0.95768
0.96415
0.99105
0.95812
0.9633
0.95897
0.99364
0.95281
0.99557
0.94917
0.95804
0.95884
0.95969
0.99497
0.95575
0.95612
0.98993
0.962
0.94771
0.96026
0.92682
0.99351
0.96406
0.94524
0.95411
0.99659
0.91545
0.99551
0.95655
0.95938
0.97263
0.94526
0.99097
0.95464
0.95442
0.95831
0.99331
0.96155
0.95221
0.95889
0.9897
0.95846
0.99515
0.94334
0.97437
0.96092
0.98526
0.95523
0.99632
0.94659
0.95225
0.95728
0.99697
0.96252
0.96298
0.96071
0.99739
0.94573
0.96188
0.95821
0.96818
0.95982
0.96024
0.95664
0.99655
0.93738
0.94473
0.96258
0.95723
0.99642
0.92495
0.96635
0.95659
0.98793
0.96909
0.96248
0.97073
0.93905
0.95592
0.98998
0.95943
0.99276
0.95044
0.99698
0.95498
0.93663
0.95162
0.96571
0.99566
0.95594
0.94381
0.94884
0.95725
0.99707
0.95149
0.95146
0.96068
0.99185
0.95714
0.99462
0.95489
0.96093
0.96858
0.99673
0.96121
0.9649
0.97051
0.99392
0.94555
0.9643
0.95721
0.99588
0.96367
0.96967
0.96043
0.98847
0.95035
0.96764
0.95884
0.96005
0.99428
0.94746
0.96643
0.96609
0.96069
0.9583
0.994
0.96083
0.96501
0.95127
0.97161
0.95118
0.99245
0.96661
0.95831
0.96271
0.96617
0.97402
0.99219
0.95595
0.96078
0.99408
0.96346
0.95601
0.99079
0.96023
0.99691
0.95585
0.96856
0.95651
0.95926
0.9886
0.96326
0.95466
0.99173
0.95085
0.95489
0.95824
0.99396
0.95824
0.99667
0.96962
0.99776
0.96281
0.9758
0.97095
0.9653
0.95494
0.99403
0.95275
0.96852
0.99485
0.95595
0.97009
0.9601
0.98438
0.95927
0.95868
0.96081
0.99225
0.95328
0.96285
0.95984
0.99663
0.95618
0.96867
0.95834
0.97348
0.96609
0.97825
0.96586
0.96242
0.96137
0.97126
0.99156
0.96336
0.9557
0.95753
0.99005
0.96083
0.95848
0.99723
0.96405
0.99786
0.95055
0.95596
0.96896
0.95849
0.96045
0.9938
0.96398
0.96947
0.96257
0.99655
0.9536
0.95444
0.99156
0.94923
0.96596
0.95655
0.99328
0.97026
0.97502
0.96936
0.97045
0.99564
0.96517
0.98293
0.97166
0.96085
0.96461
0.9593
0.99752
0.94488
0.96084
0.95624
0.97023
0.97004
0.9903
0.94586
0.97474
0.95799
0.96938
0.96156
0.99179
0.96528
0.96943
0.96467
0.96941
0.97294
0.98026
0.97316
0.96315
0.96414
0.99074
0.94953
0.96523
0.97341
0.9529
0.9973
0.94433
0.97638
0.94951
0.95847
0.954
0.96862
0.97509
0.97493
0.95285
0.96675
0.9646
0.98222
0.97588
0.98495
0.96094
0.96392
0.96348
0.99257
0.96189
0.99601
0.95981
0.966
0.99375
0.95565
0.96966
0.96727
0.97307
0.96504
0.96116
0.97009
0.99779
0.96361
0.96232
0.96326
0.96624
0.99354
0.95968
0.96662
0.9978
0.96427
0.96449
0.99769
0.93683
0.99641
0.95448
0.94874
0.99629
0.94642
0.97075
0.96425
0.96722
0.9969
0.95475
0.97466
0.95004
0.99507
0.96315
0.96726
0.96014
0.99335
0.96602
0.97313
0.99631
0.95761
0.96595
0.96626
0.99077
0.969
0.99268
0.95478
0.99737
0.96951
0.96157
0.99579
0.97477
0.96611
0.9617
0.99578
0.93361
0.99095
0.95872
0.95904
0.99351
0.94924
0.96721
0.99259
0.95902
0.96453
0.9579
0.9925
0.95612
0.9702
0.95313
0.97797
0.99659
0.95261
0.9729
0.96897
0.99577
0.96537
0.96633
0.97758
0.98366
0.9585
0.98033
0.96019
0.97109
0.97311
0.93949
0.99757
0.97144
0.96341
0.99498
0.95704
0.99471
0.95443
0.95381
0.99462
0.96459
0.95509
0.99691
0.96033
0.99779
0.96751
0.96448
0.98638
0.96061
0.95728
0.96499
0.99471
0.95996
0.95543
0.97051
0.96564
0.99726
0.96342
0.95882
0.99542
0.96625
0.9622
0.97082
0.96174
0.98273
0.96692
0.96276
0.9954
0.96542
0.99741
0.96182
0.997
0.9495
0.9623
0.97217
0.96628
0.99666
0.96134
0.99584
0.9658
0.99381
0.96606
0.95932
0.98852
0.98025
0.95309
0.97766
0.96787
0.95864
0.9694
0.99634
0.96467
0.99043
0.96096
0.96132
0.99317
0.96663
0.95785
0.99702
0.96857
0.98979
0.9655
0.97876
0.97986
0.97233
0.96575
0.99639
0.95606
0.96072
0.97396
0.96641
0.97025
0.97022
0.96624
0.99279
0.96508
0.95557
0.99712
0.95301
0.96552
0.99666
0.96046
0.99535
0.96585
0.96047
0.97053
0.98604
0.96853
0.95982
0.99843
0.96768
0.95943
0.98779
0.96663
0.97602
0.99584
0.95513
0.9716
0.9757
0.96253
0.95978
0.99501
0.96764
0.95986
0.96796
0.95963
0.99708
0.96553
0.99796
0.95025
0.9567
0.99196
0.96733
0.96899
0.95937
0.96169
0.9885
0.97367
0.96127
0.97013
0.99808
0.95628
0.99835
0.96529
0.96045
0.99846
0.95904
0.95799
0.99706
0.9704
0.96256
0.99721
0.97054
0.96566
0.97106
0.97246
0.99317
0.97225
0.99562
0.96552
0.99381
0.9533
0.9966
0.97051
0.97086
0.95757
0.99277
0.9582
0.9956
0.95931
0.95863
0.99568
0.97693
0.99598
0.96011
0.96613
0.99348
0.96412
0.99333
0.95994
0.99688
0.97169
0.95775
0.99565
0.96448
0.9815
0.96354
0.97115
0.9962
0.96953
0.96396
0.99691
0.95493
0.96648
0.96388
0.97028
0.95887
0.97888
0.97789
0.9636
0.99738
0.9588
0.96661
0.99785
0.95824
0.97866
0.9641
0.99597
0.96575
0.99856
0.95217
0.96202
0.96059
0.99628
0.97237
0.99769
0.96806
0.99816
0.9551
0.96952
0.96534
0.96998
0.95649
0.99624
0.95728
0.99786
0.9681
0.96397
0.9977
0.96442
0.99889
0.96091
0.96914
0.99854
0.96266
0.96013
0.97128
0.96003
0.99648
0.96625
0.97024
0.99664
0.95351
0.99322
0.95505
0.99464
0.95665
0.97606
0.9596
0.96386
0.993
0.97574
0.95927
0.97187
0.96684
0.97213
0.96891
0.99301
0.95167
0.96764
0.99843
0.95661
0.95762
0.99732
0.9599
0.96986
0.99315
0.96862
0.96941
0.99505
0.96991
0.99221
0.97085
0.95518
0.99726
0.95403
0.99809
0.9706
0.96587
0.96877
0.96265
0.94199
0.99654
0.96649
0.97053
0.99835
0.97634
0.96741
0.96303
0.99492
0.97329
0.96215
0.99264
0.95977
0.99468
0.9734
0.96495
0.99807
0.94212
0.99612
0.96901
0.96599
0.98267
0.99251
0.96291
0.96905
0.9764
0.97542
0.99799
0.96806
0.96971
0.99255
0.96331
0.99859
0.95799
0.99628
0.96617
0.96755
0.99573
0.96556
0.99823
0.95696
0.97398
0.99225
0.97008
0.99728
0.96183
0.96148
0.97628
0.9963
0.9611
0.99576
0.96699
0.99514
0.96651
0.99399
0.96512
0.97183
0.98549
0.95744
0.97369
0.95548
0.99212
0.96895
0.96049
0.99654
0.95972
0.99081
0.95949
0.97212
0.96608
0.99249
0.96418
0.99793
0.97164
0.95999
0.99828
0.96767
0.96225
0.99836
0.97232
0.96645
0.95986
0.99603
0.95888
0.99621
0.97262
0.96161
0.99565
0.96708
0.95791
0.9952
0.97104
0.97126
0.97077
0.99887
0.96756
0.96822
0.96425
0.96
0.99705
0.96828
0.96672
0.99385
0.96443
0.99532
0.96283
0.96607
0.99648
0.96799
0.96994
0.99576
0.9674
0.99656
0.95917
0.9674
0.97005
0.96308
0.99388
0.96287
0.99674
0.97094
0.9725
0.9926
0.96942
0.96799
0.99595
0.96595
0.96853
0.97545
0.99808
0.96316
0.99884
0.95464
0.96146
0.99718
0.96906
0.99834
0.95865
0.96458
0.99404
0.96419
0.994
0.96801
0.99837
0.96152
0.96454
0.99607
0.95701
0.97297
0.99411
0.97293
0.99749
0.96539
0.96127
0.99617
0.96569
0.99486
0.95797
0.95601
0.99426
0.96321
0.99816
0.95977
0.99532
0.97212
0.99885
0.93639
0.99474
0.96276
0.97599
0.98341
0.99931
0.99992
0.97691
0.96294
0.99354
0.96493
0.99784
0.96383
0.98799
0.96668
0.96752
0.99543
0.95779
0.99775
0.96338
0.96235
0.99639
0.96247
0.99052
0.96602
0.95792
0.99826
0.96094
0.99644
0.96584
0.97686
0.99645
0.96338
0.96656
0.99854
0.9522
0.97321
0.95914
0.99572
0.96127
0.97596
0.9732
0.96458
0.99352
0.95596
0.99816
0.97199
0.96917
0.99623
0.96255
0.96496
0.99505
0.95158
0.99794
0.96536
0.99885
0.96884
0.95828
0.99629
0.97061
0.97114
0.99758
0.97552
0.96858
0.95971
0.99753
0.96844
0.99682
0.96653
0.96109
0.99506
0.97145
0.99225
0.96068
0.96607
0.9961
0.96877
0.99668
0.96737
0.9926
0.94479
0.98286
0.97668
0.99862
0.97515
0.96055
0.96346
0.99767
0.96186
0.99142
0.96774
0.9603
0.99655
0.96751
0.96453
0.99711
0.95601
0.96322
0.99624
0.97007
0.9665
0.96291
0.9959
0.95847
0.97011
0.99354
0.95999
0.99545
0.9673
0.97096
0.99621
0.95895
0.97067
0.99479
0.96707
0.97419
0.99583
