0.10144
0.08023
0.06075
0.13646
0.14585
0.12508
0.07889
0.10566
0.06253
0.08231
0.07379
0.06962
0.07359
0.09835
0.10371
0.11618
0.0375
0.06236
0.04043
0.06931
0.06398
0.05601
0.06669
0.05875
0.08756
0.08692
0.09578
0.09137
0.0826
0.10264
0.07579
0.12458
0.08043
0.08951
0.0797
0.09269
0.07457
0.06254
0.07536
0.08868
0.06565
0.07716
0.09994
0.0912
0.07704
0.09189
0.07987
0.08169
0.08617
0.09743
0.06491
0.10313
0.07435
0.10436
0.0684
0.06545
0.07417
0.04472
0.04934
0.09851
0.04426
0.09163
0.07411
0.07859
0.06383
0.05592
0.07589
0.07294
0.05823
0.06805
0.06433
0.06216
0.08794
0.06978
0.06955
0.05759
0.05289
0.07957
0.02576
0.10607
0.06936
0.06708
0.0495
0.04436
0.05364
0.05769
0.06014
0.06004
0.05519
0.08759
0.04529
0.08407
0.06482
0.05176
0.051
0.05591
0.04672
0.05384
0.05571
0.08076
0.04184
0.05772
0.06036
0.08489
0.08034
0.06796
0.07229
0.06433
0.07952
0.06871
0.05877
0.06901
0.07858
0.07794
0.05786
0.0679
0.07027
0.06835
0.08355
0.05397
0.07181
0.08017
0.07701
0.03935
0.07663
0.0847
0.04805
0.11161
0.076
0.06692
0.06583
0.05956
0.08729
0.09787
0.07527
0.06552
0.09651
0.0622
0.07433
0.06543
0.01932
0.08724
0.04242
0.06473
0.08146
0.11649
0.03129
0.1173
0.07136
0.06936
0.07167
0.06864
0.05562
0.11419
0.07228
0.06889
0.06085
0.10229
0.03117
0.10571
0.06101
0.0698
0.0476
0.07267
0.07048
0.06991
0.09746
0.06925
0.03186
0.12449
0.07486
0.06285
0.07023
0.04788
0.10419
0.03456
0.0671
0.05777
0.11541
0.04631
0.11465
0.07008
0.0692
0.0704
0.09861
0.02481
0.11578
0.05266
0.06563
0.06381
0.058
0.07344
0.08873
0.08516
0.07231
0.06667
0.06531
0.06452
0.07496
0.04125
0.10619
0.06646
0.05717
0.05143
0.10381
0.06892
0.06
0.05729
0.05761
0.07033
0.07004
0.10874
0.04563
0.09568
0.06337
0.07052
0.06854
0.0631
0.05906
0.10312
0.05461
0.05833
0.06413
0.10434
0.08127
0.0577
0.06485
0.10572
0.06939
0.06066
0.05471
0.12196
0.0519
0.10391
0.06885
0.06821
0.06005
0.10082
0.0662
0.08953
0.06201
0.04674
0.06096
0.10761
0.04049
0.0625
0.12041
0.06068
0.05812
0.07387
0.07372
0.07155
0.11962
0.08888
0.07528
0.08936
0.06717
0.11112
0.0672
0.07577
0.07798
0.06871
0.07484
0.06424
0.11425
0.05784
0.06079
0.08341
0.06678
0.05534
0.09167
0.07144
0.08337
0.07556
0.07526
0.07069
0.04695
0.10614
0.05096
0.06247
0.04294
0.06469
0.08693
0.06887
0.11365
0.07779
0.07231
0.02743
0.10918
0.07651
0.06325
0.07573
0.05109
0.05081
0.10426
0.07632
0.01996
0.07208
0.08611
0.0452
0.07734
0.08927
0.03417
0.06397
0.05804
0.0904
0.01791
0.05561
0.05864
0.07623
0.05468
0.08943
0.02841
0.08345
0.06819
0.10632
0.03541
0.07585
0.10401
0.02002
0.11804
0.06582
0.06824
0.076
0.07112
0.06049
0.06935
0.05506
0.06367
0.08567
0.03974
0.05976
0.10512
0.05044
0.03438
0.09256
0.02861
0.10842
0.05746
0.06543
0.06387
0.06838
0.02427
0.10243
0.07428
0.01681
0.07803
0.09609
0.01475
0.1087
0.06843
0.05975
0.05055
0.0688
0.09646
0.01247
0.05786
0.06493
0.08373
0.041
0.0584
0.10295
0.05958
0.02428
0.05558
0.05624
0.06032
0.06592
0.06017
0.10247
0.0458
0.08645
0.06012
0.05597
0.01755
0.06508
0.05086
0.06208
0.0578
0.05286
0.0674
0.06204
0.01685
0.10025
0.01245
0.05633
0.06678
0.08903
0.01938
0.06271
0.06314
0.05094
0.05936
0.04742
0.06583
0.04182
0.01954
0.05541
0.04312
0.04987
0.05507
0.05405
0.05544
0.04167
0.05697
0.04681
0.04288
0.05306
0.02241
0.04819
0.04733
0.09353
0.04626
0.03986
0.0437
0.03587
0.01048
0.03285
0.0811
0.06655
0.0387
0.04863
0.04574
0.05347
0.01236
0.04862
0.04811
0.06865
0.03568
0.0634
0.04786
0.03333
0.05753
0.04375
0.04641
0.04552
0.05218
0.0583
0.0378
0.0577
0.04146
0.00712
0.0521
0.05038
0.03468
0.04879
0.03473
0.04097
0.05109
0.0461
0.00473
0.05261
0.05293
0.03849
0.03089
0.01376
0.03716
0.0407
0.04399
0.0126
0.03508
0.04288
0.0519
0.0468
0.00579
0.04218
0.0438
0.03347
0.03429
0.01278
0.06607
0.01151
0.07595
0.04455
0.03956
0.00484
0.05692
0.03343
0.04822
0.03869
0.04518
0.04902
0.0161
0.03101
0.0522
0.01508
0.04057
0.03392
0.03894
0.04383
0.00346
0.04423
0.04705
0.04141
0.01092
0.06147
0.03389
0.04912
0.04992
0.00596
0.05337
0.04437
0.00257
0.09699
0.00516
0.05416
0.07124
0.00986
0.09148
0.01179
0.05326
0.05918
0.03585
0.07743
0.02161
0.05214
0.02655
0.02614
0.05123
0.04653
0.00441
0.09045
0.04024
0.01387
0.04443
0.03265
0.03696
0.03933
0.02273
0.03198
0.02772
0.05022
0.0362
0.03238
0.04711
0.03702
0.00776
0.0361
0.04328
0.04606
0.02136
0.04997
0.003
0.05509
0.03595
0.03881
0.03073
0.05114
0.04202
0.0382
0.04002
0.01067
0.03322
0.04258
0.0136
0.03713
0.02296
0.06644
0.00949
0.04415
0.00548
0.0381
0.03994
0.03437
0.04951
0.03233
0.01097
0.04843
0.03712
0.04209
0.02254
0.03661
0.04343
0.00673
0.04405
0.03278
0.03559
0.04264
0.03716
0.04396
0.00903
0.03454
0.03668
0.0496
0.00724
0.04274
0.00466
0.04698
0.03844
0.03156
0.04261
0.00683
0.04857
0.04249
0.01164
0.04812
0.05021
0.03997
0.06468
0.00812
0.05307
0.05293
0.04269
0.00345
0.08339
0.0054
0.04097
0.04421
0.03474
0.04733
0.01143
0.04784
0.04574
0.03792
0.00917
0.03122
0.04659
0.04135
0.01306
0.03142
0.00287
0.0595
0.03315
0.04118
0.01435
0.03732
0.00439
0.0617
0.05128
0.04352
0.00312
0.03483
0.03905
0.03916
0.00286
0.05023
0.04347
0.0372
0.02952
0.03773
0.04037
0.04956
0.00332
0.05545
0.05399
0.04158
0.04274
0.00414
0.07482
0.02976
0.04028
0.01446
0.03823
0.03736
0.03251
0.06071
0.04497
0.01461
0.04339
0.00854
0.03721
0.00353
0.03074
0.06252
0.04743
0.04326
0.00538
0.03528
0.05884
0.05099
0.03631
0.00313
0.06004
0.04572
0.03511
0.00852
0.04666
0.00556
0.04059
0.03959
0.03316
0.00298
0.0407
0.04103
0.03649
0.0053
0.05515
0.04874
0.04808
0.00478
0.0347
0.04032
0.04214
0.01426
0.04334
0.03907
0.04306
0.04525
0.00415
0.05061
0.03515
0.04779
0.03557
0.03583
0.00883
0.03874
0.03739
0.04395
0.03422
0.04647
0.00978
0.04056
0.04296
0.04161
0.03631
0.03113
0.00919
0.03946
0.03536
0.00904
0.04122
0.03907
0.01096
0.0387
0.00361
0.04459
0.02433
0.04873
0.041
0.015
0.04254
0.04403
0.01063
0.05018
0.04793
0.03166
0.00809
0.05073
0.00427
0.02857
0.0023
0.04268
0.01992
0.03432
0.03922
0.04442
0.00555
0.05077
0.03904
0.00648
0.04887
0.02772
0.03379
0.0137
0.03557
0.03965
0.04706
0.00917
0.05359
0.03253
0.03995
0.00425
0.04593
0.02897
0.0431
0.03183
0.02487
0.02713
0.03864
0.02782
0.04024
0.03225
0.01121
0.04164
0.041
0.02838
0.01235
0.0426
0.03841
0.00316
0.03114
0.00225
0.04455
0.04291
0.03208
0.04161
0.0422
0.00971
0.02927
0.03036
0.03211
0.0043
0.03727
0.0458
0.00389
0.05951
0.03751
0.03173
0.01016
0.02602
0.02928
0.02985
0.0351
0.00541
0.02453
0.00176
0.04485
0.0353
0.03549
0.03589
0.00342
0.05309
0.03826
0.02879
0.03609
0.01644
0.01303
0.05112
0.02224
0.03323
0.04243
0.04274
0.01122
0.04508
0.03275
0.03428
0.03707
0.02429
0.00239
0.0406
0.03925
0.03275
0.00853
0.05005
0.04261
0.01386
0.05029
0.00383
0.0535
0.0253
0.04932
0.03984
0.04439
0.02162
0.02598
0.02352
0.04838
0.0366
0.03597
0.01943
0.02611
0.01187
0.03618
0.03282
0.03312
0.00918
0.02582
0.00479
0.04685
0.03142
0.00757
0.04421
0.03885
0.02673
0.02685
0.03657
0.03928
0.03222
0.00257
0.03695
0.04563
0.03649
0.03686
0.00888
0.04043
0.03122
0.00266
0.0486
0.03664
0.0023
0.04728
0.00196
0.05575
0.04511
0.00476
0.05673
0.03072
0.03874
0.0242
0.00386
0.04502
0.03224
0.05452
0.00527
0.04056
0.03595
0.0382
0.0098
0.0307
0.03133
0.00491
0.04328
0.03293
0.03494
0.00825
0.02531
0.00781
0.04222
0.00352
0.0352
0.0321
0.0062
0.02903
0.03676
0.02987
0.00538
0.06506
0.00803
0.04638
0.03218
0.01007
0.04543
0.02997
0.00718
0.04817
0.04221
0.05122
0.00888
0.03702
0.03508
0.04273
0.02924
0.00443
0.04387
0.03813
0.03629
0.00692
0.02283
0.02615
0.03769
0.01232
0.03837
0.02342
0.03558
0.01948
0.02822
0.057
0.00368
0.02789
0.02871
0.00691
0.04939
0.00681
0.03585
0.04667
0.00726
0.02753
0.04058
0.00401
0.03526
0.00301
0.03211
0.04003
0.01231
0.043
0.04191
0.0295
0.00734
0.04334
0.04222
0.02849
0.03762
0.00345
0.03498
0.03958
0.0025
0.05016
0.04484
0.0255
0.03688
0.01614
0.03876
0.02673
0.00695
0.03927
0.00351
0.03801
0.00312
0.03265
0.03193
0.03066
0.03178
0.00524
0.03695
0.00515
0.03497
0.00745
0.02936
0.03712
0.00585
0.03657
0.03846
0.0217
0.02954
0.05016
0.02519
0.00465
0.03188
0.01829
0.03484
0.03244
0.0096
0.02149
0.04693
0.00365
0.02953
0.01061
0.03452
0.02143
0.01998
0.02515
0.03255
0.00424
0.03769
0.03359
0.02992
0.02458
0.03461
0.03012
0.03483
0.00643
0.0367
0.04363
0.0034
0.04235
0.03246
0.00505
0.0284
0.0064
0.02885
0.03631
0.02604
0.01893
0.028
0.03514
0.00166
0.03508
0.03937
0.00225
0.04569
0.02809
0.00524
0.04099
0.02913
0.02855
0.04539
0.04017
0.00683
0.03487
0.04301
0.04123
0.03529
0.00574
0.02728
0.00191
0.04309
0.03715
0.01052
0.03481
0.02318
0.04273
0.03784
0.01009
0.0215
0.04402
0.03092
0.00211
0.05043
0.00183
0.03116
0.04155
0.00197
0.04579
0.04367
0.0031
0.03791
0.03302
0.00411
0.03093
0.02899
0.02935
0.02054
0.00824
0.03367
0.00627
0.034
0.0079
0.03418
0.00403
0.03432
0.02713
0.03065
0.00995
0.03827
0.00501
0.04442
0.04119
0.00725
0.01824
0.00677
0.04016
0.03207
0.01097
0.0313
0.01123
0.04451
0.00394
0.03354
0.03495
0.00585
0.04116
0.01898
0.03757
0.0188
0.00647
0.03394
0.02549
0.00376
0.03763
0.03865
0.031
0.02881
0.02729
0.00685
0.0405
0.03958
0.00353
0.0318
0.03448
0.00317
0.04082
0.02576
0.04282
0.0051
0.03481
0.00168
0.03546
0.03457
0.03647
0.00498
0.03537
0.00294
0.04187
0.00212
0.03222
0.02935
0.02984
0.03033
0.03043
0.00473
0.03553
0.00271
0.04113
0.03409
0.00271
0.02968
0.00133
0.0362
0.02591
0.00211
0.03936
0.03926
0.03657
0.04344
0.00461
0.0349
0.02675
0.00552
0.03985
0.00737
0.03279
0.0072
0.03474
0.03185
0.04028
0.03387
0.01025
0.03654
0.04257
0.02611
0.04257
0.02645
0.02543
0.00739
0.04045
0.03169
0.00185
0.04522
0.04687
0.00321
0.02232
0.02952
0.00745
0.03696
0.03549
0.00609
0.02104
0.00656
0.04511
0.04899
0.00339
0.04551
0.00242
0.02862
0.02544
0.02452
0.03782
0.0621
0.00454
0.04356
0.02091
0.00214
0.02719
0.02761
0.04039
0.00654
0.01807
0.03381
0.00873
0.0272
0.0071
0.01656
0.04386
0.00223
0.05093
0.00223
0.03506
0.03108
0.0298
0.00568
0.04108
0.03309
0.02995
0.02212
0.00285
0.02547
0.02218
0.009
0.04172
0.00176
0.03846
0.00407
0.03016
0.03084
0.00811
0.03634
0.00196
0.04146
0.02199
0.00954
0.03549
0.00284
0.03281
0.03666
0.02625
0.00654
0.03156
0.00461
0.03651
0.00841
0.02864
0.00924
0.02797
0.03921
0.0176
0.03243
0.02009
0.03902
0.00822
0.03203
0.03614
0.0055
0.02965
0.00654
0.04534
0.02854
0.03146
0.00886
0.04106
0.00263
0.03701
0.0268
0.00247
0.03104
0.02885
0.00183
0.02101
0.03741
0.03585
0.00709
0.03183
0.00405
0.02819
0.03624
0.00469
0.03105
0.04649
0.00647
0.02915
0.02241
0.02755
0.00122
0.01948
0.03598
0.03884
0.03301
0.00399
0.0266
0.02825
0.00769
0.03966
0.00653
0.03632
0.03316
0.00607
0.03492
0.02779
0.00502
0.02261
0.00182
0.04843
0.02742
0.02385
0.03114
0.00866
0.03273
0.0039
0.02872
0.04482
0.00799
0.02985
0.0239
0.00648
0.03528
0.02494
0.01659
0.00346
0.0398
0.00134
0.03466
0.03565
0.00297
0.0329
0.00214
0.0491
0.03076
0.00875
0.02035
0.00834
0.03783
0.00212
0.04613
0.03716
0.0062
0.03445
0.02564
0.00655
0.02444
0.00275
0.03464
0.04096
0.00485
0.02951
0.0058
0.02857
0.03309
0.00905
0.04466
0.00239
0.037
0.00591
0.02734
0.00147
0.04949
0.00688
0.03312
0.03523
0.01355
0.00097
9e-05
0.01785
0.02902
0.00681
0.02703
0.00283
0.03005
0.00173
0.04314
0.02665
0.00661
0.03158
0.003
0.04259
0.03392
0.00521
0.0238
0.00352
0.04224
0.0389
0.00274
0.0333
0.00526
0.03325
0.02368
0.00382
0.03628
0.03269
0.00197
0.03948
0.02323
0.0429
0.00717
0.04018
0.02096
0.02974
0.03325
0.00779
0.03835
0.00217
0.02426
0.04039
0.00442
0.03751
0.02879
0.0063
0.03698
0.00303
0.04345
0.00134
0.04042
0.03375
0.00712
0.03686
0.03485
0.00265
0.01247
0.03787
0.04516
0.00325
0.03094
0.0043
0.02585
0.02182
0.00753
0.02092
0.01354
0.03634
0.03292
0.00592
0.0239
0.0054
0.03685
0.00758
0.04375
0.01434
0.02694
0.00222
0.03246
0.02451
0.03855
0.00304
0.03384
0.00347
0.0325
0.04115
0.00422
0.03432
0.03819
0.00453
0.02783
0.04457
0.00508
0.02047
0.03431
0.03548
0.00468
0.043
0.02403
0.00969
0.03938
0.00568
0.04053
0.01647
0.00549
0.03077
0.02836
0.00566
0.03478
0.03408
0.00525
