0.58318
0.55742
0.33467
0.90626
0.55577
0.49294
0.26837
0.56098
0.28404
0.51439
0.32827
0.24846
0.46605
0.3975
0.35977
0.53529
0.09663
0.37428
0.11041
0.28946
0.38674
0.31374
0.31465
0.33923
0.38096
0.34973
0.34506
0.30155
0.30555
0.35252
0.28839
0.47937
0.31485
0.39761
0.28689
0.34663
0.2366
0.23662
0.24791
0.32081
0.21414
0.29644
0.34118
0.35296
0.27779
0.34747
0.2484
0.27116
0.30666
0.4031
0.2137
0.45077
0.25446
0.39729
0.22364
0.23383
0.29444
0.11712
0.25142
0.54147
0.1332
0.46878
0.26473
0.28046
0.31566
0.202
0.30301
0.32756
0.30201
0.30939
0.23446
0.29646
0.44859
0.28231
0.28911
0.28004
0.18696
0.33089
0.05763
0.50717
0.26877
0.28975
0.19458
0.15166
0.27828
0.24349
0.29098
0.22687
0.26092
0.36411
0.14787
0.38609
0.2414
0.22347
0.15137
0.19108
0.13888
0.23234
0.24381
0.34584
0.12242
0.22897
0.286
0.42275
0.32759
0.23424
0.28955
0.27553
0.33218
0.23176
0.25961
0.27047
0.27352
0.27891
0.1845
0.26455
0.33113
0.22823
0.36843
0.17298
0.31929
0.39976
0.32693
0.14458
0.39185
0.43005
0.21117
0.55593
0.2838
0.25876
0.25948
0.21239
0.45621
0.4377
0.36689
0.26574
0.32966
0.27811
0.55167
0.2346
0.04325
0.47274
0.16923
0.30432
0.47337
0.59752
0.07995
0.63625
0.26869
0.30472
0.32823
0.32781
0.18571
0.63037
0.28882
0.33791
0.21436
0.44783
0.09767
0.52945
0.2591
0.26767
0.14922
0.5366
0.34621
0.32227
0.47153
0.31335
0.06457
0.59246
0.29744
0.26221
0.24573
0.16703
0.45913
0.11822
0.35464
0.27776
0.57247
0.19377
0.56914
0.30336
0.2658
0.26943
0.39808
0.05487
0.53574
0.17301
0.26726
0.2967
0.29529
0.36244
0.44278
0.42252
0.29284
0.27636
0.3474
0.23141
0.39335
0.09554
0.55908
0.28022
0.28112
0.15049
0.51912
0.29432
0.19403
0.25201
0.33122
0.35422
0.33237
0.53552
0.11923
0.47904
0.34755
0.29534
0.33176
0.27697
0.22143
0.51289
0.17915
0.18356
0.33219
0.58267
0.38221
0.1618
0.289
0.50121
0.30039
0.25033
0.19207
0.63446
0.20111
0.40187
0.30937
0.30034
0.22988
0.44479
0.28519
0.43481
0.25276
0.15278
0.34032
0.6225
0.11921
0.30302
0.57719
0.31292
0.22111
0.29717
0.33214
0.33937
0.56008
0.42294
0.28019
0.35292
0.26638
0.51401
0.2966
0.28055
0.28207
0.28745
0.31719
0.2421
0.54099
0.25876
0.31791
0.26372
0.29031
0.2157
0.46882
0.2878
0.33305
0.28783
0.39477
0.25649
0.20819
0.47577
0.18676
0.22056
0.17207
0.28969
0.49216
0.28344
0.57031
0.35605
0.35552
0.06526
0.55051
0.30701
0.30362
0.30855
0.15195
0.2248
0.56321
0.33201
0.04105
0.36032
0.48001
0.15816
0.34652
0.34864
0.11311
0.35246
0.27325
0.45151
0.04957
0.28502
0.31716
0.3736
0.24523
0.47685
0.10346
0.39499
0.28699
0.53797
0.09756
0.37042
0.50871
0.04785
0.6557
0.35149
0.30741
0.37736
0.29605
0.26508
0.29463
0.19396
0.30886
0.44271
0.15504
0.33563
0.52805
0.28074
0.13946
0.4995
0.08338
0.53974
0.30697
0.31921
0.25113
0.30485
0.05377
0.51063
0.32618
0.0328
0.37092
0.49381
0.02993
0.6933
0.28373
0.27779
0.28982
0.24978
0.41202
0.02591
0.27203
0.31365
0.33214
0.17063
0.32034
0.51895
0.21801
0.09883
0.26212
0.27034
0.27979
0.31972
0.27148
0.50818
0.22092
0.43978
0.25236
0.29286
0.03474
0.34397
0.2407
0.24246
0.29198
0.18748
0.41708
0.3213
0.05905
0.47621
0.02701
0.27622
0.35111
0.43125
0.05226
0.30479
0.29857
0.25047
0.34553
0.20558
0.22347
0.25861
0.04671
0.31099
0.20245
0.22691
0.26093
0.31316
0.27863
0.24478
0.22692
0.19522
0.24399
0.2217
0.05395
0.26482
0.21798
0.40156
0.16963
0.25644
0.18379
0.24344
0.02095
0.16933
0.35914
0.37241
0.22702
0.23424
0.22544
0.27416
0.02962
0.26036
0.20642
0.28888
0.1566
0.31256
0.19758
0.13568
0.35374
0.2662
0.19928
0.22477
0.27771
0.20759
0.29071
0.25596
0.15319
0.0136
0.33914
0.26256
0.13444
0.27276
0.17466
0.19
0.31409
0.22673
0.01014
0.30883
0.32766
0.20751
0.24491
0.03582
0.21496
0.26477
0.27032
0.02476
0.21885
0.20876
0.25705
0.2704
0.01153
0.28993
0.19104
0.16566
0.33196
0.02531
0.42207
0.0231
0.35442
0.25596
0.14768
0.00943
0.29153
0.21074
0.24335
0.19534
0.20267
0.33179
0.03291
0.1537
0.28396
0.03725
0.27177
0.12367
0.25699
0.20202
0.00705
0.21417
0.22917
0.26707
0.02214
0.29347
0.18039
0.36479
0.29774
0.01117
0.28146
0.20876
0.00534
0.45393
0.0149
0.27448
0.36378
0.01834
0.48396
0.02762
0.2753
0.28064
0.20687
0.39107
0.05445
0.25502
0.13881
0.22963
0.25706
0.23365
0.00901
0.48626
0.21303
0.03468
0.2116
0.16061
0.28215
0.16798
0.08102
0.18241
0.18977
0.34472
0.13328
0.22981
0.2422
0.20407
0.01426
0.22068
0.17885
0.23521
0.18346
0.22193
0.00612
0.25115
0.21834
0.20065
0.20368
0.20896
0.16051
0.18807
0.20817
0.02158
0.25509
0.24218
0.03852
0.29741
0.06456
0.36983
0.02213
0.24433
0.01094
0.23772
0.23411
0.13062
0.30105
0.22528
0.02049
0.2857
0.20287
0.17967
0.17624
0.24809
0.18399
0.01431
0.23879
0.15739
0.19352
0.23117
0.19101
0.19683
0.01923
0.27995
0.14062
0.31204
0.01411
0.28811
0.00936
0.25462
0.25286
0.22841
0.24313
0.01224
0.24055
0.28278
0.02282
0.20463
0.33948
0.16617
0.32068
0.01513
0.29542
0.27182
0.25208
0.00699
0.53292
0.01027
0.25565
0.20303
0.17723
0.26534
0.02162
0.24962
0.19406
0.23111
0.01663
0.18556
0.23928
0.26439
0.02524
0.19665
0.00818
0.41047
0.20066
0.23727
0.032
0.23107
0.00833
0.33888
0.26779
0.21539
0.00632
0.18523
0.18836
0.1831
0.00554
0.29448
0.17115
0.20449
0.13998
0.21586
0.21562
0.21382
0.00694
0.39045
0.29145
0.17478
0.2203
0.00794
0.48105
0.1034
0.28998
0.02818
0.15707
0.21426
0.12788
0.35618
0.21683
0.02632
0.21483
0.01641
0.25739
0.00668
0.25906
0.34221
0.24682
0.20442
0.01008
0.21161
0.32529
0.20707
0.21038
0.00615
0.31389
0.20547
0.21318
0.01789
0.29246
0.01128
0.27632
0.1857
0.16297
0.00636
0.27282
0.28371
0.14698
0.01243
0.35973
0.22209
0.26878
0.00908
0.20862
0.15849
0.28454
0.02971
0.26564
0.14653
0.23097
0.21928
0.01063
0.31771
0.16753
0.2499
0.20466
0.25703
0.01594
0.21423
0.17474
0.287
0.21267
0.2092
0.01835
0.18485
0.20008
0.29085
0.16476
0.13211
0.01839
0.26422
0.18523
0.01592
0.18613
0.19516
0.02366
0.2638
0.00692
0.20389
0.11257
0.20906
0.28661
0.02869
0.28058
0.31122
0.02024
0.25147
0.21813
0.19562
0.01569
0.2326
0.0078
0.16229
0.00465
0.30945
0.08359
0.15924
0.23014
0.22614
0.01202
0.30972
0.24596
0.01203
0.34048
0.12734
0.30565
0.03802
0.19179
0.21061
0.23767
0.01781
0.27736
0.14853
0.19997
0.00783
0.26839
0.14835
0.20365
0.15022
0.20385
0.13634
0.20942
0.17646
0.21524
0.11518
0.02113
0.18762
0.18743
0.25363
0.02418
0.25516
0.23909
0.00604
0.22969
0.00447
0.32538
0.22568
0.12459
0.23569
0.27955
0.01681
0.23105
0.12842
0.22527
0.00792
0.23449
0.22105
0.01453
0.35063
0.1953
0.29051
0.0181
0.17676
0.12312
0.1381
0.13556
0.01005
0.14989
0.04046
0.21324
0.21701
0.14404
0.16783
0.006
0.27516
0.18898
0.24037
0.14883
0.14528
0.02448
0.28934
0.0986
0.30395
0.21789
0.1864
0.02073
0.18707
0.14257
0.19731
0.19236
0.08356
0.05894
0.165
0.19285
0.15646
0.01863
0.28186
0.20019
0.11869
0.2901
0.00675
0.36607
0.07845
0.2298
0.21931
0.26724
0.17737
0.14233
0.10731
0.3074
0.17752
0.16896
0.05742
0.2145
0.04098
0.19022
0.16352
0.16924
0.01798
0.26097
0.00908
0.22046
0.19561
0.01451
0.28473
0.22585
0.14247
0.15876
0.14779
0.17705
0.09426
0.00487
0.22722
0.27077
0.16448
0.24511
0.01638
0.30544
0.20513
0.00493
0.26402
0.16304
0.0051
0.3743
0.00588
0.27627
0.32832
0.00868
0.32487
0.14276
0.21867
0.13792
0.00713
0.30698
0.18527
0.24247
0.01066
0.23231
0.18417
0.17872
0.01732
0.23765
0.12846
0.00883
0.24801
0.19798
0.15703
0.02087
0.1794
0.01615
0.25467
0.00646
0.20951
0.25518
0.01094
0.12909
0.20678
0.17045
0.00998
0.37769
0.01795
0.22484
0.26718
0.01794
0.26886
0.15707
0.01565
0.27685
0.19251
0.26226
0.01756
0.25922
0.17814
0.23564
0.11355
0.00811
0.24652
0.16031
0.21511
0.01158
0.17377
0.17305
0.16019
0.04542
0.18633
0.06649
0.19013
0.15208
0.09727
0.27726
0.00629
0.15534
0.21619
0.01237
0.22969
0.01277
0.25286
0.23137
0.01327
0.16908
0.22903
0.00731
0.18261
0.00533
0.24851
0.21458
0.02728
0.22094
0.22964
0.17811
0.01323
0.2265
0.2982
0.11822
0.17302
0.0063
0.23019
0.19368
0.00764
0.26825
0.24813
0.13231
0.17901
0.04487
0.18358
0.18613
0.01204
0.2426
0.0062
0.1564
0.00635
0.31661
0.18148
0.14316
0.18745
0.00901
0.20987
0.00967
0.21428
0.01422
0.14962
0.2452
0.02076
0.13247
0.1881
0.06289
0.16207
0.24731
0.13456
0.00865
0.14925
0.0453
0.20185
0.21055
0.01765
0.17189
0.22299
0.00675
0.16898
0.02248
0.21168
0.20734
0.07086
0.13773
0.16731
0.00804
0.25017
0.23056
0.13383
0.15058
0.14122
0.12139
0.22576
0.01494
0.26057
0.30561
0.00644
0.27982
0.16919
0.00858
0.27396
0.01146
0.16485
0.20381
0.14741
0.05288
0.15626
0.18917
0.00325
0.24468
0.1686
0.02597
0.22696
0.14519
0.00986
0.22014
0.15808
0.11438
0.18807
0.25848
0.01258
0.1388
0.20937
0.33356
0.18554
0.009
0.16752
0.00522
0.3139
0.26374
0.02012
0.15805
0.13281
0.19606
0.24807
0.02489
0.10439
0.25029
0.14693
0.00407
0.28824
0.00351
0.19232
0.21981
0.00355
0.24074
0.21821
0.00621
0.18139
0.18545
0.00712
0.15324
0.12075
0.14094
0.08363
0.01552
0.18787
0.0111
0.24636
0.01493
0.27959
0.00762
0.13645
0.10447
0.23103
0.01847
0.29963
0.00979
0.26339
0.26348
0.01277
0.12006
0.01136
0.21228
0.16833
0.01864
0.18317
0.01914
0.32368
0.00733
0.16
0.24181
0.0106
0.23984
0.05543
0.16381
0.20615
0.01073
0.14948
0.17659
0.00706
0.27131
0.19833
0.18294
0.13024
0.23598
0.06394
0.14743
0.17508
0.00629
0.17227
0.14811
0.00544
0.23439
0.08509
0.26568
0.00948
0.1303
0.00315
0.30432
0.18708
0.20297
0.00951
0.20154
0.00532
0.24009
0.00403
0.29912
0.14845
0.15308
0.10777
0.26203
0.0088
0.22671
0.00494
0.16736
0.21996
0.00513
0.13246
0.00245
0.2321
0.20133
0.00363
0.2954
0.19265
0.1726
0.22504
0.00839
0.14107
0.14101
0.00923
0.31209
0.01479
0.24474
0.01317
0.23635
0.1367
0.16774
0.21037
0.01866
0.14957
0.19296
0.11814
0.22663
0.10588
0.13638
0.01612
0.33053
0.13022
0.00365
0.27466
0.25411
0.00602
0.2214
0.10905
0.01484
0.19747
0.15855
0.01156
0.12192
0.0154
0.26752
0.25364
0.00627
0.28563
0.00441
0.16165
0.19039
0.13896
0.16947
0.32184
0.00837
0.20824
0.12417
0.00385
0.12071
0.15227
0.29168
0.01271
0.09537
0.24311
0.01675
0.2525
0.01299
0.13306
0.20042
0.00421
0.2761
0.00646
0.16088
0.15851
0.12605
0.01568
0.1998
0.16281
0.14917
0.0763
0.00494
0.11061
0.1192
0.01713
0.22056
0.00321
0.21156
0.00826
0.14456
0.16937
0.01329
0.23714
0.00381
0.24899
0.14884
0.0183
0.17526
0.00568
0.23744
0.22302
0.11328
0.01089
0.22374
0.00915
0.21917
0.01414
0.16412
0.01625
0.16722
0.22919
0.06823
0.21902
0.15315
0.29612
0.01849
0.24671
0.23863
0.0095
0.26314
0.01898
0.24954
0.14499
0.15043
0.01699
0.2137
0.00478
0.16533
0.24126
0.00425
0.20083
0.21267
0.00353
0.11103
0.20522
0.20941
0.01163
0.17051
0.00803
0.14813
0.21067
0.00933
0.14339
0.28706
0.01177
0.14657
0.12166
0.14396
0.00319
0.23092
0.18279
0.18743
0.20117
0.00731
0.12085
0.18692
0.01481
0.20733
0.01182
0.18944
0.14059
0.01001
0.20516
0.17348
0.00947
0.16936
0.00562
0.27457
0.17932
0.11978
0.17445
0.01606
0.20553
0.00739
0.12929
0.2355
0.01643
0.13639
0.11657
0.01108
0.22699
0.1606
0.12279
0.0055
0.21129
0.00253
0.2979
0.23037
0.00594
0.16005
0.00388
0.24788
0.19816
0.01529
0.23421
0.0151
0.17205
0.00382
0.28198
0.25808
0.01052
0.2533
0.11694
0.01295
0.19251
0.00545
0.16971
0.25525
0.00892
0.1801
0.01134
0.24179
0.25011
0.01618
0.19719
0.0043
0.23796
0.01107
0.12957
0.00264
0.27213
0.01252
0.21175
0.22131
0.04739
0.00169
0.00017
0.15371
0.15255
0.01385
0.15211
0.00508
0.14308
0.02441
0.19598
0.17419
0.01183
0.27331
0.0054
0.22319
0.25425
0.00927
0.24985
0.01754
0.2465
0.21704
0.00456
0.27395
0.00913
0.30181
0.11392
0.00755
0.18534
0.14821
0.00346
0.28772
0.15253
0.21279
0.01222
0.23797
0.11269
0.10218
0.18383
0.01482
0.20715
0.00405
0.17216
0.21688
0.00847
0.25548
0.1945
0.01182
0.29521
0.00532
0.23044
0.00251
0.20383
0.22488
0.01136
0.18176
0.17787
0.00526
0.07193
0.2006
0.29413
0.00586
0.1822
0.00782
0.12576
0.23542
0.01313
0.17202
0.03144
0.23756
0.19649
0.01045
0.18543
0.00911
0.22217
0.01584
0.32026
0.05703
0.1158
0.00379
0.16608
0.24751
0.20409
0.00546
0.23592
0.01549
0.23415
0.19692
0.00791
0.21046
0.20392
0.00769
0.26834
0.22983
0.00908
0.16442
0.20123
0.22029
0.00972
0.24893
0.16262
0.01728
0.33751
0.01079
0.20276
0.18822
0.00973
0.23947
0.14458
0.01146
0.16141
0.23005
0.00992
