0.00301
0.00054
0.00038
0.00672
0.01392
0.01675
0.00754
0.00809
0.00219
0.00148
0.02546
0.01342
0.01411
0.01356
0.00941
0.00856
0.02472
0.00206
0.02403
0.00325
0.00219
0.01849
0.00585
0.0034
0.00418
0.00582
0.00637
0.01127
0.00577
0.00575
0.00408
0.00887
0.00538
0.00974
0.01
0.00433
0.00566
0.0046
0.00422
0.00414
0.00564
0.0076
0.00703
0.00772
0.00674
0.00622
0.00759
0.01633
0.01073
0.01008
0.01171
0.00862
0.02633
0.01201
0.00749
0.0053
0.00435
0.01109
0.00629
0.00872
0.00974
0.01184
0.00883
0.00749
0.00581
0.01078
0.05452
0.01054
0.00662
0.00867
0.00872
0.00947
0.00875
0.0125
0.00608
0.00999
0.00852
0.00615
0.00849
0.00789
0.02431
0.04907
0.00776
0.02158
0.00919
0.00664
0.01185
0.0061
0.02761
0.0089
0.00667
0.00587
0.03286
0.0074
0.00643
0.00582
0.00683
0.00897
0.01409
0.00701
0.01494
0.00808
0.01012
0.00922
0.00679
0.01025
0.01004
0.00798
0.00754
0.02106
0.00808
0.00959
0.01168
0.00763
0.01115
0.05812
0.0168
0.00816
0.00837
0.05211
0.01665
0.01017
0.05715
0.04709
0.00921
0.09333
0.11293
0.01815
0.07054
0.00814
0.01007
0.01302
0.01173
0.1042
0.01113
0.01595
0.04021
0.00831
0.01147
0.01238
0.01458
0.01098
0.09007
0.0151
0.01492
0.05983
0.02508
0.01795
0.0197
0.00809
0.01171
0.00933
0.01667
0.01661
0.01497
0.07724
0.01073
0.09167
0.05491
0.01281
0.01277
0.01064
0.01036
0.01129
0.10122
0.06877
0.00966
0.03628
0.01052
0.02335
0.01618
0.01055
0.03549
0.013
0.01092
0.04579
0.01034
0.09122
0.04429
0.10207
0.01421
0.01189
0.01085
0.0095
0.01427
0.01749
0.01248
0.00931
0.07867
0.01241
0.02518
0.01589
0.01244
0.07063
0.01125
0.01222
0.01063
0.01938
0.03592
0.00986
0.1247
0.0183
0.06048
0.01188
0.01092
0.00963
0.01672
0.03157
0.04691
0.08078
0.01331
0.03584
0.03301
0.10568
0.00927
0.01128
0.01291
0.08462
0.01146
0.01711
0.01068
0.01175
0.0527
0.01453
0.01372
0.01345
0.03494
0.03272
0.01119
0.00762
0.01728
0.01283
0.01153
0.0927
0.01135
0.06455
0.01095
0.01841
0.07806
0.0835
0.01806
0.05057
0.01163
0.00978
0.06664
0.06311
0.02648
0.01216
0.0115
0.04312
0.01527
0.06118
0.03453
0.06365
0.02154
0.01968
0.02339
0.04318
0.02113
0.01656
0.0213
0.01377
0.01454
0.02179
0.02104
0.00975
0.04791
0.01232
0.01299
0.01168
0.01456
0.02864
0.102
0.01229
0.01418
0.01789
0.00804
0.01171
0.00953
0.00884
0.02164
0.03535
0.03434
0.06587
0.02122
0.10351
0.08316
0.02175
0.01885
0.02279
0.0101
0.01289
0.01234
0.02226
0.08221
0.02948
0.00944
0.04833
0.0083
0.08084
0.09188
0.0106
0.07842
0.01476
0.01231
0.02283
0.04071
0.01386
0.0117
0.11249
0.08109
0.00985
0.05407
0.10413
0.1144
0.0166
0.04396
0.03507
0.0476
0.01835
0.01447
0.00904
0.04329
0.01503
0.012
0.00884
0.03192
0.00959
0.01084
0.00696
0.10566
0.03118
0.08468
0.00474
0.06018
0.01081
0.04101
0.1022
0.0078
0.02713
0.08755
0.00749
0.00852
0.09477
0.03205
0.00712
0.11589
0.11606
0.00958
0.01985
0.05466
0.0382
0.00828
0.01329
0.02586
0.007
0.01495
0.00837
0.00895
0.06492
0.0113
0.01117
0.01051
0.04393
0.00737
0.02868
0.00886
0.01096
0.0559
0.08491
0.00652
0.08124
0.00923
0.00585
0.00716
0.00994
0.00763
0.05813
0.0075
0.01196
0.00599
0.00764
0.02817
0.01089
0.0078
0.00734
0.01346
0.00814
0.02313
0.00795
0.06352
0.00529
0.00763
0.00777
0.00784
0.00311
0.02384
0.00657
0.01988
0.00421
0.0066
0.01087
0.00474
0.00341
0.03264
0.00525
0.0033
0.00549
0.0163
0.032
0.0042
0.02501
0.0179
0.00368
0.00629
0.00976
0.00603
0.08412
0.03859
0.03554
0.00475
0.00442
0.00332
0.02037
0.0252
0.00916
0.10345
0.0044
0.00397
0.00795
0.00609
0.00308
0.00807
0.00471
0.0044
0.00278
0.00358
0.00966
0.00324
0.01194
0.00671
0.00294
0.02327
0.0065
0.00357
0.00439
0.01311
0.01615
0.00627
0.00358
0.01301
0.00734
0.00577
0.00361
0.00295
0.02201
0.0037
0.01094
0.00338
0.00578
0.00232
0.08338
0.00657
0.00572
0.00185
0.00513
0.00447
0.00379
0.00371
0.00414
0.01332
0.00693
0.00368
0.00354
0.00453
0.0021
0.05018
0.00302
0.01187
0.00336
0.00523
0.00557
0.00645
0.00258
0.0045
0.00228
0.00261
0.00399
0.00515
0.00365
0.00162
0.00791
0.00527
0.00268
0.00494
0.10303
0.00256
0.01799
0.00563
0.00248
0.01498
0.0792
0.00132
0.02392
0.0164
0.00473
0.00521
0.00536
0.00862
0.01074
0.04854
0.02196
0.10797
0.00564
0.01094
0.00399
0.09721
0.0042
0.00431
0.00401
0.00115
0.00889
0.00305
0.0118
0.00424
0.00315
0.00264
0.00357
0.05626
0.00347
0.00325
0.00501
0.02309
0.00421
0.0062
0.00281
0.0026
0.00289
0.00759
0.03626
0.00191
0.00341
0.00128
0.01762
0.01551
0.00326
0.00442
0.00417
0.00519
0.00246
0.01041
0.00465
0.0029
0.00107
0.01539
0.00517
0.01036
0.00413
0.00625
0.00366
0.00225
0.00537
0.00234
0.00426
0.00672
0.00451
0.00629
0.0086
0.0028
0.00847
0.00206
0.00298
0.00547
0.00283
0.00317
0.00405
0.00397
0.00407
0.00201
0.00553
0.00568
0.00336
0.00705
0.00355
0.00469
0.0038
0.00311
0.00644
0.00601
0.00586
0.00249
0.00361
0.00379
0.00218
0.00715
0.00631
0.00616
0.00513
0.00325
0.00473
0.00669
0.00686
0.00474
0.00306
0.00649
0.00241
0.00509
0.00612
0.00154
0.02166
0.00765
0.00617
0.00472
0.00229
0.00537
0.00255
0.0072
0.00156
0.00781
0.00477
0.0211
0.0081
0.00143
0.00307
0.0086
0.00482
0.00147
0.0241
0.00568
0.00435
0.00957
0.00271
0.00436
0.0037
0.00146
0.01154
0.00515
0.0025
0.00541
0.00528
0.00298
0.00494
0.0029
0.00873
0.00392
0.00449
0.00437
0.00198
0.03029
0.01571
0.00136
0.00848
0.00515
0.00357
0.00297
0.00366
0.0044
0.00868
0.00271
0.00478
0.00537
0.00154
0.00481
0.00434
0.00422
0.00326
0.00288
0.00426
0.00888
0.02672
0.0021
0.00174
0.01791
0.00299
0.00117
0.00592
0.00351
0.01106
0.00302
0.01132
0.00372
0.01298
0.00311
0.00185
0.00356
0.01297
0.00763
0.04737
0.00557
0.00305
0.00368
0.0034
0.00172
0.00418
0.00565
0.02445
0.00443
0.08546
0.01138
0.01774
0.00301
0.00433
0.0021
0.00388
0.00315
0.00396
0.00276
0.00508
0.00182
0.01838
0.00541
0.00323
0.00365
0.00227
0.0035
0.00317
0.00236
0.00407
0.00196
0.00564
0.00294
0.00441
0.00236
0.00392
0.00191
0.00656
0.00292
0.05284
0.00183
0.00692
0.00335
0.00333
0.00592
0.05585
0.01188
0.00172
0.00289
0.00529
0.00237
0.003
0.00115
0.00371
0.00261
0.00339
0.00078
0.00957
0.01093
0.00563
0.00109
0.00528
0.00982
0.00342
0.0006
0.01425
0.00309
0.0022
0.00472
0.00547
0.00607
0.0029
0.00347
0.00275
0.00416
0.00316
0.0036
0.00383
0.00387
0.00381
0.10329
0.00199
0.00234
0.00375
0.00475
0.00494
0.00443
0.00524
0.00509
0.00393
0.005
0.00174
0.00983
0.00105
0.00562
0.00529
0.00351
0.00173
0.00304
0.00554
0.00397
0.00334
0.00231
0.00217
0.07304
0.00403
0.01857
0.00823
0.00291
0.05408
0.00453
0.00128
0.00471
0.09108
0.00268
0.00319
0.00336
0.00877
0.00677
0.00172
0.00605
0.00348
0.00204
0.0056
0.00342
0.00229
0.0034
0.00119
0.00726
0.00458
0.00288
0.0054
0.00207
0.00413
0.00523
0.00327
0.00298
0.00201
0.00264
0.00535
0.01837
0.00487
0.00265
0.00362
0.00421
0.03548
0.00301
0.00316
0.00411
0.00225
0.00346
0.01587
0.00619
0.00339
0.00354
0.00256
0.00233
0.05714
0.00487
0.00269
0.00202
0.00243
0.0005
0.01867
0.00261
0.00318
0.01677
0.00325
0.01361
0.00247
0.00523
0.00218
0.0029
0.09281
0.00217
0.00304
0.00129
0.00502
0.00491
0.00468
0.00096
0.00499
0.00286
0.0044
0.00147
0.00514
0.00593
0.00249
0.00137
0.09266
0.00816
0.00091
0.09245
0.01607
0.00728
0.0044
0.00313
0.08819
0.11152
0.00361
0.00167
0.00214
0.00415
0.00251
0.07406
0.00332
0.00297
0.00204
0.00381
0.00522
0.00277
0.00207
0.00306
0.00725
0.00098
0.00453
0.00619
0.01746
0.0042
0.00428
0.00247
0.00299
0.00118
0.00393
0.00292
0.00376
0.00173
0.00487
0.00326
0.00499
0.00393
0.00092
0.00635
0.00368
0.00186
0.02018
0.00472
0.00311
0.00323
0.00538
0.00414
0.00096
0.00541
0.00324
0.00232
0.00374
0.03016
0.00134
0.00367
0.00588
0.00223
0.00169
0.01752
0.00323
0.00176
0.00355
0.00173
0.01393
0.00416
0.00252
0.00295
0.00135
0.0044
0.01653
0.00273
0.00244
0.00316
0.00424
0.00261
0.02771
0.00156
0.00235
0.00189
0.06932
0.00068
0.00672
0.00534
0.02856
0.00128
0.00406
0.00426
0.00373
0.0039
0.00234
0.00168
0.00398
0.00605
0.01457
0.00646
0.00323
0.00254
0.0033
0.0036
0.00366
0.00134
0.00389
0.06314
0.00246
0.00448
0.00223
0.00529
0.00788
0.00279
0.00217
0.00333
0.00224
0.00419
0.00115
0.00439
0.0387
0.00382
0.01958
0.00259
0.00406
0.0056
0.00216
0.0034
0.00325
0.00256
0.00175
0.00184
0.10967
0.00087
0.00589
0.00054
0.01482
0.00227
0.001
0.00913
0.00227
0.00054
0.05022
0.00129
0.00254
0.00299
0.00377
0.00534
0.00391
0.00217
0.00217
0.00362
0.00318
0.01697
0.00425
0.00354
0.00212
0.00416
0.00189
0.00305
0.0014
0.00437
0.00256
0.00328
0.003
0.00296
0.00263
0.00346
0.00103
0.00313
0.00279
0.01614
0.00487
0.00075
0.00324
0.00437
0.00191
0.00323
0.00686
0.00126
0.00337
0.01443
0.00353
0.00146
0.00717
0.00389
0.00183
0.00194
0.00501
0.00106
0.00628
0.0669
0.005
0.05326
0.00062
0.0069
0.0022
0.0036
0.00392
0.0012
0.00414
0.0011
0.0025
0.00365
0.00114
0.00472
0.00407
0.00159
0.00378
0.00122
0.00251
0.02613
0.00329
0.00125
0.00344
0.0051
0.00063
0.00402
0.00188
0.00335
0.00211
0.00296
0.00373
0.00342
0.00068
0.00576
0.00321
0.00413
0.0698
0.00224
0.00362
0.00072
0.00366
0.00415
0.00105
0.00643
0.00075
0.00613
0.00453
0.00289
0.00267
0.00284
0.00305
0.00333
0.00319
0.08804
0.00076
0.00358
0.0037
0.00231
0.00526
0.00329
0.00388
0.0033
0.00282
0.00133
0.0211
0.00326
0.00242
0.00157
0.00429
0.00272
0.00202
0.00407
0.00285
0.00226
0.00235
0.00366
0.00195
0.00383
0.00399
0.04235
0.00134
0.0012
0.00182
0.00326
0.00144
0.00401
0.00252
0.00424
0.00266
0.00135
0.00268
0.00189
0.00132
0.00319
0.00332
0.00141
0.0039
0.00074
0.08443
0.0018
0.00118
0.00313
0.00321
0.00213
0.00375
0.00255
0.00299
0.00131
0.0029
0.00198
0.00432
0.00106
0.00462
0.00223
0.00153
0.01728
0.00275
0.00501
0.00197
0.00268
0.00452
0.00235
0.00319
0.00238
0.00432
0.00402
0.00289
0.00064
0.0402
0.0034
0.00192
0.00495
0.00135
0.00379
0.00438
0.00158
0.00296
0.00246
0.02021
0.00331
0.0041
0.00192
0.00695
0.00075
0.00255
0.00289
0.00223
0.00329
0.00247
0.0028
0.08613
0.00259
0.00144
0.00424
0.00324
0.00443
0.00184
0.0031
0.0009
0.00518
0.00071
0.00475
0.00432
0.00353
0.00168
0.00688
0.01234
0.00426
0.00244
0.00146
0.00258
0.004
0.00205
0.00253
0.00431
0.00161
0.0035
0.00133
0.00468
0.07752
0.001
0.00477
0.00119
0.00288
0.00408
0.00276
0.00243
0.00081
0.00392
0.00127
0.00491
0.00232
0.00427
0.00337
0.00218
0.00138
0.00364
0.00093
0.00307
0.00162
0.00521
0.00066
0.00382
0.00443
0.00229
0.02832
0.00307
0.00134
0.00547
0.00707
0.04859
0.00391
0.00366
0.00072
0.01195
0.00482
0.0023
0.00154
0.00515
0.00495
0.00136
0.00266
0.00256
0.00156
0.0027
0.00269
0.00078
0.00302
0.00287
0.0013
0.00478
0.00338
0.00279
0.01404
0.00233
0.00286
0.00412
0.00223
0.00381
0.00337
0.00312
0.00285
0.00076
0.01356
0.00361
0.00312
0.00535
0.00152
0.00251
0.00071
0.00305
0.00137
0.00433
0.00247
0.00166
0.00303
0.00359
0.00238
0.00335
0.00364
0.0166
0.00526
0.0195
0.00343
0.00226
0.00497
0.0016
0.00256
0.00292
0.00226
0.00373
0.00177
0.00303
0.0024
0.00404
0.00096
0.00296
0.00205
0.00395
0.00091
0.10486
0.00283
0.0012
0.00312
0.00119
0.06971
0.00106
0.0053
0.00077
0.00438
0.00252
0.00105
0.00844
0.00171
0.00377
0.00222
0.0006
0.00351
0.00169
0.00082
0.00362
0.00238
0.0031
0.00192
0.00298
0.00269
0.00563
0.00464
0.00275
0.00158
0.00247
0.00213
0.00304
0.00092
0.06853
0.00426
0.00391
0.00098
0.02288
0.00055
6e-05
0.00115
0.00235
0.00366
0.00266
0.00172
0.00389
0.01312
0.00416
0.00056
0.00403
0.00373
0.00118
0.04023
0.00335
0.00291
0.00244
0.01553
0.00493
0.02463
0.0016
0.00119
0.00325
0.00254
0.0025
0.00211
0.00211
0.00266
0.00124
0.00378
0.00195
0.00364
0.00387
0.00388
0.00152
0.00283
0.00109
0.0053
0.0042
0.00145
0.0238
0.00246
0.0028
0.00333
0.0013
0.00312
0.0047
0.00064
0.00562
0.00087
0.06362
0.00089
0.00464
0.00178
0.00316
0.00095
0.00301
0.00296
0.00294
0.00204
0.00246
0.00148
0.00351
0.00071
0.00513
0.00076
0.00308
0.10336
0.00074
0.0039
0.08403
0.00313
0.00132
0.00714
0.00185
0.0315
0.00399
0.00139
0.00215
0.003
0.00285
0.00211
0.00125
0.01497
0.00434
0.05923
0.00354
0.00282
0.00191
0.00297
0.00203
0.00249
0.00349
0.00236
0.00277
0.00357
0.00111
0.00357
0.00113
0.0072
0.00252
0.00352
0.0038
0.03608
0.00293
0.00277
0.00104
0.00337
0.06785
0.00147
0.00288
