11.78498
12.79375
11.83733
9.24022
5.65472
6.15508
6.37883
6.04637
7.27957
7.91084
5.5093
6.13464
5.89085
5.27115
5.74482
6.30526
5.79436
7.73254
7.09424
7.54958
8.71273
6.33582
7.19594
6.85644
7.28803
6.76462
6.4166
6.02903
6.29408
6.40709
6.49936
6.10903
6.37243
6.34989
5.93549
6.62449
6.27383
6.64144
6.72815
6.82416
6.32286
6.50045
6.34376
6.52583
6.09193
6.80326
5.97689
6.24397
5.96243
6.7912
6.36365
6.65544
6.32156
5.79319
5.96095
7.63804
6.63332
6.07595
8.04439
7.47032
6.19737
6.45913
7.07762
6.71822
6.84428
5.57992
5.3887
6.18988
6.29995
6.58711
6.41546
6.62692
6.61299
6.34553
6.48077
6.05062
6.0281
7.57247
5.8309
7.1458
6.30373
6.03613
6.60558
5.85829
6.99264
7.41682
7.06042
6.88609
7.17766
6.64732
7.33608
7.55745
6.1851
6.77215
6.36691
7.20811
6.94921
6.24052
6.34327
7.16316
6.04908
6.84721
6.30051
7.61547
7.03294
6.44261
6.6569
7.13718
6.52645
5.85306
6.02573
6.47667
6.55215
6.62357
6.24819
5.34807
6.12713
7.23396
6.99816
5.43233
5.85012
6.91845
5.33553
4.91876
6.6505
5.3431
4.60788
6.17315
4.95586
6.72904
6.57175
5.93964
6.80444
5.17245
6.21968
5.97919
5.56647
6.76265
6.27096
5.95124
6.11929
6.64415
4.76894
5.77236
5.91766
5.44504
5.1224
6.04095
5.9438
6.40956
6.44407
6.4527
5.40074
6.35792
5.67512
5.26868
6.20894
5.32053
4.99308
6.78494
5.99263
6.34069
5.69701
6.12258
4.79414
4.99963
6.76554
5.4659
5.51975
6.00909
5.71184
5.99877
5.28486
6.4196
6.39374
4.92163
6.14085
4.98833
5.68088
4.81199
6.7822
5.99414
5.99816
6.37285
6.17069
5.86628
6.57296
6.33475
4.89587
5.96015
6.07757
6.08166
6.12874
5.46368
6.02612
6.0508
6.29141
5.27687
5.91041
6.01747
4.88868
5.92793
6.04289
5.76102
6.52072
5.95897
6.02337
5.64936
5.39742
5.06131
5.88807
5.60648
5.40294
5.14971
6.49865
6.0394
6.13251
5.29499
5.67867
6.49009
6.12135
5.90626
4.79621
6.18897
6.21066
5.78505
5.04055
5.48571
5.84683
6.1764
6.23425
6.47508
5.8346
5.80487
5.89015
5.31512
6.359
5.93825
5.19032
4.98319
5.65619
4.91111
5.81726
6.22762
5.0727
5.26286
5.68517
6.49123
5.66216
5.4061
5.67173
4.99177
5.61525
4.86974
5.6526
5.71259
6.14929
5.77368
5.88414
5.553
5.7927
5.59781
5.8646
5.48881
5.89026
5.78607
5.81441
5.9417
6.00249
6.22439
6.01211
5.58543
5.17772
5.94681
6.64821
5.43091
6.0845
6.31006
5.98913
6.4082
5.41742
5.66565
5.641
4.99742
5.90814
4.94177
5.18011
5.45332
5.37758
5.81297
6.44727
5.99978
6.07788
5.81
5.17396
5.75275
5.83737
5.31304
6.72196
4.79069
4.79357
6.45274
5.11376
6.21587
6.17803
5.91772
5.33881
6.43756
6.26799
4.726
5.32824
6.46011
5.2349
4.57259
4.922
6.09815
5.07657
5.23406
5.4504
5.45223
6.2301
5.85944
5.19825
5.62202
5.81242
6.15521
6.15391
5.91428
5.81815
6.72882
4.88019
6.09252
5.54422
6.56416
5.00455
6.56866
5.12835
5.59594
5.87255
5.62369
4.86997
6.05819
5.9926
5.44198
5.49919
6.19919
4.92026
5.49223
5.6817
5.91626
5.27231
5.48707
6.59396
5.58845
6.52258
5.98375
6.32559
5.97232
7.03666
5.14102
6.00115
6.38229
5.68634
5.46176
6.24691
5.94026
6.16457
6.24871
5.41142
5.43149
6.4501
5.34301
6.35096
7.31738
5.95945
6.09394
6.70525
5.80715
6.64034
6.0636
7.09396
6.59386
5.7989
5.98011
5.95888
6.61812
6.30337
6.80711
5.72985
6.3629
5.49018
7.148
6.71066
6.51855
6.30247
7.07251
5.52672
6.56609
7.02192
6.81123
6.58267
6.78166
6.71166
7.19988
5.78443
6.86378
7.2189
6.46891
5.96705
6.31409
6.96261
6.52074
6.40848
7.0674
6.28128
7.08763
6.28921
6.13815
6.2212
5.58763
7.09165
6.82919
7.04917
6.57388
6.26648
6.79598
5.73261
7.15523
7.52373
6.6344
6.94644
6.96806
6.55455
6.87272
7.06001
7.45718
7.69012
6.15122
7.0713
6.71042
6.72624
6.87416
6.10603
6.75569
6.95926
8.05032
7.13041
7.00728
6.90942
7.25107
7.27595
6.69486
6.68685
8.06621
7.31988
6.15393
7.52484
7.14752
7.84935
6.47306
7.80927
6.05912
6.82305
6.75936
7.42476
7.10749
6.90039
7.27506
8.18541
6.75333
6.92806
6.39633
7.6999
7.39702
7.17688
7.30475
5.94107
7.52261
6.24927
7.28428
7.23325
8.02293
6.65814
7.7838
7.39311
7.17528
7.67313
6.91066
7.28312
7.20417
7.66223
7.02049
7.46917
7.68726
6.78354
5.15895
7.64156
7.20567
7.26001
7.17651
6.76727
6.06254
7.81361
6.9198
7.03734
7.19718
7.57455
6.50394
6.83768
6.67906
5.95728
6.95648
5.62204
6.9002
6.38202
7.41883
5.80402
7.71512
7.32197
7.48795
7.94466
7.07259
7.28283
6.25635
7.35669
7.35699
8.00737
7.16559
5.86256
7.5518
7.22504
7.05475
6.65808
7.08902
7.26234
8.03579
7.13428
7.67937
6.71526
6.42046
7.67803
7.22742
7.82212
6.38657
7.63395
7.60668
7.66174
7.28465
7.02924
7.37127
6.45811
6.78043
7.51725
8.1009
6.42309
7.67505
6.54918
8.02713
6.51375
7.66233
7.38797
7.29628
8.11391
6.81219
7.29059
7.40192
6.63484
7.14221
7.61913
6.25067
7.76972
8.01656
6.80621
7.37632
7.95578
6.89906
7.03091
7.61971
8.00752
6.89744
6.66906
8.114
6.25049
8.14386
6.7643
8.08127
7.34142
7.20881
7.08518
7.23405
7.68105
6.98612
7.5232
7.7989
6.52263
7.04248
7.5028
7.24655
8.22374
6.76972
7.26122
7.17274
7.64703
7.41548
7.54607
7.38286
7.23669
7.35172
7.84476
7.09523
6.41856
6.94736
7.07832
8.47263
6.79046
7.99925
6.95383
8.30825
6.5363
7.69128
7.71162
7.23544
8.14955
7.31505
6.23825
7.56993
7.71049
6.10121
6.95477
7.0297
7.50974
7.78128
7.56525
7.66765
7.93006
6.75573
7.15285
8.06368
7.02596
6.98003
7.96307
7.4699
7.78285
7.146
7.81956
7.21794
7.15269
7.58301
6.78726
6.58376
7.96367
6.12483
7.35164
7.1224
7.56625
7.21296
7.16991
6.30579
7.95999
6.71831
7.52229
7.76493
7.06408
7.7776
7.54881
7.5797
7.29739
7.37751
6.922
6.2926
8.15254
7.59906
6.57634
7.81145
8.25916
6.76689
8.12645
7.2319
7.77116
7.51361
6.90929
7.53819
7.93936
9.20858
7.73335
7.57885
7.4164
6.26721
7.69968
7.21407
7.34121
7.53743
8.25955
6.99584
6.89904
6.68122
7.43179
6.47531
7.26536
6.96983
7.87899
7.38108
8.09198
7.45487
7.00396
7.91424
7.6685
7.36615
7.93958
7.29113
6.87434
7.89026
7.51014
8.09459
7.5244
7.33379
7.66613
7.64053
8.22049
6.55365
8.15446
8.13442
7.45266
7.67637
7.59632
7.11636
8.016
6.42731
9.02031
6.47706
7.77481
7.43457
6.67713
6.1853
7.21961
8.28392
7.23446
8.26826
7.58325
7.93593
8.04677
8.07359
7.67731
7.1028
8.57359
6.29424
7.28432
7.37465
8.66579
7.06415
6.73415
7.91945
8.86287
6.29495
8.28095
7.80271
7.80307
6.79459
7.36096
8.25415
7.40583
7.29375
7.62526
7.45962
7.3523
8.0826
7.43035
7.52585
5.93581
7.8281
7.94903
7.50596
6.9444
7.908
7.30494
7.88139
6.84404
7.6222
7.45629
7.73333
7.14121
8.10612
7.56419
7.43148
7.48576
8.24954
7.71756
6.81376
7.57684
7.47254
8.20369
7.64238
6.40505
7.68586
7.65945
7.16818
7.88968
7.6352
7.05921
9.4761
7.26191
5.90827
8.08398
7.13971
7.60826
8.34752
6.79154
8.4474
7.14363
7.79375
7.67909
7.75612
7.32229
8.05467
7.70797
8.11907
6.51413
7.71937
7.44393
7.69803
8.44231
7.85548
6.93604
7.77245
7.77596
8.178
7.79557
7.11118
7.91422
7.16377
7.98387
7.58016
6.90477
6.17015
7.69355
7.39629
7.89606
7.43694
7.74034
6.40017
7.39743
7.68281
8.03788
7.70058
7.83927
6.19391
7.27898
7.92574
8.37401
7.41227
9.31159
6.51877
8.04682
7.66374
7.34746
7.51137
7.74468
7.49418
7.3383
8.25736
7.24571
5.96809
8.33329
7.54894
8.21913
7.27826
7.61909
7.53753
8.22619
7.24174
8.05839
7.33396
8.6929
6.98382
7.87503
8.01573
8.06606
6.40587
7.15247
8.49274
6.2295
8.28916
7.34297
7.8075
7.39648
6.50189
6.40861
7.87379
8.47688
7.8072
8.41519
7.70141
6.46072
7.27831
7.99583
8.28292
8.15674
6.98965
7.79606
8.00011
7.25132
6.88464
9.26966
7.29927
6.93759
7.74619
7.1714
8.39415
7.55687
7.88808
8.67537
7.28607
7.93787
7.61855
8.09664
7.29372
8.10652
6.98014
7.58429
8.61966
6.70029
8.16509
8.04791
7.0007
7.64053
7.79674
8.16139
7.02005
7.36833
8.49248
7.71728
7.68061
7.61041
7.79066
7.04769
8.78675
7.1456
7.53733
8.01494
8.26708
6.73141
8.08839
8.0375
7.41929
8.55055
6.66954
8.03632
7.56763
8.15255
8.5783
7.09573
8.01449
7.3908
8.36538
8.02558
7.11059
7.86315
6.93845
7.8884
8.72438
7.79399
6.24245
8.74731
6.47638
7.14828
6.67634
8.67966
7.07857
7.78568
8.07505
7.34269
7.91867
7.86445
7.66851
7.68636
7.76412
7.3416
7.74552
7.48005
8.14824
7.44352
7.69004
8.8667
7.37884
7.23163
7.56159
7.63508
7.96807
7.82049
7.4985
7.71167
7.86885
7.20092
8.87889
7.49407
9.48983
7.09934
7.11226
8.23885
7.49718
7.90545
7.91798
8.20657
8.59626
8.26544
7.74478
7.63321
8.62065
8.1874
5.85262
9.32384
6.82701
9.1175
6.92053
7.60771
9.14946
7.28616
8.25905
9.27828
6.7669
8.73189
7.82636
7.6957
8.07568
7.88341
7.89614
8.11563
8.49646
7.56534
8.12086
7.39593
8.04544
8.27835
7.62977
8.42452
8.23768
7.34807
8.8915
7.39242
8.12227
7.63131
8.44841
7.4619
7.88926
7.857
8.33632
8.32712
8.33008
8.03573
7.55964
9.00398
7.64899
7.60317
8.64597
7.86208
7.2921
8.93684
7.39616
7.40518
7.6559
8.91753
6.93639
7.24585
8.33668
8.20609
7.7972
9.41695
6.78128
7.42634
7.43716
6.95072
8.9606
6.83235
7.95967
8.62826
7.53416
8.31219
7.68572
8.36909
8.05925
7.76244
8.18584
7.69234
7.52151
8.0929
7.92023
8.6106
7.71002
7.93761
7.68254
8.86357
7.39823
6.7423
9.01697
7.25783
8.80415
7.40362
8.67882
7.51664
7.84387
7.99675
9.90971
6.90564
8.60234
7.5182
7.06578
8.37702
7.53067
9.39264
7.34537
8.03556
8.65735
6.82608
9.08834
6.84712
8.40902
7.67336
7.96677
9.01806
7.49868
8.18761
7.7306
6.5088
8.91124
7.14962
8.04571
8.77841
7.47641
7.89169
7.84835
7.83446
7.40728
9.5612
7.08914
7.45904
8.10495
8.20646
7.56601
7.74759
7.84251
8.29016
7.50532
8.55564
7.87393
8.01639
8.3268
7.81533
7.81597
6.74955
8.19827
8.77674
7.97145
8.0975
8.48491
8.04032
8.46093
7.09958
7.96167
8.5636
7.53789
8.37453
8.15733
8.1259
8.42269
8.25304
7.47531
8.88405
6.37731
8.22418
8.38181
8.5294
7.96744
8.4363
8.25407
8.00911
8.68223
8.62579
7.52273
9.02031
7.28838
9.10374
7.17286
8.81448
8.25212
7.13283
7.86689
7.12165
8.84248
8.91972
7.1034
8.42375
7.6896
8.22655
7.55078
8.14426
8.07181
8.88131
7.12159
8.24227
8.0345
7.34156
8.79931
7.19419
8.03134
8.61224
7.60487
8.73154
7.43127
7.92134
8.11049
8.09229
7.70732
8.68887
7.82662
8.08824
8.21485
8.02184
8.34627
7.60388
6.56192
8.04773
8.25117
7.82024
8.17154
8.60169
7.98738
7.9324
8.9386
6.87004
9.9759
7.11429
7.83247
8.37285
8.12855
7.86761
8.36136
7.90208
8.36141
8.57513
7.76404
7.78269
8.67704
8.04038
8.16122
8.14052
7.87611
8.61477
6.92276
6.84446
8.61424
8.3536
8.549
8.41032
7.57623
7.59355
8.6535
8.81472
8.08526
8.43581
6.84292
8.48997
7.83375
8.32499
8.29434
8.49927
7.26733
9.20031
7.69817
9.79992
7.05741
9.24176
7.32735
8.47225
8.28278
6.97072
8.28043
8.62244
7.69476
7.04349
8.00284
7.79962
7.60585
9.48491
7.54523
7.58283
8.60235
8.35467
6.83364
8.03954
8.24058
8.28362
8.58057
8.06895
8.16183
8.80142
8.68916
7.76864
8.51434
9.06642
7.13078
8.20969
7.78024
7.56756
8.43234
7.8269
7.73456
8.60217
7.5142
8.73839
8.00447
7.89512
8.86962
7.17208
8.08358
8.39485
7.79715
8.17784
8.12826
9.92554
7.54524
9.39535
7.37538
9.26781
8.42014
7.68181
8.34039
8.32061
7.33885
7.61537
8.23294
7.72199
7.62461
7.71085
9.03215
7.29462
8.88034
7.8229
8.0629
8.63816
7.55941
9.32746
7.93054
7.72536
7.77005
9.58119
7.99325
7.81788
7.68813
8.70433
6.36805
8.11348
8.50687
8.87122
8.62393
6.67539
8.89992
6.9928
9.41126
7.17502
8.36214
8.62444
7.65914
9.01677
7.52491
8.5552
9.28443
7.43233
9.28826
8.86791
8.30797
8.96697
7.67568
9.13326
7.70009
8.40394
8.36338
7.44343
8.49852
8.06386
9.29675
7.77314
8.41148
8.71113
7.75501
7.19757
8.05933
9.05724
6.94564
9.33281
11.56151
9.34316
9.30292
7.42926
8.59954
8.26761
7.91126
8.48073
7.84581
9.32765
7.35082
8.31766
8.63715
7.13843
8.89396
7.95985
8.8492
7.95221
7.90661
7.57852
8.16365
9.62765
7.47265
9.4066
8.62295
7.95873
8.4664
8.67689
8.55423
8.411
8.4901
8.17004
7.59358
7.88894
8.61913
8.08622
9.44468
7.07633
7.88759
8.16213
7.45208
8.94762
7.73781
8.44546
9.00229
7.71364
8.3074
9.25313
7.85159
8.87322
7.43779
9.55541
7.35839
8.92931
8.1987
8.77686
7.77739
8.26207
8.76813
8.14952
8.78823
8.34169
7.79082
9.25772
7.12445
9.28826
8.01012
6.93373
9.31556
7.57134
8.18371
7.61142
9.25924
7.21857
9.70304
6.88722
8.88942
8.53167
8.61694
8.03569
8.60859
8.0867
9.3884
8.03224
8.51141
7.07329
7.67485
8.46363
8.79646
7.71528
8.95197
8.10086
7.52994
8.11743
8.54453
8.14539
8.47256
8.46936
8.66487
7.05734
9.01456
7.63664
8.01821
8.51953
7.76879
8.38205
8.71781
7.63943
6.75917
8.78103
7.92128
