10.26754
7.60547
7.08778
9.0128
8.43663
9.98961
7.74123
8.996
7.94381
8.85608
8.73733
8.1426
5.472
6.41547
7.01181
7.58619
7.77694
6.84345
7.81504
6.98188
7.38765
7.24184
8.53187
9.16458
7.8635
6.95776
7.81733
7.51493
7.78768
7.09415
7.58043
7.97722
6.87986
7.56287
8.31782
8.63289
6.74353
6.80359
7.36887
6.2763
6.09888
7.09533
6.70986
8.58585
7.51714
7.61682
8.64661
8.52339
8.36114
6.32037
7.2058
8.01469
8.38163
7.87544
8.15449
7.60618
7.53159
8.01328
9.05505
8.53862
9.44694
8.75143
8.80851
7.88097
9.04413
9.69191
8.75185
8.62016
7.83759
8.47195
7.86395
7.97017
11.27123
8.52978
8.66745
9.12443
9.18513
8.72676
8.22489
8.92215
9.19844
10.13345
9.02245
10.08001
7.78059
8.29088
7.73431
9.37051
10.66986
8.58274
10.33946
9.06828
7.88094
7.90452
9.63768
8.56087
11.77888
8.23151
9.06929
8.68247
10.4999
8.41901
8.59938
7.51432
8.33843
8.17308
7.72902
9.36619
8.94595
10.16919
8.97786
10.24448
9.06575
9.78256
9.80234
10.25167
9.40999
10.06643
10.84152
8.52262
9.6139
9.27261
11.05151
9.65261
9.52139
10.83906
12.56463
8.29518
8.43669
9.14376
11.44018
9.0057
9.20857
8.28304
8.2807
10.77939
7.99255
8.5786
9.04479
9.64796
11.06079
8.74751
8.84361
10.21164
7.80134
8.22661
8.82513
11.14481
11.28134
10.58326
9.71518
8.52211
8.33983
8.09193
8.57213
9.43617
9.08367
9.83142
14.44597
11.63025
11.12487
11.80611
9.32157
11.66543
8.28588
8.0041
8.2625
7.59219
9.26807
8.64895
7.24521
12.41946
9.09995
8.91029
7.6229
7.92176
8.59729
8.76521
9.19077
9.23856
7.96459
9.06827
10.01016
10.29007
12.41582
10.98378
9.93128
9.78736
8.62478
11.00885
8.56297
12.32749
12.96342
14.51922
8.8349
10.03236
9.77229
9.88288
8.37748
7.89149
9.89788
7.99921
7.8112
9.61772
8.98454
11.08096
10.04442
10.86525
8.523
11.17263
12.68153
9.76201
10.10088
9.02916
8.72056
8.71402
9.348
8.49588
10.79255
8.18212
8.92924
12.38873
10.84116
10.66021
10.50405
8.76209
11.32073
11.27241
9.90431
11.044
9.22048
14.76685
8.53396
10.08063
9.22742
10.32819
15.27534
13.33423
12.38343
9.62516
9.16564
8.77142
12.30328
8.42904
8.15987
8.51332
10.53957
10.83626
10.4358
11.68403
11.56575
10.05683
14.10703
7.8354
8.67971
8.6558
10.52488
9.78105
9.45909
13.09702
10.87015
11.6216
13.2749
11.92549
9.80621
11.07345
10.11313
17.23592
9.00422
10.24964
10.0956
10.65551
15.16059
9.82714
11.82108
8.61589
8.74106
10.61933
12.15757
9.15129
11.20883
13.74458
8.75878
10.21996
11.96541
7.73242
10.14562
12.29099
13.55149
11.10365
8.33659
7.99113
12.06929
10.71361
9.88479
10.51033
11.82176
10.86109
10.63124
8.88038
8.90203
10.22514
7.90116
14.33139
11.19057
9.52637
8.28261
9.09914
10.88717
12.26735
12.98003
9.11099
9.68867
10.45781
12.00438
9.82779
13.06789
10.40365
14.50762
9.91457
11.44709
10.96568
10.88881
11.172
11.52895
11.98041
10.88542
10.99042
9.14437
10.11787
13.81769
11.20763
12.08244
12.40738
16.44723
9.11683
14.04803
9.54881
10.49558
13.06324
11.72252
8.7357
16.89563
15.23067
10.0547
10.81048
9.17128
9.49874
14.25241
12.51667
10.70206
9.75852
10.24035
9.73394
9.02026
12.56823
14.67595
14.6561
10.82972
9.70456
9.71562
12.58432
9.7593
12.3554
11.36275
12.90071
11.71689
12.29494
11.90157
10.92192
9.62257
9.17891
8.80298
10.37392
11.84605
10.83543
10.34533
8.96947
14.83789
12.29297
9.40955
9.66686
8.79882
11.7365
12.63106
11.06597
10.88576
10.05829
19.15062
15.2179
12.27469
10.64335
14.78329
10.33353
8.71314
8.86604
12.76683
8.68181
9.18472
9.6916
10.65563
15.64612
12.34078
9.69522
15.71632
10.24088
9.1897
9.53212
8.88192
10.75667
12.44747
19.71159
11.20378
10.68621
10.04407
9.65319
15.09908
15.25603
11.8274
17.82216
14.89818
12.68136
15.0938
14.04437
17.20365
15.46428
9.03519
13.75218
10.77152
8.77165
13.57052
12.90533
15.00389
12.19618
13.93742
8.87482
20.91504
12.00182
14.36689
16.36714
16.68814
12.49936
9.52826
13.09954
13.16188
16.0963
12.3491
16.26693
10.52889
10.95805
14.83801
10.80996
20.50246
12.40469
9.05593
9.73828
10.12878
8.59467
9.55387
9.88461
8.54799
9.8721
9.58616
8.58949
14.41462
11.1032
11.21927
9.47357
12.92996
8.9584
15.16665
9.62164
17.42158
8.54443
14.71473
15.93313
12.87907
9.98051
14.2813
9.83929
9.6949
9.84346
18.55034
10.40609
10.82313
12.89932
10.87833
14.72343
15.66542
21.09753
11.88571
16.04229
10.70043
10.78419
16.64036
13.39054
11.57624
16.1533
15.11568
8.5685
17.52213
25.15098
12.32035
31.58399
49.73248
49.52844
48.96584
48.34236
40.23596
13.84661
13.0068
11.03377
19.02588
8.9953
10.25266
8.81389
9.54878
9.16959
8.94792
10.81199
11.86764
18.61155
21.86677
14.19086
11.38395
12.04935
10.63362
10.45833
10.69156
9.814
10.75956
8.88763
10.08745
12.07471
9.76102
16.40594
13.40964
18.94472
15.55235
15.86823
21.43049
13.32498
13.51229
10.65087
25.79317
18.68302
13.42744
15.33329
11.57368
16.86262
19.51046
14.4728
12.42347
21.50062
15.95497
15.15934
12.89188
7.6243
8.94193
8.54087
10.48049
12.09667
9.91086
10.69581
9.43565
9.70094
8.41772
18.20931
8.5865
8.27556
9.57425
14.30339
10.57866
10.61769
16.51449
10.02062
10.80618
12.3549
19.39508
16.39135
17.67468
9.63458
10.32799
9.55765
10.57933
9.31616
13.98878
14.26794
16.76356
11.69439
25.30766
11.04761
17.3827
10.26063
12.53146
15.99386
11.97448
13.14786
9.90028
11.05972
18.1682
16.98925
18.36402
10.73232
12.6395
9.02334
10.66604
10.3628
13.68155
9.65749
10.24836
17.37872
17.20638
18.71593
16.80573
21.41713
12.60041
10.30176
13.40598
12.816
10.11977
11.03315
19.79449
11.34521
14.86749
22.21018
14.40293
15.86606
14.54931
16.27739
18.92458
16.96134
11.88475
12.15589
14.48854
14.52069
12.20333
9.2332
10.79277
12.68444
19.94837
19.11643
11.1352
16.38654
13.58975
20.511
17.62813
10.3126
8.82751
9.62764
12.62571
14.73035
14.23913
9.92009
22.30137
17.0437
13.31678
12.64431
22.7662
17.70129
9.8358
11.14535
11.871
15.42484
10.38283
9.80763
12.69723
8.8837
13.18914
11.80997
12.53185
10.63749
21.33323
17.18988
11.94895
11.51818
21.04249
14.02437
22.65343
12.08192
12.15598
10.72489
19.40345
23.05698
9.74637
11.032
17.81084
18.55383
11.36925
15.53789
11.37484
19.41813
11.87796
10.5871
11.87106
12.14268
11.0297
15.28433
14.58242
12.51694
15.74025
9.86221
10.02862
11.15746
9.84501
11.7245
9.91458
10.1138
21.60572
13.65461
10.2005
12.27584
13.8943
13.6002
11.17619
10.249
9.32052
9.73721
9.49171
11.62937
13.43983
26.94642
17.73233
15.65722
18.0701
10.99024
10.23064
13.6256
13.04681
15.67532
12.39828
13.82994
9.24848
11.35587
28.67176
14.0734
26.55795
12.97776
17.68899
18.23087
12.75215
11.86028
10.5648
12.01506
11.23039
10.08453
16.10481
13.18752
14.68835
18.53615
16.24045
13.91577
15.38067
19.01901
12.25137
10.49259
9.47726
22.6291
8.89213
18.19378
13.78327
12.62757
11.85167
13.66612
11.39543
9.46218
14.49256
23.4232
12.03437
15.33194
17.3878
14.65123
11.7455
12.15709
11.63742
9.92761
14.57927
12.65757
11.0525
14.79709
14.6242
13.51409
20.12251
16.41452
12.4832
12.01194
20.39405
12.53465
17.93108
19.90972
12.07131
9.5929
8.9183
9.34475
10.58179
18.31884
11.96629
10.55269
9.67807
10.73751
11.51763
10.70644
15.94242
9.98074
9.71509
11.8859
11.4163
11.19206
9.24717
15.66518
11.90931
16.64691
16.42526
17.96723
16.54357
14.38217
12.73267
11.4272
12.77996
13.44413
24.14301
17.72153
17.60854
12.84773
22.70508
15.91149
12.60637
20.54554
29.31274
10.37448
10.54152
9.9715
10.64131
9.89604
10.02118
10.48877
9.85045
8.94753
9.37134
10.40012
20.0153
10.79286
10.47446
9.72732
10.73353
14.29001
12.37067
10.56858
19.34486
22.37507
15.41641
9.26802
15.69397
9.55386
9.65383
11.03058
11.79031
11.74964
11.71759
10.29424
9.51198
10.95638
10.53949
12.72971
11.97671
15.34619
10.4259
14.54764
16.33702
13.68531
12.4861
16.12119
22.76739
21.3713
11.35312
9.73009
14.33407
16.65928
16.34358
11.77508
10.52957
12.60259
21.39993
15.1447
15.17286
30.54517
16.4879
15.02552
10.67953
19.35061
25.97664
14.31291
17.27696
31.48056
24.13058
13.71959
8.81164
10.31899
16.27919
12.82015
11.55298
10.222
15.00272
8.52298
19.6824
13.53795
8.87802
14.628
9.45757
8.90783
9.59926
12.08214
20.23272
17.44273
14.54885
23.09817
22.28309
12.08389
13.26062
22.56691
15.65291
9.89973
17.11817
10.84217
11.24468
10.03497
13.4006
10.68567
12.20452
13.91179
20.40207
13.99688
10.32056
12.30356
17.89836
17.64648
14.19682
21.25084
17.36914
18.79129
14.49224
17.96509
11.22846
10.95366
11.98492
10.72536
20.00742
16.89141
17.67456
20.14564
25.94826
22.31911
16.17334
21.12963
10.05702
14.16687
15.96322
30.32414
13.9989
13.95357
24.03884
13.09922
22.60905
10.17782
15.53272
16.41563
12.48391
26.89974
15.70571
10.35551
30.61177
8.64758
10.06972
10.85397
12.36437
11.62584
15.52392
22.79299
15.15298
12.78334
13.05932
11.03673
9.97795
20.52517
13.72548
33.38663
15.64787
23.91534
11.64299
12.10787
8.92649
9.77036
10.95522
16.64114
17.35453
14.05044
10.47616
9.05241
9.1111
9.43331
