0.04588
0.01405
0.05444
0.02588
0.01112
0.01758
0.02405
0.01981
0.01911
0.03367
0.02744
0.03377
0.05676
0.03043
0.0341
0.02585
0.03778
0.04049
0.03329
0.03934
0.02673
0.03799
0.03027
0.03516
0.02681
0.02429
0.029
0.02215
0.03167
0.02377
0.02954
0.03122
0.02567
0.03036
0.03614
0.04223
0.02994
0.03158
0.03612
0.05418
0.0328
0.03384
0.01579
0.03413
0.02498
0.02354
0.04756
0.02502
0.03768
0.02764
0.02623
0.02253
0.02937
0.02331
0.02107
0.02603
0.01653
0.01917
0.01878
0.01783
0.02433
0.02098
0.02368
0.01625
0.0176
0.02019
0.01293
0.02117
0.01641
0.01785
0.01393
0.01311
0.02039
0.01456
0.01674
0.01297
0.01471
0.01664
0.01476
0.01254
0.01352
0.018
0.01247
0.02257
0.01365
0.01688
0.01668
0.01865
0.02208
0.01417
0.0243
0.02071
0.01332
0.01524
0.01954
0.0125
0.02741
0.01216
0.01179
0.01554
0.02155
0.01525
0.01809
0.01525
0.01508
0.013
0.01338
0.01348
0.01086
0.01598
0.01252
0.01454
0.01034
0.01397
0.01132
0.00973
0.01053
0.00988
0.01501
0.01149
0.01092
0.0095
0.01448
0.01296
0.01192
0.01237
0.01734
0.0131
0.01346
0.01057
0.02009
0.0121
0.01511
0.01194
0.01263
0.01408
0.0107
0.0125
0.013
0.01504
0.01535
0.01273
0.01228
0.01411
0.01134
0.01358
0.01211
0.0146
0.01424
0.01643
0.01565
0.01135
0.01245
0.01221
0.01218
0.01276
0.00959
0.00895
0.01347
0.0144
0.0125
0.01881
0.01441
0.02166
0.01429
0.01428
0.0119
0.01204
0.01387
0.01419
0.01098
0.02359
0.01751
0.01669
0.01348
0.01113
0.0153
0.01535
0.01376
0.01294
0.01144
0.01212
0.01097
0.0105
0.01107
0.01203
0.01086
0.01127
0.00856
0.01193
0.00934
0.02218
0.02017
0.01975
0.01437
0.01781
0.01573
0.01986
0.01441
0.01421
0.0213
0.01417
0.01502
0.0154
0.01276
0.01698
0.01397
0.01216
0.0125
0.01996
0.01713
0.01917
0.01673
0.01347
0.01415
0.01467
0.01048
0.01109
0.01227
0.01008
0.01207
0.0161
0.01642
0.01234
0.01445
0.01056
0.01122
0.01156
0.0117
0.0124
0.01028
0.0152
0.01218
0.01074
0.01197
0.01262
0.01434
0.01551
0.01789
0.01341
0.01051
0.01556
0.01385
0.01369
0.01117
0.01021
0.01485
0.01418
0.01268
0.01118
0.01168
0.01197
0.01375
0.01102
0.01092
0.01058
0.01168
0.01172
0.00931
0.01663
0.01569
0.01153
0.01222
0.01316
0.01038
0.00969
0.00937
0.01338
0.01095
0.01739
0.01403
0.01203
0.01803
0.0162
0.01444
0.01169
0.01033
0.01573
0.01569
0.01258
0.01769
0.01542
0.01305
0.01465
0.01547
0.01171
0.01349
0.01234
0.01471
0.01622
0.01183
0.00923
0.01181
0.01215
0.01256
0.01104
0.0182
0.01039
0.01687
0.01233
0.01196
0.01237
0.0102
0.01467
0.013
0.0128
0.01145
0.01133
0.01256
0.0114
0.01112
0.00937
0.00957
0.01183
0.01136
0.00937
0.01152
0.01037
0.0118
0.00933
0.01406
0.01165
0.00861
0.01574
0.01095
0.0113
0.01143
0.01216
0.00876
0.01
0.0093
0.00741
0.0111
0.01233
0.01352
0.00722
0.01113
0.01072
0.00892
0.01466
0.01349
0.00919
0.01149
0.01225
0.00827
0.01121
0.00756
0.01041
0.01128
0.01846
0.01313
0.012
0.00908
0.00783
0.00893
0.00921
0.00945
0.01309
0.00962
0.00888
0.01129
0.0109
0.00767
0.01763
0.01369
0.01094
0.00974
0.00932
0.00994
0.00689
0.0075
0.00645
0.00652
0.00896
0.01169
0.00885
0.00908
0.00783
0.0189
0.01039
0.01001
0.01059
0.00786
0.00768
0.01221
0.00716
0.00743
0.0081
0.01083
0.01359
0.00972
0.00761
0.00886
0.00701
0.00758
0.00703
0.00938
0.00704
0.00814
0.00693
0.00924
0.01065
0.00912
0.00631
0.01544
0.00832
0.0078
0.00711
0.00611
0.00982
0.0075
0.00965
0.00633
0.00828
0.00789
0.00575
0.00709
0.00779
0.00712
0.00879
0.01038
0.00618
0.00732
0.00604
0.01031
0.00778
0.0057
0.00571
0.00872
0.00568
0.00742
0.00565
0.00952
0.00696
0.00836
0.00576
0.01616
0.01341
0.01453
0.00783
0.01157
0.01005
0.00649
0.00757
0.00648
0.01008
0.00976
0.00816
0.00782
0.00901
0.00856
0.0132
0.01841
0.01421
0.01084
0.01053
0.00948
0.00798
0.00883
0.00953
0.00732
0.00824
0.00836
0.00701
0.00874
0.00923
0.00789
0.00573
0.00912
0.00484
0.01221
0.00747
0.01057
0.00754
0.00812
0.00693
0.00855
0.00567
0.00502
0.00806
0.00551
0.0047
0.0103
0.00609
0.0051
0.00671
0.00544
0.0064
0.00657
0.0078
0.00524
0.00716
0.00663
0.00547
0.01204
0.0075
0.00732
0.01028
0.01151
0.00485
0.0117
0.00971
0.01126
0.00827
0.0
0.0
0.0
0.0
0.00337
0.00794
0.00779
0.00728
0.01052
0.00665
0.00636
0.00555
0.00547
0.0042
0.00441
0.00552
0.00404
0.01388
0.01201
0.01294
0.00803
0.0066
0.0062
0.00824
0.0071
0.00696
0.00598
0.00494
0.00721
0.00513
0.00355
0.01236
0.0068
0.00888
0.00634
0.00947
0.00336
0.00612
0.00543
0.00759
0.00822
0.00942
0.00758
0.00723
0.00968
0.0054
0.01798
0.00719
0.01238
0.01046
0.00779
0.00813
0.00819
0.00614
0.00624
0.00531
0.00778
0.00648
0.00643
0.00687
0.0059
0.00588
0.0043
0.01499
0.00742
0.00535
0.00547
0.00622
0.00641
0.00795
0.00726
0.00519
0.00517
0.00942
0.00906
0.00658
0.00446
0.00685
0.0064
0.00371
0.00517
0.00428
0.00721
0.00567
0.00603
0.00307
0.00445
0.00536
0.00382
0.00366
0.0064
0.00398
0.00378
0.01835
0.00526
0.00631
0.00816
0.00938
0.00357
0.00627
0.00563
0.00516
0.00467
0.00543
0.00449
0.00398
0.00412
0.0064
0.00673
0.00566
0.00571
0.00596
0.00514
0.00337
0.01103
0.00445
0.00443
0.00403
0.00919
0.00498
0.00435
0.00528
0.00273
0.00383
0.00283
0.00447
0.00776
0.00291
0.00404
0.00447
0.00339
0.01207
0.00738
0.00599
0.00645
0.00749
0.00804
0.00795
0.00511
0.00583
0.00528
0.00924
0.0048
0.00449
0.00396
0.00375
0.00445
0.00517
0.00315
0.00356
0.01425
0.00659
0.00607
0.00643
0.00732
0.00419
0.00513
0.00362
0.00509
0.00521
0.0029
0.00298
0.00358
0.00292
0.00319
0.0042
0.00284
0.00292
0.00624
0.00899
0.0045
0.00474
0.00242
0.00489
0.00559
0.00359
0.0049
0.00452
0.00607
0.00815
0.00541
0.00454
0.005
0.00493
0.00556
0.01206
0.00631
0.00504
0.00728
0.00525
0.00508
0.01212
0.00613
0.00824
0.00503
0.00507
0.00345
0.0048
0.00494
0.00347
0.00363
0.00416
0.00358
0.00291
0.00991
0.00463
0.00438
0.00655
0.00384
0.00339
0.00306
0.00255
0.00252
0.00172
0.00209
0.00236
0.00234
0.0099
0.00326
0.00368
0.0056
0.00387
0.00413
0.00535
0.00336
0.00445
0.00315
0.00584
0.00258
0.00294
0.004
0.00397
0.0042
0.00258
0.00408
0.00328
0.00256
0.00297
0.00238
0.00232
0.00224
0.00197
0.00206
0.00213
0.00198
0.00618
0.00335
0.00759
0.007
0.00517
0.00597
0.00543
0.00361
0.00665
0.00404
0.00459
0.00391
0.00395
0.00504
0.00311
0.00337
0.00346
0.00582
0.00815
0.00375
0.00429
0.00448
0.0042
0.00293
0.00319
0.00317
0.00242
0.00247
0.00287
0.00289
0.0051
0.00327
0.00302
0.0065
0.00518
0.00358
0.00317
0.00352
0.00323
0.0109
0.0071
0.00633
0.00509
0.0043
0.00492
0.01039
0.00707
0.0063
0.00535
0.00452
0.00749
0.00528
0.00523
0.00517
0.00316
0.00418
0.00316
0.00376
0.00412
0.00262
0.0058
0.00351
0.00385
0.00366
0.00467
0.00283
0.0063
0.00345
0.00329
0.00305
0.00515
0.0043
0.00501
0.00375
0.00404
0.01058
0.00376
0.00475
0.00557
0.01419
0.00653
0.00749
0.00496
0.00303
0.00541
0.00289
0.00406
0.00354
0.00295
0.00332
0.00455
0.00263
0.00265
0.0037
0.00283
0.00249
0.00376
0.00178
0.00266
0.01077
0.01211
0.00346
0.00409
0.01046
0.00425
0.00473
0.00515
0.00386
0.00323
0.00336
0.00338
0.00263
0.0028
0.00326
0.00305
0.00409
0.00288
0.00237
0.00195
0.00437
0.00341
0.0021
0.00241
0.00905
0.00718
0.00516
0.00274
0.00244
0.00464
0.00339
0.00299
0.00319
0.00402
0.00242
0.00287
0.00508
0.004
0.0029
0.00251
0.00215
0.00491
0.00246
0.01354
0.00694
0.00669
0.00804
0.00583
0.00516
0.00497
0.00471
0.00404
0.00434
0.00278
0.00987
0.00316
0.00576
0.00281
0.00272
0.00389
0.00276
0.00234
0.0024
0.00224
0.00329
0.00205
0.00323
0.00594
0.00245
0.00335
0.00356
0.00859
0.0037
0.00423
0.00555
0.0033
0.00366
0.00276
0.0034
0.00232
0.00244
0.00228
0.00184
0.00316
0.00185
0.00179
0.00447
0.00319
0.00187
0.00249
0.00227
0.00733
0.00374
0.00286
0.00224
0.00304
0.00218
0.00193
0.00196
0.00281
0.00138
0.005
0.00363
0.00368
0.00158
0.00263
0.00179
0.00248
0.00264
0.0063
0.00301
0.0027
0.00422
0.00254
0.01316
0.00373
0.00546
0.00456
0.0061
0.00263
0.00243
0.00287
0.0066
0.00315
0.00252
0.00297
0.00333
0.00286
0.00909
0.00805
0.00588
0.00438
0.0041
0.00379
0.00349
0.00844
0.00829
0.00508
0.00953
0.00619
0.00561
0.00456
0.00334
0.00301
0.00451
0.00384
0.00493
0.00386
0.00335
0.0031
0.00198
0.00206
