0.12142
0.04156
0.19694
0.08475
0.02948
0.05523
0.07794
0.06195
0.04899
0.14335
0.08663
0.11479
0.29788
0.08019
0.10806
0.06561
0.1192
0.1389
0.1191
0.10598
0.07705
0.13953
0.08768
0.11357
0.08068
0.06958
0.08816
0.05716
0.0957
0.06371
0.09002
0.08618
0.06299
0.08922
0.12447
0.14483
0.07672
0.08654
0.15299
0.15585
0.08515
0.09957
0.0388
0.1161
0.06834
0.06324
0.17492
0.0706
0.14864
0.06923
0.07148
0.06224
0.09679
0.06699
0.05843
0.07365
0.0399
0.04978
0.05171
0.0479
0.07728
0.06247
0.06938
0.04229
0.04941
0.05938
0.03747
0.06806
0.04337
0.04739
0.03429
0.03315
0.08698
0.03629
0.05047
0.03545
0.04349
0.04686
0.03903
0.03453
0.03576
0.0643
0.03351
0.07883
0.03344
0.0444
0.04478
0.0571
0.07125
0.03781
0.09079
0.05807
0.03577
0.04036
0.05799
0.03329
0.11928
0.03088
0.02996
0.04518
0.09262
0.03907
0.05302
0.03889
0.04192
0.03568
0.03674
0.038
0.02843
0.05395
0.03472
0.04489
0.02813
0.04244
0.03087
0.0276
0.02826
0.02868
0.06343
0.03026
0.03076
0.02648
0.06295
0.03851
0.03265
0.03749
0.06854
0.03518
0.03692
0.02859
0.08316
0.03516
0.04602
0.03316
0.03388
0.04509
0.03024
0.03554
0.03896
0.05217
0.05036
0.03794
0.03939
0.04262
0.02959
0.03705
0.03328
0.04587
0.04888
0.05737
0.0462
0.03114
0.03431
0.03324
0.03327
0.03636
0.02432
0.02535
0.04388
0.05081
0.03674
0.0692
0.04547
0.08222
0.03953
0.0388
0.03242
0.03166
0.04555
0.0427
0.02726
0.12129
0.05608
0.04812
0.03576
0.02918
0.04257
0.05277
0.04067
0.03693
0.02906
0.03243
0.03098
0.03038
0.03345
0.03377
0.03103
0.03171
0.02274
0.03462
0.02547
0.11441
0.06923
0.09371
0.04035
0.0563
0.04653
0.06825
0.04131
0.03724
0.07063
0.03938
0.04061
0.04476
0.03673
0.05609
0.04004
0.0324
0.03602
0.09011
0.05427
0.07225
0.05512
0.0379
0.04252
0.04206
0.02924
0.02972
0.04064
0.02719
0.0333
0.05427
0.05738
0.038
0.04401
0.02899
0.03147
0.03791
0.03473
0.03752
0.02884
0.05214
0.0341
0.03114
0.03239
0.04061
0.05237
0.05498
0.06164
0.03793
0.02792
0.05357
0.0447
0.03722
0.03087
0.02594
0.04936
0.04618
0.0389
0.0341
0.03902
0.03313
0.04578
0.02874
0.03077
0.02818
0.03308
0.03702
0.0248
0.07374
0.0477
0.03553
0.03783
0.04104
0.02901
0.02618
0.02605
0.05167
0.02976
0.07675
0.03812
0.03853
0.07397
0.04829
0.04379
0.03272
0.02889
0.06589
0.0529
0.03187
0.06837
0.0502
0.04033
0.04933
0.04963
0.03238
0.04323
0.03802
0.05124
0.05472
0.03294
0.02216
0.04225
0.03656
0.04043
0.03124
0.07158
0.03195
0.07275
0.0376
0.03277
0.03741
0.0265
0.05969
0.04168
0.03947
0.02919
0.0321
0.04
0.03909
0.03458
0.02587
0.02813
0.0393
0.03261
0.02516
0.03925
0.0302
0.04103
0.03166
0.04554
0.03674
0.02506
0.06975
0.03364
0.03377
0.03463
0.03792
0.02367
0.03062
0.02719
0.02102
0.03739
0.04365
0.04496
0.01785
0.03868
0.03042
0.02693
0.05573
0.04398
0.02387
0.03949
0.03863
0.02294
0.03473
0.02139
0.03022
0.04078
0.0844
0.04363
0.03576
0.02625
0.02159
0.02476
0.02814
0.03013
0.05329
0.02664
0.02422
0.033
0.03498
0.02159
0.12158
0.04477
0.03385
0.03108
0.02922
0.02866
0.01873
0.0208
0.01723
0.01767
0.02853
0.05837
0.02548
0.02498
0.02063
0.08823
0.03161
0.02991
0.03144
0.02143
0.0228
0.05761
0.01978
0.0201
0.02732
0.03711
0.06725
0.02692
0.02092
0.03029
0.01906
0.02008
0.01851
0.0348
0.01826
0.02469
0.01947
0.03145
0.0414
0.0284
0.01599
0.06756
0.02317
0.02127
0.01987
0.01527
0.03517
0.02279
0.03616
0.01763
0.02574
0.02317
0.01473
0.02245
0.02792
0.02056
0.03469
0.03951
0.01719
0.02004
0.01938
0.04417
0.02757
0.01546
0.01545
0.02708
0.01462
0.02333
0.01481
0.0367
0.02485
0.0267
0.01484
0.09224
0.05762
0.05951
0.02378
0.04245
0.02842
0.01819
0.02416
0.01883
0.03666
0.0338
0.02336
0.02177
0.03431
0.02608
0.07352
0.09767
0.04395
0.02931
0.0339
0.02851
0.02119
0.02522
0.02581
0.01883
0.02344
0.02168
0.01784
0.02789
0.02873
0.02213
0.01622
0.03122
0.01304
0.05529
0.01976
0.04472
0.01938
0.02964
0.02155
0.0274
0.01554
0.01609
0.02389
0.01401
0.0119
0.04134
0.01602
0.01339
0.02432
0.01638
0.02016
0.02372
0.03132
0.01424
0.02194
0.01769
0.01536
0.05663
0.02306
0.0234
0.04489
0.04724
0.01078
0.0558
0.05779
0.08016
0.02871
0.0
0.0
0.0
0.0
0.0153
0.02414
0.0244
0.02064
0.05195
0.01761
0.02007
0.0151
0.01521
0.01043
0.01102
0.01477
0.01095
0.07475
0.04923
0.06858
0.02329
0.01754
0.01747
0.0242
0.01922
0.01978
0.01619
0.01165
0.02436
0.01293
0.0086
0.06376
0.02051
0.03553
0.02048
0.03704
0.01098
0.01633
0.01789
0.02501
0.03779
0.04233
0.02624
0.02383
0.03241
0.01556
0.1268
0.01811
0.06518
0.06252
0.02488
0.02718
0.0224
0.01605
0.0171
0.01386
0.0246
0.01686
0.0173
0.02274
0.01644
0.0157
0.01041
0.09228
0.0202
0.01351
0.01535
0.01699
0.01723
0.03092
0.02844
0.01468
0.01476
0.04282
0.03278
0.02446
0.01316
0.01978
0.01822
0.00944
0.01533
0.01253
0.02348
0.0185
0.01677
0.01065
0.0141
0.01686
0.01061
0.00972
0.0224
0.01097
0.00997
0.17902
0.01443
0.01663
0.03697
0.03539
0.01185
0.0163
0.01722
0.0129
0.01218
0.01425
0.01412
0.01048
0.01072
0.02606
0.02942
0.01776
0.01673
0.02362
0.01409
0.00859
0.04918
0.01193
0.01302
0.00997
0.04401
0.01442
0.01407
0.01488
0.00767
0.01186
0.00671
0.01493
0.02724
0.00844
0.01117
0.01235
0.00944
0.08043
0.02018
0.01606
0.01884
0.02395
0.02971
0.03614
0.01302
0.01735
0.01615
0.03824
0.0137
0.0129
0.00968
0.01057
0.01374
0.01417
0.0106
0.0089
0.09339
0.02123
0.01965
0.01942
0.0286
0.01121
0.01354
0.00969
0.01608
0.01831
0.00726
0.00789
0.00978
0.00713
0.00919
0.01356
0.0074
0.00781
0.0264
0.03741
0.0125
0.01417
0.00602
0.01768
0.0197
0.00862
0.01495
0.01531
0.02474
0.03254
0.01346
0.01315
0.01669
0.01655
0.01525
0.06259
0.01675
0.01488
0.02239
0.01405
0.01362
0.06303
0.01923
0.02992
0.01416
0.01678
0.00807
0.01263
0.01327
0.00956
0.00934
0.0116
0.00994
0.00784
0.04961
0.01273
0.0129
0.02981
0.01068
0.01014
0.00769
0.0061
0.00603
0.00394
0.00452
0.00619
0.00771
0.05624
0.01012
0.01176
0.02001
0.00921
0.00995
0.01528
0.00901
0.01511
0.00726
0.02135
0.00558
0.00823
0.01612
0.01193
0.02574
0.00743
0.01405
0.01202
0.00686
0.00876
0.00591
0.00646
0.00616
0.00507
0.0065
0.00576
0.00684
0.02692
0.01292
0.06737
0.0216
0.01959
0.02212
0.01605
0.00837
0.0225
0.01001
0.01371
0.01488
0.01033
0.01674
0.00832
0.00946
0.00835
0.02393
0.03857
0.00927
0.01217
0.01513
0.01158
0.00763
0.00854
0.00855
0.0057
0.00743
0.00762
0.00786
0.02016
0.00801
0.00764
0.02675
0.01679
0.01017
0.00826
0.01206
0.00812
0.09981
0.02421
0.01712
0.01331
0.01088
0.01331
0.06606
0.02303
0.02222
0.01452
0.01153
0.02792
0.0143
0.01821
0.01705
0.00835
0.01086
0.00818
0.0104
0.01201
0.00655
0.02261
0.00845
0.01158
0.01074
0.01527
0.00741
0.02986
0.00863
0.00837
0.00893
0.02131
0.01321
0.01681
0.01192
0.01174
0.04872
0.01095
0.01624
0.02721
0.11809
0.01761
0.02269
0.01328
0.00842
0.01795
0.00704
0.01106
0.00964
0.0074
0.00976
0.0133
0.00787
0.00695
0.01021
0.00692
0.00657
0.01125
0.00425
0.00833
0.07562
0.08394
0.00935
0.01122
0.04566
0.011
0.01252
0.01597
0.01074
0.00836
0.00973
0.00922
0.00677
0.00796
0.0106
0.00792
0.01494
0.00873
0.00629
0.00508
0.01929
0.00984
0.00656
0.00615
0.06983
0.02116
0.01425
0.00673
0.00632
0.01579
0.01088
0.00831
0.00811
0.01289
0.0074
0.00792
0.02096
0.01308
0.00808
0.00758
0.00596
0.02161
0.0083
0.12777
0.02986
0.04116
0.0421
0.016
0.01461
0.0166
0.01315
0.01201
0.01028
0.00927
0.04693
0.00746
0.01962
0.00678
0.0068
0.01455
0.00692
0.0064
0.00704
0.00573
0.01052
0.00543
0.0125
0.03715
0.00685
0.00944
0.0104
0.04849
0.01077
0.0105
0.0208
0.00905
0.01099
0.00726
0.01075
0.00593
0.00703
0.00643
0.00576
0.00974
0.00443
0.00489
0.02025
0.00982
0.00525
0.00741
0.00617
0.03921
0.0099
0.00824
0.00652
0.00788
0.00629
0.00483
0.00571
0.0092
0.00399
0.02064
0.01337
0.01292
0.00407
0.00848
0.00456
0.00728
0.00887
0.03473
0.00725
0.00771
0.01685
0.00788
0.08076
0.01014
0.01823
0.01937
0.02629
0.00815
0.00771
0.01297
0.02827
0.00914
0.00613
0.00815
0.00943
0.00678
0.07115
0.02686
0.01795
0.01364
0.01126
0.00962
0.00942
0.04767
0.07738
0.04205
0.05049
0.02241
0.01623
0.01426
0.00859
0.0084
0.01365
0.01195
0.01632
0.01134
0.00931
0.00788
0.00441
0.00579
