0.9722
0.98278
0.93772
0.97139
0.9888
0.97989
0.97353
0.9769
0.9825
0.96479
0.9704
0.96652
0.94401
0.96936
0.96623
0.97314
0.96226
0.95858
0.96739
0.95998
0.97199
0.96144
0.96871
0.96535
0.97204
0.97425
0.97029
0.97687
0.96886
0.97447
0.96809
0.96938
0.97425
0.96941
0.96396
0.95616
0.97054
0.96892
0.96068
0.94708
0.96651
0.96551
0.98289
0.96728
0.97479
0.97476
0.95249
0.97398
0.96254
0.97288
0.97214
0.97759
0.97074
0.97557
0.97749
0.97333
0.98317
0.98091
0.98079
0.98189
0.97418
0.97984
0.97626
0.98335
0.98175
0.9803
0.98573
0.97836
0.983
0.98198
0.98593
0.98662
0.9792
0.98644
0.98271
0.98663
0.98468
0.98322
0.98461
0.98737
0.98648
0.98153
0.98716
0.97709
0.9861
0.98352
0.98281
0.98043
0.9787
0.98514
0.97466
0.97971
0.98656
0.98438
0.98035
0.98741
0.97212
0.98762
0.98802
0.98447
0.97785
0.98564
0.98142
0.98456
0.98488
0.98619
0.98567
0.98723
0.98948
0.98217
0.98856
0.98498
0.98944
0.98541
0.98899
0.98975
0.98926
0.98987
0.98428
0.98845
0.98905
0.99017
0.98481
0.98676
0.98913
0.98676
0.98314
0.98691
0.98586
0.9891
0.97951
0.98738
0.9847
0.98756
0.98714
0.98553
0.98898
0.98725
0.98689
0.9846
0.98448
0.98675
0.98746
0.98587
0.98854
0.98591
0.98777
0.98539
0.98554
0.98294
0.98502
0.98817
0.9873
0.98747
0.98779
0.98715
0.9905
0.99037
0.98725
0.98473
0.98827
0.98099
0.98513
0.97869
0.98483
0.98574
0.98776
0.98826
0.98536
0.98599
0.98884
0.97727
0.98266
0.98267
0.98617
0.98849
0.9848
0.98388
0.98618
0.98695
0.98825
0.98773
0.98883
0.98938
0.98889
0.98806
0.98876
0.98888
0.99097
0.98898
0.99019
0.97762
0.98062
0.97967
0.98546
0.98288
0.98363
0.98001
0.98519
0.98583
0.97864
0.9857
0.98481
0.98487
0.9875
0.98284
0.98642
0.98808
0.98664
0.97971
0.98393
0.98079
0.98239
0.9862
0.9858
0.98539
0.98943
0.9886
0.98718
0.98957
0.98858
0.9837
0.98355
0.9876
0.98554
0.98891
0.98948
0.98793
0.98829
0.98734
0.98963
0.98534
0.98743
0.98785
0.98931
0.98726
0.98595
0.98391
0.98294
0.98641
0.98984
0.98384
0.98605
0.98669
0.98787
0.99038
0.98479
0.98581
0.98707
0.98898
0.98786
0.98837
0.98594
0.98945
0.98887
0.98932
0.98853
0.98784
0.99073
0.98291
0.98582
0.9881
0.98728
0.98688
0.9893
0.99053
0.99047
0.98628
0.98931
0.98144
0.98778
0.98752
0.98215
0.9833
0.98615
0.98815
0.989
0.98413
0.98432
0.98832
0.9815
0.98507
0.98641
0.98467
0.98541
0.98792
0.98613
0.98748
0.98522
0.98436
0.98813
0.991
0.98727
0.98771
0.98737
0.98868
0.98267
0.98882
0.98279
0.98747
0.98892
0.98743
0.98973
0.98504
0.98735
0.98619
0.98925
0.98852
0.98714
0.98847
0.98846
0.99079
0.98986
0.98801
0.9893
0.99068
0.98806
0.98982
0.9884
0.98872
0.98835
0.98798
0.99101
0.98431
0.98939
0.98871
0.98822
0.98754
0.9912
0.99015
0.99094
0.99264
0.98805
0.98633
0.98792
0.99368
0.98814
0.99017
0.9907
0.98483
0.9864
0.9915
0.98859
0.98777
0.99149
0.98866
0.99204
0.98928
0.98929
0.982
0.98593
0.98928
0.99066
0.99172
0.99098
0.99003
0.99095
0.98646
0.99083
0.991
0.98843
0.98913
0.99239
0.98194
0.98662
0.98964
0.98962
0.99051
0.99019
0.99381
0.99256
0.9936
0.99331
0.9909
0.98671
0.99253
0.9911
0.99224
0.98178
0.98959
0.98953
0.98933
0.99207
0.99202
0.98739
0.99325
0.99307
0.99041
0.99047
0.98585
0.99128
0.99253
0.99044
0.99288
0.99227
0.99308
0.99076
0.99265
0.99169
0.99312
0.99012
0.98979
0.99067
0.99393
0.98447
0.9918
0.99237
0.99266
0.99394
0.99002
0.9921
0.99023
0.99381
0.99217
0.99216
0.99437
0.99265
0.99212
0.99272
0.99091
0.98925
0.99436
0.99362
0.99359
0.98954
0.992
0.99453
0.99421
0.99138
0.9942
0.99212
0.995
0.99043
0.99199
0.99273
0.99419
0.98286
0.98592
0.98707
0.99299
0.98823
0.99088
0.99299
0.99239
0.9935
0.9897
0.98972
0.99305
0.992
0.98991
0.99196
0.98532
0.98307
0.98628
0.98967
0.98889
0.99061
0.99211
0.99108
0.99045
0.99236
0.99151
0.99186
0.99298
0.99106
0.99036
0.9924
0.99423
0.99102
0.99484
0.98818
0.99308
0.98908
0.9933
0.99105
0.99305
0.99148
0.99481
0.99426
0.99105
0.99485
0.99539
0.98924
0.99452
0.99504
0.99284
0.99467
0.9934
0.99281
0.99259
0.99504
0.9932
0.99326
0.99445
0.98773
0.99319
0.99268
0.9884
0.98902
0.9963
0.98751
0.99135
0.98626
0.99427
1.0
1.0
1.0
1.0
0.99709
0.99186
0.99207
0.99279
0.989
0.99356
0.99345
0.99422
0.99427
0.99598
0.99559
0.99442
0.99576
0.98562
0.98835
0.98687
0.99255
0.99389
0.99354
0.9912
0.99385
0.99297
0.99388
0.99536
0.99228
0.99507
0.9963
0.98761
0.99343
0.99037
0.9944
0.99063
0.9964
0.99432
0.99388
0.99273
0.99129
0.99098
0.99227
0.9927
0.99007
0.99498
0.9807
0.99534
0.99226
0.98537
0.99195
0.99193
0.99224
0.99345
0.99327
0.9948
0.99098
0.99431
0.99362
0.99295
0.99397
0.9941
0.99573
0.9851
0.99235
0.99471
0.9938
0.99404
0.99387
0.99051
0.99481
0.99456
0.99423
0.99025
0.99134
0.99406
0.99527
0.99335
0.99326
0.99632
0.99487
0.99501
0.99332
0.99432
0.99492
0.99587
0.99555
0.99447
0.99637
0.99585
0.99345
0.99628
0.99623
0.98162
0.99533
0.99398
0.99147
0.99147
0.99608
0.99387
0.99402
0.99489
0.99536
0.99477
0.99506
0.99622
0.99567
0.99339
0.99276
0.99433
0.99479
0.99394
0.99486
0.99686
0.98828
0.99629
0.99486
0.99632
0.99062
0.99516
0.99494
0.9958
0.99728
0.99583
0.99726
0.99445
0.99335
0.99692
0.99603
0.99569
0.99648
0.98572
0.99347
0.99409
0.99366
0.99267
0.99268
0.99165
0.99558
0.9943
0.9945
0.9902
0.99575
0.9952
0.99617
0.99592
0.99532
0.9955
0.99628
0.99654
0.98507
0.99378
0.99428
0.99325
0.99276
0.99629
0.99508
0.99626
0.99478
0.99465
0.99748
0.99714
0.99635
0.99726
0.99673
0.99519
0.99739
0.99706
0.99336
0.99129
0.9961
0.99487
0.99789
0.99482
0.99411
0.99686
0.99495
0.99484
0.99472
0.99146
0.99506
0.99545
0.99461
0.99551
0.99449
0.98714
0.99478
0.99497
0.99232
0.99469
0.99513
0.98753
0.9934
0.99175
0.99521
0.9948
0.99722
0.99509
0.99486
0.9965
0.99637
0.99605
0.9962
0.99687
0.98932
0.99569
0.99538
0.99301
0.99687
0.99649
0.99702
0.99747
0.99742
0.99819
0.99807
0.99747
0.99702
0.99057
0.99671
0.99654
0.99393
0.9966
0.99616
0.9947
0.99653
0.99529
0.99743
0.99379
0.99782
0.99712
0.99596
0.99624
0.99524
0.99753
0.99615
0.99643
0.99749
0.99667
0.9979
0.99766
0.99762
0.9979
0.99799
0.99771
0.99799
0.99341
0.99686
0.99078
0.99427
0.99478
0.99429
0.99465
0.99647
0.99357
0.99588
0.99573
0.9949
0.997
0.99466
0.99737
0.99637
0.99689
0.99334
0.99202
0.99677
0.99587
0.99536
0.99607
0.99711
0.99697
0.99687
0.99758
0.99739
0.99709
0.99695
0.99438
0.99711
0.99695
0.99339
0.99499
0.99658
0.99685
0.99617
0.99687
0.98744
0.9942
0.99429
0.99493
0.99567
0.99517
0.98864
0.99364
0.99334
0.99492
0.99567
0.99209
0.99518
0.99415
0.99513
0.99707
0.99585
0.99684
0.99628
0.99571
0.99722
0.99357
0.997
0.99611
0.99643
0.9954
0.99752
0.99304
0.99713
0.99685
0.99696
0.99434
0.99613
0.99483
0.99631
0.99591
0.98931
0.99631
0.9947
0.99446
0.98631
0.99445
0.99304
0.99504
0.997
0.99403
0.99772
0.99604
0.99612
0.99708
0.99636
0.99546
0.99722
0.99747
0.99614
0.9974
0.99756
0.9962
0.99823
0.9971
0.98906
0.98849
0.99727
0.99584
0.98921
0.99594
0.99543
0.99448
0.99636
0.99683
0.99648
0.99659
0.99726
0.99703
0.99615
0.99751
0.99517
0.99744
0.9977
0.99824
0.99513
0.99675
0.99795
0.99785
0.98864
0.99487
0.99538
0.99724
0.99761
0.99491
0.99713
0.99712
0.99711
0.9957
0.9978
0.9969
0.99449
0.99654
0.99707
0.99736
0.99795
0.99456
0.99781
0.98452
0.99438
0.99381
0.99207
0.99419
0.9951
0.99411
0.99638
0.99575
0.99691
0.99616
0.98987
0.99711
0.99359
0.99763
0.99726
0.99587
0.9975
0.99765
0.99725
0.99771
0.99691
0.99795
0.99604
0.99384
0.99815
0.99674
0.99636
0.9902
0.99686
0.99606
0.99468
0.99691
0.99622
0.99721
0.99653
0.99766
0.99747
0.99784
0.99797
0.99678
0.99837
0.99812
0.99483
0.99714
0.99812
0.99748
0.99778
0.99198
0.997
0.99719
0.9976
0.99716
0.99791
0.99806
0.99802
0.99681
0.99876
0.99526
0.99635
0.99631
0.99859
0.99739
0.99836
0.9976
0.9968
0.99298
0.99782
0.99751
0.99568
0.9976
0.98637
0.99709
0.9947
0.99533
0.99338
0.99793
0.9977
0.99554
0.99487
0.99694
0.99754
0.99711
0.99649
0.99751
0.98682
0.99442
0.99456
0.99518
0.99624
0.99654
0.99635
0.99087
0.99108
0.99534
0.99121
0.99431
0.99452
0.99541
0.99672
0.99674
0.99532
0.99616
0.9949
0.99626
0.9966
0.99687
0.99814
0.99763
