0.80036
0.98341
0.64657
0.49619
0.64932
0.69171
0.829
0.76715
0.66738
0.75938
0.64351
0.58118
0.59891
0.77004
0.72988
0.60776
0.57862
0.57394
0.61388
0.4559
0.48472
0.45423
0.47955
0.44842
0.42383
0.41544
0.37419
0.45556
0.47828
0.33582
0.46369
0.38437
0.31497
0.33799
0.31102
0.36644
0.42773
0.34857
0.35721
0.31561
0.53731
0.28442
0.3251
0.34025
0.32264
0.24075
0.35975
0.2984
0.29285
0.42755
0.34609
0.22984
0.31188
0.42904
0.34819
0.19892
0.21065
0.41455
0.23771
0.30624
0.29675
0.30193
0.1952
0.50441
0.35571
0.17204
0.18608
0.34699
0.34925
0.24331
0.25448
0.20367
0.2861
0.1669
0.36713
0.27818
0.4691
0.28987
0.25337
0.18808
0.32786
0.28801
0.14511
0.24693
0.28694
0.2213
0.27791
0.18471
0.14548
0.45255
0.29164
0.31893
0.19391
0.1599
0.14882
0.35543
0.30814
0.3493
0.24604
0.22087
0.30721
0.19642
0.29151
0.31962
0.16061
0.21263
0.22837
0.33101
0.21947
0.16868
0.19653
0.31602
0.22407
0.16223
0.26002
0.13023
0.13627
0.21806
0.4774
0.27354
0.16197
0.29352
0.23468
0.18395
0.23099
0.22244
0.1505
0.25817
0.21366
0.21658
0.37088
0.34576
0.23558
0.22902
0.24494
0.18156
0.32451
0.22826
0.17603
0.30282
0.1423
0.17278
0.15914
0.38318
0.30508
0.29796
0.1444
0.30125
0.23636
0.1966
0.2917
0.26233
0.14118
0.16416
0.13918
0.50239
0.32345
0.19316
0.1318
0.13805
0.19342
0.12212
0.34552
0.26207
0.12862
0.22305
0.24836
0.22206
0.14175
0.12829
0.21457
0.1544
0.20487
0.20415
0.27931
0.27048
0.2352
0.19169
0.21978
0.2418
0.2243
0.11703
0.13087
0.12193
0.26406
0.25535
0.14138
0.11398
0.36912
0.23792
0.23115
0.15863
0.22661
0.14795
0.11058
0.28034
0.12731
0.10765
0.19768
0.21814
0.12298
0.38674
0.17119
0.14152
0.23537
0.12883
0.12197
0.12354
0.12533
0.44762
0.16274
0.19821
0.12502
0.27126
0.22566
0.11448
0.27794
0.10907
0.24187
0.10703
0.12816
0.10415
0.19479
0.67867
0.20096
0.10637
0.32474
0.12183
0.24192
0.0982
0.09173
0.09934
0.19781
0.09195
0.28643
0.13129
0.10203
0.24258
0.11575
0.08676
0.07966
0.28344
0.14941
0.14145
0.22679
0.3922
0.19036
0.2275
0.11231
0.112
0.11178
0.22865
1.13319
0.10979
0.25121
0.19532
0.19144
0.26367
0.09869
0.10727
0.1362
0.0987
0.0882
0.19615
0.16043
0.16019
0.08469
0.08525
0.28158
0.21725
0.10093
0.12937
0.13236
0.2778
0.12419
0.22246
0.32686
0.19226
0.11451
0.10477
0.18727
0.20903
0.1177
0.08234
0.16865
0.42161
0.31172
0.22084
0.1938
0.13164
0.13887
0.10029
0.09139
0.07326
0.08527
0.079
0.25344
0.3739
0.19993
0.2667
0.10032
0.13621
0.11215
0.09273
0.09575
0.08378
0.2752
0.1729
0.09505
0.38711
0.11122
0.07548
0.06958
0.17965
0.11255
0.15137
0.07998
0.09179
0.43526
0.09502
0.12273
0.08429
0.14043
0.10547
0.14919
0.22246
0.38804
0.1038
0.07896
0.06608
0.06269
0.1961
0.28046
0.09276
0.1147
0.36033
0.16481
0.09043
0.20529
0.10197
0.10805
0.07386
0.12697
0.0869
0.07606
0.38904
0.08312
0.13447
0.08889
0.07368
0.54116
0.10496
0.25881
0.07729
0.08837
0.08383
0.09834
0.2797
0.26964
0.11622
0.06885
0.08657
0.3657
0.08503
0.37092
0.09751
0.09442
0.0747
0.07173
0.17246
0.08859
0.07926
0.22165
0.1131
0.06875
0.07586
0.37727
0.09595
0.14975
0.08546
0.20259
0.0774
0.17996
0.08116
0.06973
0.07056
0.05605
0.05253
0.45726
0.16091
0.2473
0.06647
0.06122
0.07581
0.05818
0.08583
0.05651
1.64371
0.10113
0.07549
0.05042
0.17289
0.20707
0.1168
0.10812
0.05369
0.04886
0.10537
0.05451
0.05786
0.05508
0.91035
0.06855
0.49408
0.13204
0.06483
0.07358
0.05077
0.06406
0.06009
0.1368
0.21244
0.07226
0.06024
0.0522
0.37545
0.05076
0.05884
0.03975
0.46966
0.05421
0.06869
0.19014
0.0698
0.04891
0.20022
0.07243
0.295
0.05086
0.13979
0.3785
0.05785
0.05217
0.07292
0.11957
0.06736
0.0954
0.05162
0.30261
0.06713
0.05044
0.04542
0.71841
0.11652
0.06518
0.06161
0.05579
0.04613
0.36993
0.06666
0.06733
0.04116
0.31377
0.11807
0.05506
0.07285
0.04434
0.04844
0.05035
0.04444
0.30138
0.37828
0.05741
0.10736
0.0746
0.05395
0.27807
0.08152
0.05917
0.0614
0.04043
0.0421
0.36526
0.0877
0.21399
0.098
0.13706
0.24661
0.05828
0.05474
0.05359
0.04599
0.04281
0.05603
0.03994
0.04226
0.03662
0.55112
0.2538
0.14551
0.31991
0.0649
0.15561
0.08681
0.08994
0.27204
0.08652
0.15902
0.04909
0.2344
0.09527
0.06466
0.05795
0.10419
0.04783
0.1605
0.07845
0.08636
0.04989
0.06112
0.06326
0.17818
0.0542
0.04683
0.07727
0.12247
0.06847
0.13501
0.09581
0.43941
0.09764
0.06687
0.07434
0.15834
0.0602
0.06624
0.05651
0.31508
0.05607
0.04051
0.04303
0.3051
0.3152
0.07381
0.09302
0.05608
0.07949
0.15598
0.0506
0.20481
0.07534
0.05977
0.07243
0.05182
0.04799
0.26545
0.47041
0.06082
0.05202
0.29185
0.0604
0.05385
0.06393
0.0405
0.05818
0.04344
0.04892
0.56197
0.04901
0.10497
0.05407
0.04866
0.08486
0.05197
1.4898
0.12399
0.05614
0.05804
0.04904
0.05287
0.04177
0.05128
0.58123
0.08328
0.19106
0.07526
0.17818
0.07915
0.1426
0.23631
0.05978
0.09012
0.07995
0.25849
0.12921
0.06129
0.05498
0.05175
0.08552
0.05097
0.31628
0.07796
0.0552
0.18038
0.07505
0.04712
0.08663
0.0573
0.22924
0.05252
0.13816
0.05154
0.13183
0.04376
0.08406
0.05527
0.04883
0.0528
0.64765
0.24804
0.05534
0.13401
0.08084
0.04772
0.05575
0.08862
0.04791
0.07244
0.04173
0.04235
0.08445
0.16056
0.04638
0.14614
0.03838
0.47143
0.0864
0.07637
0.04851
0.25911
0.0694
0.04619
0.22936
0.05848
0.03941
0.04919
0.48356
0.0987
0.07363
0.05601
0.04451
0.08775
0.04505
0.03893
0.34852
0.06268
0.12687
0.05995
0.03881
0.05263
0.04016
0.27671
0.12415
0.15307
0.0606
0.06551
0.07238
0.10109
0.06205
0.12266
0.04893
0.03998
0.05641
0.04709
0.04542
0.5275
0.24704
0.05536
0.04991
0.05626
0.52332
0.08207
0.11826
0.0493
0.05375
0.05799
0.09919
0.24152
0.06468
0.08483
0.04913
0.04814
0.04035
0.16474
0.04319
0.34547
0.15673
0.03954
0.03996
0.05448
0.04061
0.47602
0.0685
0.05496
0.05322
0.39685
0.04626
0.14208
0.22071
0.0529
0.05152
0.05029
0.11656
0.05013
0.08181
0.03844
0.04012
0.35949
0.0495
0.17158
0.03977
0.05874
0.04875
0.052
0.03648
0.04109
0.04637
0.03363
0.88505
0.05779
0.05636
0.06184
0.12749
0.05425
0.05957
0.03859
0.04794
0.04143
1.01246
0.08449
0.0495
0.32582
0.04834
0.04052
0.04296
0.28612
0.05457
0.10083
0.16392
0.06312
0.2117
0.05835
0.11311
0.06496
0.04729
0.03948
0.30175
0.05257
0.04948
0.05217
0.06963
0.08669
0.04257
0.07239
0.0588
0.15282
0.06899
0.04163
0.03901
0.05781
0.04774
0.47708
0.04019
0.04774
0.05456
0.042
0.30073
0.11188
0.04658
0.04674
0.0437
0.16673
0.05166
0.0321
0.03518
0.03591
0.19445
0.04297
0.09412
0.25483
0.04039
0.03688
0.31547
0.06556
0.13646
0.03476
0.06402
0.05009
0.04574
0.03633
0.12154
0.03687
0.05636
0.03677
0.35835
0.0381
0.25142
0.1184
0.15569
0.05055
0.04537
0.04196
0.1625
0.08399
0.043
0.08698
0.05119
0.2412
0.06709
0.04396
0.04141
0.08294
0.05464
0.31401
0.0995
0.03314
0.05609
0.10853
0.04646
0.05267
0.04489
0.03574
0.03934
0.21738
0.03893
0.03173
0.37079
0.07624
0.03705
0.03626
0.04569
0.03137
0.03041
0.41301
0.06878
0.07333
0.03449
0.06756
0.03199
0.02937
0.02791
0.07226
0.0256
0.376
0.1717
0.03981
0.0418
0.03332
0.02129
0.02918
0.34396
0.05081
0.18626
0.0518
0.03658
0.03606
0.04012
0.23678
0.04414
0.02463
0.02699
0.03926
0.03354
0.02561
0.26955
0.19702
0.03603
0.03844
0.02791
0.15084
0.03032
0.05929
0.03262
0.03728
0.19299
0.04584
0.10802
0.03862
0.03604
0.31908
0.05376
0.06278
0.02939
0.35656
0.0569
0.2369
0.05681
0.03683
0.04158
0.04006
0.04349
0.13754
0.03843
0.13749
0.20868
0.04937
0.04944
0.06366
0.05451
0.04002
0.04524
0.34277
0.05138
0.05768
0.04582
0.03637
0.03284
0.03208
0.05925
0.04627
0.0564
0.03563
0.03328
0.04907
0.04063
0.32555
0.11507
0.20642
0.06731
0.24199
0.04423
0.07915
0.04155
0.20313
0.08247
0.07521
0.07075
0.04268
0.0409
0.07374
0.03881
0.0316
0.03319
0.0459
0.27465
0.04555
0.04032
0.03192
0.02779
0.03716
0.02769
0.45608
0.11412
0.05564
0.04032
0.03167
0.05047
0.03047
0.03527
0.03008
0.37103
0.04723
0.03701
0.08145
0.03238
0.07491
0.03872
0.16334
0.02685
0.20919
0.07467
0.03098
0.0292
0.05438
0.10715
0.04965
0.03901
0.03226
0.0241
0.32805
0.05885
0.0307
0.10361
0.0375
0.21023
0.0437
0.07394
0.03626
0.04695
0.03963
0.02854
0.06332
0.02602
0.2129
0.03644
0.02511
0.02792
0.03316
0.23027
0.0382
