11.46004
2.88109
4.20255
4.37841
3.30263
3.26482
3.21667
3.58663
3.96903
3.38978
3.7028
3.92886
3.94641
4.08214
4.11332
3.95257
3.88111
4.41508
4.43686
4.02797
4.5171
4.42759
4.41071
4.63663
4.77899
4.62547
4.70073
4.77405
5.13122
4.62428
4.95095
5.05468
5.08521
5.92651
5.30685
6.07184
5.82544
5.86914
5.87268
5.4636
6.34067
5.01183
5.48319
6.01769
5.9357
5.30445
6.71078
5.90406
6.08803
6.70157
6.50955
5.56113
6.08478
6.92193
5.96001
5.40127
5.75014
7.67744
5.77358
6.0457
5.9079
6.26263
5.92568
7.41543
7.32174
4.84083
5.35321
7.21924
6.67837
5.49784
6.20465
5.51745
7.33473
5.97194
6.95237
6.64744
7.40029
6.66309
5.96304
5.77416
5.89157
5.78303
5.76621
7.08021
7.20723
6.80792
6.54472
5.7346
5.56275
8.55805
7.80443
7.51759
5.67299
5.92323
5.88
7.07332
6.07935
7.97818
6.69666
6.26674
6.67652
6.7489
7.50208
6.61128
5.37981
6.21935
6.9104
7.41346
6.43361
6.96728
6.17176
8.26266
5.97376
6.24667
6.08707
5.41953
6.46954
6.05155
8.68759
7.03575
5.80489
6.69694
6.76959
6.03781
6.67003
6.57463
5.58781
6.67276
8.11718
7.1324
9.08974
6.87077
6.35244
6.14787
6.30206
5.99674
6.85934
5.94147
5.97022
7.44854
6.22805
6.09918
6.26445
8.3119
7.94435
8.86154
5.62464
6.04109
6.64881
6.18452
6.70322
6.8482
5.47125
5.65483
5.5466
5.79648
6.81179
5.7425
5.04917
5.6447
6.76295
5.64713
7.49666
7.42658
5.76222
7.05848
8.28996
6.75648
5.83731
5.79949
7.50034
6.65205
7.05562
8.27018
7.28101
7.96605
6.65511
7.03145
6.98503
6.8177
6.30718
5.32444
5.74066
5.63083
6.69607
8.18408
6.07422
5.94492
7.17911
6.27542
6.51403
7.46353
7.74198
5.74544
5.82669
8.00181
6.42609
5.97785
6.0847
9.21171
5.94276
6.85259
6.43248
6.00108
7.12953
6.44628
6.01375
6.30006
7.29916
8.36673
7.37189
6.57311
5.85
7.98881
7.85556
5.77718
7.08471
5.67733
9.1425
5.7482
5.9858
6.22591
7.64051
8.94801
7.46112
5.89374
7.65761
6.03275
5.78364
5.81128
5.37838
5.59105
7.613
6.04914
8.63661
9.01481
6.59128
8.17691
7.26873
5.7178
6.26997
9.99672
7.68035
8.19735
6.72459
10.13489
8.42615
6.58147
5.57876
5.90377
5.80197
7.16394
7.78754
6.28487
6.8938
6.89835
6.8218
6.94361
5.38886
5.69811
6.49435
6.37621
5.58482
8.00271
6.95172
6.77529
5.8486
5.75496
8.03566
8.1928
6.26157
6.27269
7.0253
8.43502
6.73093
6.94075
7.9812
7.12515
5.97899
6.13668
6.75474
8.11203
6.37088
5.19184
6.54224
7.4973
6.29656
6.75246
6.27111
7.16188
6.07541
5.28121
5.59487
5.42951
6.11299
5.92381
7.63587
8.44027
6.91614
9.49184
5.78345
6.17383
7.12204
5.69621
5.90639
6.0744
8.86721
6.35175
5.90973
6.95572
6.55416
5.35751
5.77126
6.87889
6.8853
7.26583
6.08979
6.04529
7.83597
6.40181
6.66462
6.44872
6.55684
6.27941
6.9405
8.22514
6.95528
7.31766
5.96235
5.49887
5.70892
8.1863
11.61651
5.84812
6.83013
6.94953
7.5662
5.78662
6.70609
6.49352
6.47367
5.78166
7.37302
6.2286
6.09272
8.60656
5.78552
7.36708
6.35096
5.57155
9.09512
7.69386
7.12973
5.48085
5.68
6.07114
5.75157
7.51373
7.50374
7.34127
5.33966
6.32436
9.16773
6.17867
7.70802
6.13694
5.93
5.35147
5.46775
6.94799
6.91268
6.0577
7.31112
7.41482
6.08364
6.1313
9.02298
7.01273
6.58479
5.97447
7.43653
6.658
7.17616
6.40272
6.06523
6.0404
6.0856
5.85623
10.56195
8.01615
7.67767
5.88859
5.87856
6.25732
6.51582
8.19842
6.62778
8.09015
8.39247
7.49139
5.62596
7.14193
8.3463
8.12946
7.59518
6.22759
6.22864
6.83788
6.20695
6.62722
7.67474
11.07045
7.15263
8.0546
6.54832
5.83569
5.70215
5.91584
5.98594
6.30544
5.9494
8.2508
6.23551
6.51787
6.17213
7.8301
5.80475
6.3552
5.99911
8.03148
6.13948
7.37036
8.3359
6.38762
6.09159
7.87964
7.91938
7.99907
6.05721
6.46501
6.77182
5.85479
5.71813
6.37556
7.85362
7.38215
6.49808
6.60744
7.91271
6.62406
6.13104
5.66409
8.4433
8.29685
5.82455
5.55855
6.32723
5.7015
7.57531
6.10499
6.56886
5.92031
8.14263
9.05062
7.07633
6.2149
6.38326
5.78795
6.37184
6.03742
6.64555
8.97358
6.26421
6.9231
8.02131
6.26519
7.25098
8.50595
6.58418
6.41567
5.95589
5.7116
7.66967
7.67868
7.01643
7.44711
6.56876
8.55305
6.33675
6.07862
6.02062
5.91975
5.9303
6.62264
5.95136
6.44077
6.13662
6.48683
7.25997
9.15242
8.63925
6.65065
7.17301
6.5078
6.92169
8.31474
6.86063
7.48858
7.00929
7.89186
7.83733
6.37184
6.45775
7.81374
6.37786
9.09738
6.47439
8.77328
7.34677
9.14408
7.88678
14.78387
7.66526
6.42672
9.25937
9.77021
7.65044
7.7065
7.0544
11.04393
8.00065
7.0304
8.05956
8.12538
6.89902
6.88403
6.5174
9.94272
6.54875
5.90297
5.98808
8.93015
6.8139
6.44718
7.10992
7.34385
7.25533
10.07237
6.93512
7.62964
8.80334
7.16565
6.90098
6.49543
6.63913
6.66768
11.0374
6.30865
6.16114
8.61036
6.63262
6.54212
6.64907
5.66986
6.79997
5.9929
6.68191
7.81679
6.12282
9.45856
7.9253
6.42046
9.27666
6.54788
7.89487
8.1936
6.27221
6.21549
5.96605
6.20833
6.29512
6.20037
8.16098
8.23639
6.65188
8.14096
8.78364
7.18257
7.53231
7.28772
6.16275
6.91362
7.08272
7.9271
6.49955
6.42778
6.50538
6.01291
6.85808
6.37994
7.64092
9.72019
6.44311
9.57929
7.3807
6.17828
7.56236
7.00293
8.00622
5.78182
7.47879
6.36763
6.57383
6.17582
6.97562
7.0437
6.53052
6.79091
11.7549
10.1376
6.21745
8.31039
8.65
6.21553
6.84158
7.807
6.5684
9.09643
6.36648
6.57761
8.76217
7.40221
7.60437
10.08323
6.82455
7.88915
8.62239
7.09204
6.44548
10.1066
6.96441
6.36968
6.99194
6.37
6.26663
7.01742
7.87731
9.09911
9.01312
6.54957
6.58066
7.96217
6.41729
6.4203
7.44121
8.35537
8.62731
7.0309
6.24605
7.02186
6.12096
10.74978
7.17035
8.70994
9.03517
6.70809
6.35826
9.11221
6.38094
8.27827
6.86886
6.14679
7.43535
6.8632
6.34625
9.41326
7.11409
7.12352
6.48485
6.16136
7.05172
5.90365
6.8555
5.78175
6.074
7.0285
7.26672
11.40265
7.78553
8.02891
6.05775
6.42546
6.59456
9.23971
7.88079
9.79538
9.4198
6.38166
6.02863
6.79702
6.32998
8.79425
6.72529
6.02241
6.22945
7.04091
6.40104
8.71572
7.63643
6.58685
6.26893
6.30537
7.22794
6.28754
7.04071
6.07343
6.43824
9.12217
8.35425
9.99945
6.59739
6.77108
7.59232
6.8522
6.52748
6.1475
7.47193
6.49969
10.5931
7.61172
6.9496
7.60963
10.31111
7.04859
6.62734
6.18065
6.41459
5.89401
10.49093
8.09663
7.51454
8.55666
6.66041
6.38127
7.96125
9.36999
6.6963
6.9854
8.92619
6.85756
7.79915
8.74131
6.97844
6.815
6.11831
5.99047
8.859
6.60725
6.30195
7.24989
7.34166
7.35165
6.7579
7.7947
10.52901
11.36462
7.43731
6.25939
6.14368
8.52867
7.67918
8.79121
7.00244
7.01612
7.27234
6.21736
8.91584
10.76829
6.74682
6.68208
6.49737
8.55312
11.01072
6.24093
6.42952
6.6924
10.13414
9.7102
10.0192
12.62692
6.37425
6.6524
8.15743
7.7401
9.43489
6.60615
6.70251
7.51558
6.42845
6.94319
9.79855
6.58214
7.10473
7.37775
8.17743
6.5855
8.6604
9.90044
8.48114
6.45075
6.67181
6.33143
9.29838
10.66482
6.528
9.42698
7.14214
11.18588
6.99735
6.09873
6.23601
9.63919
7.18176
9.24714
10.26553
6.88639
8.17481
8.1263
9.6053
7.47107
7.71416
6.40847
6.96595
10.24789
6.54232
7.96485
9.02112
7.03679
6.97975
6.55966
7.52422
6.56688
7.03139
8.49196
11.34079
8.61956
7.40726
7.39412
5.88796
6.72133
6.53268
12.7938
7.04871
7.10931
8.60896
7.23991
7.23487
6.80331
6.5146
6.87454
10.1864
8.14652
8.99912
7.69782
6.40473
6.2231
6.34507
9.52691
6.62029
6.2805
6.3874
7.22058
6.48878
6.38741
7.11688
10.7032
6.9416
7.15819
6.61392
10.47922
6.84918
9.78954
6.47137
6.7145
10.56345
7.71489
8.7173
7.61672
6.62051
9.79542
8.92409
8.61208
6.62791
8.29375
7.43088
7.32771
7.7311
6.30698
6.42977
6.41468
6.30838
11.30688
6.8888
8.6948
9.73692
6.8325
6.86042
9.1384
7.29858
6.51946
6.9234
12.96818
8.89737
7.83301
7.51562
6.61008
6.83223
8.05447
7.90189
7.46125
14.7394
7.98646
7.90457
11.69483
7.42053
9.66998
10.85316
8.99302
7.674
8.28413
6.9418
7.21297
7.10297
8.95232
9.57412
7.37766
7.46905
7.35376
6.27912
9.43133
7.03763
6.2644
6.81023
6.01286
9.76651
8.0069
6.88145
6.83663
6.84445
7.66585
6.78869
10.19205
10.37958
8.62333
6.5979
6.89522
6.76715
7.1779
7.0981
6.86471
10.27755
8.36082
7.01693
11.36725
7.5175
7.63822
6.58351
9.34696
6.71797
8.37982
13.43124
6.66436
6.57181
7.45173
9.09845
8.36607
9.7878
6.72549
6.69256
9.3878
7.48927
7.64965
7.60384
7.01902
8.94708
8.02529
9.68216
6.0723
7.28935
7.09917
6.56649
9.17363
6.65303
8.55744
8.78042
7.25436
7.69535
8.06827
9.47649
9.37526
