0.85396
0.69391
0.82192
0.82227
0.79465
0.77549
0.73589
0.74547
0.77511
0.74954
0.78125
0.79865
0.79575
0.75836
0.76096
0.78357
0.79713
0.80125
0.80006
0.82762
0.82702
0.83687
0.83401
0.83834
0.85403
0.85042
0.86009
0.85827
0.84603
0.87288
0.8514
0.86359
0.88119
0.88651
0.88446
0.8752
0.86461
0.88232
0.8755
0.88782
0.86064
0.88918
0.88424
0.88931
0.89024
0.90525
0.89223
0.89792
0.89772
0.87781
0.8901
0.91232
0.89705
0.88422
0.89802
0.91965
0.921
0.88902
0.9138
0.90515
0.90814
0.90475
0.92382
0.89719
0.8911
0.92921
0.92486
0.90326
0.90086
0.91295
0.91335
0.92312
0.91161
0.93265
0.90392
0.91204
0.8859
0.90764
0.91311
0.93328
0.91983
0.91192
0.94072
0.91775
0.91212
0.92425
0.91532
0.93176
0.94139
0.90131
0.90746
0.90598
0.92806
0.93877
0.94207
0.91836
0.91513
0.90638
0.92312
0.92706
0.90466
0.93156
0.91446
0.91244
0.93852
0.92967
0.92844
0.9176
0.92438
0.93786
0.9316
0.92007
0.92475
0.94294
0.92188
0.94631
0.94621
0.93612
0.91683
0.91745
0.93828
0.91814
0.92481
0.93356
0.92369
0.92858
0.94124
0.93017
0.93525
0.92851
0.91508
0.92199
0.92986
0.93274
0.92957
0.93338
0.92378
0.93356
0.93607
0.9226
0.94424
0.93902
0.93932
0.92341
0.92629
0.92556
0.94296
0.93046
0.92163
0.94103
0.91717
0.92225
0.94349
0.93762
0.94635
0.91927
0.91501
0.9344
0.94557
0.94569
0.93561
0.94896
0.92518
0.92187
0.94791
0.93364
0.92838
0.93045
0.94527
0.94922
0.93478
0.9443
0.93709
0.93822
0.93386
0.92627
0.93169
0.93918
0.93489
0.9303
0.93511
0.95153
0.94985
0.95242
0.92748
0.93249
0.9474
0.95439
0.92652
0.93499
0.93124
0.9461
0.93465
0.94651
0.95617
0.93312
0.95346
0.95734
0.94221
0.94049
0.95278
0.92817
0.94382
0.94833
0.94003
0.95166
0.95403
0.95376
0.95548
0.91343
0.94854
0.94608
0.95377
0.93078
0.93685
0.95537
0.93341
0.95631
0.93429
0.95765
0.95396
0.95949
0.94468
0.91046
0.94014
0.95906
0.92473
0.95261
0.93638
0.96076
0.96311
0.9592
0.94474
0.96206
0.92925
0.95599
0.96135
0.94509
0.95815
0.96376
0.96807
0.93716
0.95314
0.95676
0.9435
0.93272
0.94715
0.94701
0.95854
0.95557
0.95703
0.94188
0.93259
0.95835
0.93589
0.94364
0.94596
0.94317
0.95827
0.95709
0.95497
0.96093
0.96379
0.94295
0.94986
0.95415
0.96464
0.96532
0.9415
0.94548
0.96382
0.95387
0.9559
0.93632
0.95801
0.94449
0.93726
0.9476
0.95732
0.9583
0.94815
0.94668
0.95778
0.96527
0.95006
0.93462
0.94023
0.94368
0.9398
0.9569
0.9515
0.9609
0.96299
0.96825
0.96763
0.96736
0.94585
0.93527
0.94901
0.93866
0.95989
0.95352
0.96098
0.96313
0.96318
0.96715
0.93828
0.95436
0.9624
0.9352
0.96052
0.96758
0.97099
0.95171
0.96457
0.95638
0.96784
0.96625
0.93835
0.96279
0.95956
0.96868
0.9617
0.96165
0.95342
0.94668
0.94687
0.96337
0.96901
0.97128
0.97378
0.95253
0.9479
0.96389
0.95795
0.94684
0.94961
0.96404
0.95149
0.96287
0.96265
0.96961
0.96026
0.96858
0.9693
0.93446
0.96776
0.95853
0.96763
0.96981
0.92236
0.96445
0.94698
0.96774
0.96474
0.96656
0.96316
0.95252
0.94205
0.96185
0.97086
0.96809
0.93966
0.96669
0.93194
0.96524
0.9634
0.96854
0.96976
0.95428
0.96973
0.97002
0.94947
0.96589
0.97155
0.96986
0.94094
0.96382
0.96391
0.96715
0.95148
0.97149
0.95657
0.96877
0.97208
0.97286
0.97661
0.97772
0.93915
0.95562
0.95308
0.97317
0.97454
0.97197
0.97669
0.97036
0.97692
0.95301
0.96946
0.97337
0.97739
0.96654
0.95537
0.96623
0.96723
0.97849
0.97974
0.96725
0.97612
0.97731
0.97807
0.93847
0.97559
0.93951
0.96397
0.97376
0.96989
0.97866
0.97378
0.97771
0.96577
0.96055
0.97115
0.97633
0.97853
0.95339
0.978
0.97681
0.98213
0.94667
0.97736
0.9736
0.96173
0.97378
0.97957
0.96382
0.97663
0.95518
0.97895
0.96549
0.94852
0.97571
0.97704
0.97259
0.9662
0.97589
0.96918
0.97995
0.95259
0.97425
0.97942
0.97981
0.91815
0.96364
0.97439
0.97271
0.97812
0.9799
0.94037
0.97428
0.97615
0.98237
0.95037
0.96698
0.97878
0.97371
0.98143
0.97908
0.97954
0.98041
0.96424
0.93813
0.97751
0.96849
0.97441
0.97684
0.95769
0.97613
0.97691
0.97643
0.98287
0.98137
0.94426
0.97165
0.95331
0.97289
0.96567
0.9611
0.97692
0.9781
0.97736
0.98026
0.98176
0.97889
0.98285
0.98194
0.98403
0.94978
0.95151
0.96505
0.95349
0.97528
0.96496
0.97215
0.97225
0.94472
0.97101
0.9662
0.98006
0.95906
0.97203
0.97422
0.97616
0.97028
0.97967
0.964
0.973
0.97329
0.97992
0.978
0.97694
0.96188
0.98061
0.98074
0.97471
0.9661
0.97811
0.9657
0.9724
0.94477
0.9681
0.97351
0.97201
0.96371
0.97595
0.97352
0.97707
0.95437
0.97753
0.98219
0.98162
0.94744
0.95462
0.97358
0.97152
0.9777
0.97108
0.96556
0.98006
0.96067
0.97367
0.97745
0.97519
0.97916
0.98013
0.97024
0.95064
0.97611
0.97862
0.9544
0.97731
0.97808
0.97735
0.982
0.97776
0.98127
0.98039
0.94582
0.98032
0.97212
0.97904
0.98036
0.97202
0.97831
0.94916
0.96517
0.97766
0.9771
0.97906
0.97819
0.98198
0.97803
0.93046
0.9733
0.96425
0.97493
0.96214
0.97345
0.96449
0.94815
0.97658
0.97144
0.9691
0.95209
0.96345
0.97593
0.9773
0.97857
0.9722
0.98019
0.95447
0.97224
0.97892
0.96048
0.97393
0.98071
0.97249
0.97854
0.95753
0.97763
0.96649
0.97892
0.96981
0.98241
0.97058
0.97988
0.98011
0.97818
0.93656
0.96007
0.97795
0.9647
0.97545
0.98036
0.97773
0.97329
0.98082
0.97567
0.98217
0.98212
0.9728
0.96626
0.98289
0.96567
0.98456
0.9591
0.97482
0.97468
0.98032
0.9574
0.97506
0.98127
0.95971
0.97664
0.98352
0.98062
0.95222
0.96916
0.97492
0.9792
0.98111
0.97155
0.98071
0.98333
0.95316
0.97867
0.96892
0.97851
0.98296
0.97934
0.98292
0.95119
0.96854
0.96775
0.97993
0.97487
0.9741
0.97261
0.97522
0.96844
0.98137
0.98272
0.97913
0.98167
0.98142
0.945
0.9597
0.97898
0.9796
0.97684
0.92502
0.96715
0.96539
0.97954
0.9775
0.97676
0.97005
0.95898
0.97751
0.97301
0.97884
0.9803
0.98334
0.9667
0.98423
0.94237
0.96767
0.98383
0.98286
0.97785
0.98291
0.94723
0.97586
0.97733
0.97727
0.94439
0.98186
0.96817
0.95458
0.98146
0.97908
0.97964
0.96577
0.98064
0.97284
0.98341
0.98316
0.95233
0.98213
0.96666
0.98399
0.97716
0.98113
0.98029
0.98453
0.98149
0.98247
0.98674
0.92429
0.97974
0.97834
0.97849
0.9727
0.97963
0.97797
0.984
0.98171
0.98135
0.94876
0.9731
0.98067
0.95261
0.98133
0.98304
0.98257
0.95065
0.98126
0.96889
0.97052
0.9761
0.96133
0.97932
0.97245
0.97638
0.98052
0.98394
0.95316
0.97984
0.97975
0.97962
0.97721
0.97436
0.98522
0.97617
0.98109
0.96445
0.97519
0.98263
0.98332
0.97967
0.98175
0.94913
0.9836
0.98252
0.9796
0.98271
0.95413
0.97132
0.9812
0.98204
0.98131
0.96152
0.98214
0.98621
0.98474
0.98559
0.96675
0.9842
0.97227
0.96128
0.98336
0.98472
0.96196
0.97477
0.97218
0.98485
0.97756
0.98154
0.98181
0.98482
0.97286
0.98446
0.97938
0.98602
0.95304
0.98468
0.96044
0.96855
0.97159
0.98018
0.98113
0.9826
0.96609
0.97516
0.98221
0.97481
0.97983
0.9673
0.97534
0.98231
0.98306
0.97407
0.97992
0.95444
0.97575
0.98666
0.97959
0.96941
0.98214
0.98014
0.98281
0.985
0.98402
0.96359
0.98502
0.98633
0.95482
0.97765
0.98591
0.98505
0.98156
0.98688
0.98759
0.95084
0.97844
0.97611
0.98648
0.97892
0.98628
0.98752
0.98795
0.97942
0.9891
0.95963
0.96953
0.98449
0.9851
0.98645
0.99104
0.98748
0.95216
0.98332
0.96554
0.98137
0.98441
0.98555
0.98333
0.96418
0.9833
0.99022
0.98799
0.98438
0.98549
0.98909
0.96737
0.9641
0.98683
0.98417
0.98824
0.96709
0.989
0.9808
0.9871
0.98399
0.96515
0.98277
0.97193
0.98647
0.98519
0.96155
0.9816
0.97962
0.98818
0.95746
0.98145
0.96644
0.98027
0.98496
0.98307
0.9834
0.98205
0.9701
0.98518
0.96813
0.97001
0.98141
0.98142
0.97842
0.98108
0.98314
0.9826
0.95376
0.98163
0.98008
0.98288
0.98442
0.98564
0.98618
0.98088
0.98301
0.98216
0.98573
0.98697
0.98246
0.98439
0.9588
0.97708
0.96965
0.97764
0.97211
0.98276
0.97534
0.98409
0.96554
0.97787
0.97634
0.98023
0.98261
0.98176
0.97719
0.98474
0.986
0.98599
0.98088
0.97105
0.98455
0.98502
0.98695
0.9876
0.98591
0.98836
0.95923
0.97312
0.98053
0.98381
0.9869
0.9818
0.98862
0.98585
0.98756
0.95462
0.98331
0.98492
0.97686
0.98726
0.97727
0.9847
0.96681
0.9889
0.96803
0.98319
0.98698
0.9868
0.98101
0.97425
0.98383
0.98523
0.98692
0.98909
0.95827
0.98154
0.98725
0.97654
0.9862
0.96609
0.9849
0.97832
0.98432
0.9831
0.98508
0.98764
0.98025
0.989
0.96701
0.98865
0.99003
0.98823
0.9865
0.96769
0.98784
