0.00575
0.14415
0.06677
0.04394
0.09626
0.11065
0.09954
0.07371
0.05943
0.08698
0.06087
0.04764
0.05129
0.06609
0.06754
0.06065
0.06241
0.04884
0.06608
0.04854
0.04644
0.04858
0.05161
0.04374
0.04008
0.03717
0.04035
0.05001
0.03715
0.03695
0.04751
0.04104
0.0314
0.02493
0.02637
0.03197
0.03425
0.02752
0.03005
0.02641
0.0346
0.02855
0.03225
0.02896
0.02075
0.02471
0.02966
0.01893
0.02414
0.03084
0.02279
0.01856
0.02578
0.02849
0.02666
0.01506
0.02197
0.02656
0.01736
0.0338
0.01989
0.02425
0.01649
0.03751
0.02021
0.02352
0.02227
0.02802
0.02712
0.02587
0.02417
0.01859
0.02573
0.01287
0.02475
0.02401
0.03019
0.02406
0.02013
0.01504
0.02619
0.01888
0.01187
0.02006
0.02157
0.02246
0.02702
0.01979
0.01543
0.03217
0.02294
0.01906
0.01727
0.01375
0.01374
0.02581
0.02342
0.02811
0.01942
0.02288
0.0262
0.01482
0.02655
0.02967
0.01567
0.01899
0.01464
0.02702
0.01747
0.0147
0.02032
0.01979
0.01659
0.01464
0.0229
0.01502
0.01374
0.02644
0.01949
0.0241
0.01538
0.02589
0.01699
0.0183
0.02151
0.01581
0.01705
0.02435
0.01436
0.01586
0.02051
0.0203
0.01785
0.0246
0.02027
0.0178
0.02207
0.01484
0.0223
0.01652
0.01333
0.01683
0.01464
0.02654
0.02332
0.01684
0.01466
0.02925
0.02016
0.01599
0.02694
0.02389
0.01681
0.02112
0.01627
0.04327
0.02439
0.01928
0.01953
0.01778
0.02162
0.0211
0.02112
0.0239
0.01491
0.0194
0.02004
0.02384
0.01746
0.01825
0.01946
0.01589
0.02026
0.01724
0.02082
0.0211
0.02246
0.01896
0.01871
0.02277
0.01736
0.01522
0.01737
0.01515
0.02701
0.0216
0.01419
0.01527
0.03242
0.01415
0.02211
0.01603
0.01918
0.01907
0.01338
0.02651
0.01098
0.01175
0.0186
0.01801
0.01516
0.02946
0.01274
0.01348
0.01708
0.01273
0.0146
0.01353
0.01174
0.03041
0.0098
0.01624
0.01482
0.02099
0.02006
0.01371
0.02283
0.01244
0.02333
0.01423
0.01259
0.01345
0.01797
0.0496
0.01064
0.01012
0.02788
0.0153
0.02585
0.00981
0.0131
0.01267
0.01914
0.01028
0.02436
0.01142
0.01025
0.01502
0.01193
0.01026
0.00932
0.019
0.01264
0.01299
0.02249
0.0117
0.01705
0.0163
0.01447
0.01438
0.01599
0.02239
0.03422
0.01284
0.02934
0.01385
0.01735
0.01144
0.01332
0.01573
0.01298
0.01519
0.01368
0.01901
0.01323
0.01945
0.01015
0.01301
0.01741
0.01972
0.00994
0.0164
0.01569
0.02311
0.01268
0.01881
0.02694
0.01535
0.0142
0.01546
0.02477
0.01501
0.01618
0.01511
0.01952
0.01752
0.02013
0.0196
0.01709
0.01336
0.0162
0.01684
0.01315
0.01349
0.01265
0.01382
0.01822
0.02962
0.01271
0.02444
0.01154
0.01715
0.00995
0.01285
0.013
0.01091
0.0267
0.01235
0.01211
0.03222
0.01031
0.01199
0.01048
0.01526
0.01158
0.01467
0.00923
0.01214
0.0257
0.01166
0.01265
0.00984
0.01338
0.01485
0.01926
0.01327
0.02331
0.01056
0.01058
0.01095
0.01183
0.01539
0.02026
0.0113
0.01565
0.02521
0.01169
0.01206
0.01411
0.01373
0.01147
0.01118
0.01125
0.01087
0.01137
0.02689
0.0106
0.01534
0.01227
0.01374
0.036
0.00954
0.02154
0.01072
0.01441
0.01441
0.02182
0.01267
0.02145
0.0132
0.01253
0.01021
0.02862
0.00934
0.02628
0.01082
0.01399
0.01354
0.01192
0.0204
0.01269
0.01022
0.02096
0.01445
0.00925
0.01144
0.03287
0.01182
0.01011
0.01221
0.01486
0.00888
0.02007
0.01096
0.00911
0.00898
0.00834
0.00778
0.02819
0.01158
0.02138
0.00773
0.01141
0.01185
0.00824
0.01106
0.00719
0.0379
0.00767
0.00833
0.01257
0.00774
0.02008
0.01203
0.01132
0.00878
0.00693
0.01401
0.00792
0.00684
0.00833
0.02935
0.00889
0.02069
0.01181
0.00914
0.01029
0.00782
0.01129
0.01063
0.01629
0.01204
0.01049
0.00834
0.00856
0.0194
0.0086
0.00736
0.01051
0.01883
0.00824
0.00837
0.01801
0.00772
0.00675
0.02082
0.00693
0.02105
0.00667
0.01711
0.01777
0.00987
0.01191
0.00988
0.01823
0.00675
0.01022
0.00538
0.02148
0.00734
0.00817
0.00893
0.04102
0.00946
0.0094
0.0116
0.00678
0.00761
0.02464
0.01162
0.00721
0.00685
0.02843
0.01417
0.00758
0.01007
0.00747
0.00777
0.00685
0.00874
0.0224
0.02675
0.00767
0.0148
0.00652
0.00736
0.02174
0.00664
0.00701
0.01342
0.00754
0.00836
0.03042
0.00638
0.01424
0.00783
0.01031
0.02134
0.00731
0.00809
0.00991
0.00818
0.0079
0.00919
0.0068
0.00726
0.00627
0.02487
0.02166
0.00617
0.02034
0.00807
0.01254
0.01033
0.00943
0.02219
0.01287
0.00716
0.00608
0.01366
0.00583
0.00792
0.00876
0.01191
0.00705
0.01347
0.01219
0.00775
0.00595
0.00572
0.00944
0.01238
0.00579
0.00677
0.00666
0.01257
0.00484
0.0102
0.01016
0.01688
0.01079
0.01025
0.01096
0.01193
0.00752
0.00883
0.01082
0.01104
0.00742
0.00688
0.0079
0.02066
0.0197
0.00845
0.00908
0.0073
0.01254
0.01482
0.00568
0.01075
0.00874
0.00625
0.00696
0.00741
0.00639
0.01623
0.02306
0.00755
0.00652
0.02347
0.00655
0.00664
0.00802
0.00834
0.00767
0.00967
0.00662
0.02553
0.00721
0.01053
0.00621
0.00631
0.01116
0.00823
0.03492
0.00582
0.00785
0.0088
0.00786
0.00789
0.00806
0.01832
0.02287
0.00767
0.01513
0.00513
0.01513
0.0075
0.00874
0.02202
0.00843
0.00971
0.01338
0.01346
0.01388
0.00757
0.00796
0.0079
0.01106
0.00693
0.01855
0.01202
0.00944
0.01516
0.00772
0.00812
0.00916
0.00702
0.01507
0.00894
0.01708
0.0086
0.01208
0.00613
0.00815
0.00754
0.00773
0.00935
0.02832
0.01732
0.01012
0.01219
0.00658
0.00706
0.00782
0.00935
0.00601
0.00699
0.01054
0.0072
0.01002
0.01413
0.00749
0.00677
0.00513
0.02082
0.00787
0.00852
0.00644
0.01575
0.00764
0.00766
0.01727
0.01077
0.00656
0.00696
0.02871
0.00441
0.00718
0.00881
0.00604
0.01124
0.00641
0.00781
0.02535
0.00363
0.01055
0.00712
0.00767
0.00748
0.00732
0.02087
0.01546
0.01356
0.01036
0.00896
0.01096
0.01253
0.00889
0.01096
0.00559
0.00678
0.00738
0.00877
0.00912
0.01883
0.01688
0.00537
0.00771
0.0184
0.02699
0.0119
0.01435
0.00887
0.00976
0.00765
0.00941
0.02031
0.0069
0.00682
0.00778
0.00821
0.00688
0.01433
0.00449
0.02535
0.00665
0.00644
0.00674
0.0118
0.00563
0.02536
0.00765
0.00955
0.01282
0.0213
0.00701
0.01121
0.01557
0.00537
0.00692
0.0072
0.01527
0.00656
0.0109
0.00781
0.00689
0.02205
0.00694
0.00875
0.00539
0.00638
0.00626
0.00703
0.0067
0.00793
0.008
0.0067
0.03976
0.00537
0.00941
0.01093
0.00712
0.00783
0.00867
0.00662
0.00716
0.01604
0.02271
0.00781
0.00858
0.02391
0.00812
0.00697
0.00551
0.01895
0.00543
0.01423
0.00556
0.00902
0.01754
0.00606
0.00763
0.00678
0.0075
0.00804
0.01266
0.00773
0.00841
0.00618
0.00897
0.0073
0.00548
0.00906
0.00668
0.00774
0.00782
0.00663
0.00742
0.00611
0.01097
0.01441
0.00521
0.0062
0.00854
0.00661
0.01894
0.00914
0.00521
0.00663
0.00695
0.01811
0.00416
0.00606
0.00591
0.01187
0.01492
0.00457
0.01212
0.01084
0.00545
0.00632
0.01542
0.00809
0.00688
0.00509
0.0064
0.00724
0.00782
0.00516
0.00886
0.00486
0.00684
0.00427
0.01919
0.00499
0.01587
0.007
0.00657
0.00682
0.00758
0.00721
0.01434
0.01153
0.00721
0.01042
0.0128
0.00481
0.00891
0.00734
0.00664
0.00674
0.00883
0.01877
0.00478
0.00579
0.00692
0.01411
0.00489
0.00761
0.00692
0.0065
0.00702
0.01447
0.00639
0.00744
0.01646
0.00585
0.00495
0.00596
0.00768
0.0051
0.00483
0.02705
0.00479
0.00701
0.00348
0.00727
0.00694
0.00539
0.0048
0.00804
0.00412
0.02195
0.01347
0.00563
0.00746
0.00464
0.00428
0.005
0.02116
0.00412
0.01355
0.00587
0.00583
0.00682
0.00668
0.01919
0.00552
0.00463
0.00623
0.00461
0.00506
0.00459
0.02084
0.01171
0.00451
0.00455
0.00431
0.011
0.00402
0.00552
0.00481
0.00629
0.01535
0.0049
0.00909
0.00436
0.00496
0.01811
0.00507
0.00697
0.00485
0.01882
0.00494
0.01607
0.00389
0.00548
0.0063
0.00617
0.00718
0.01215
0.00517
0.01234
0.00933
0.00595
0.00703
0.00661
0.00634
0.00627
0.00679
0.01137
0.00708
0.00496
0.00394
0.00608
0.00593
0.00462
0.00889
0.00725
0.00498
0.00442
0.00374
0.00511
0.00676
0.02439
0.00745
0.01239
0.0069
0.00444
0.00763
0.00637
0.00533
0.01871
0.00789
0.0092
0.0052
0.00487
0.01036
0.00871
0.00545
0.006
0.00621
0.01667
0.0064
0.00922
0.00703
0.00512
0.00532
0.00399
0.00646
0.02354
0.01037
0.00418
0.00607
0.00637
0.00534
0.00439
0.00516
0.00402
0.02144
0.00384
0.0058
0.01099
0.00487
0.00813
0.00786
0.0098
0.00427
0.01733
0.00484
0.00536
0.00519
0.01021
0.01295
0.00392
0.00499
0.00582
0.00531
0.01449
0.00529
0.00416
0.00635
0.00643
0.01526
0.00472
0.00684
0.00689
0.00545
0.00595
0.00496
0.01028
0.00464
0.01822
0.00263
0.0035
0.00426
0.00332
0.01531
0.00279
