0.19029
0.29055
0.16948
0.15941
0.20188
0.21575
0.26
0.24858
0.22328
0.24458
0.21881
0.19177
0.19956
0.23999
0.23548
0.20913
0.20325
0.1918
0.1977
0.1698
0.16969
0.1578
0.16739
0.15473
0.14534
0.14667
0.13559
0.13671
0.15438
0.12441
0.14664
0.13333
0.11462
0.11145
0.11406
0.12157
0.1328
0.11696
0.11969
0.11212
0.13712
0.10939
0.11382
0.10577
0.11072
0.09218
0.10552
0.10158
0.10103
0.12021
0.1088
0.08838
0.0982
0.1178
0.09828
0.08007
0.07654
0.11086
0.08406
0.08693
0.09865
0.09242
0.07517
0.10715
0.10406
0.0715
0.07211
0.09634
0.09945
0.0828
0.08699
0.07491
0.08855
0.06475
0.09541
0.08603
0.1153
0.08887
0.08354
0.07137
0.08033
0.08648
0.05887
0.08116
0.08733
0.07638
0.08259
0.06697
0.05826
0.10052
0.08621
0.09598
0.07125
0.05968
0.05651
0.08226
0.08464
0.09016
0.07773
0.07719
0.09138
0.06682
0.08397
0.08799
0.05998
0.07027
0.07162
0.08158
0.07402
0.0625
0.06494
0.0807
0.06836
0.06415
0.07597
0.05449
0.05221
0.05872
0.09046
0.08199
0.06048
0.07992
0.07407
0.06663
0.07391
0.0719
0.05866
0.06653
0.06736
0.06931
0.08562
0.07904
0.0697
0.0645
0.07153
0.06661
0.07375
0.06779
0.06052
0.07819
0.05514
0.05969
0.05862
0.07506
0.07585
0.07978
0.05333
0.06829
0.0757
0.06239
0.07926
0.07861
0.05571
0.06017
0.05373
0.08163
0.08808
0.06406
0.05394
0.05126
0.06434
0.04955
0.07634
0.07716
0.05249
0.06621
0.07163
0.07117
0.05247
0.04989
0.06324
0.05655
0.06265
0.06259
0.06589
0.07524
0.06592
0.06237
0.06399
0.06806
0.06626
0.04756
0.04992
0.04757
0.07097
0.07009
0.05154
0.04457
0.07279
0.06646
0.0664
0.05661
0.06381
0.05231
0.04539
0.06358
0.04935
0.04227
0.05202
0.06523
0.046
0.07048
0.05859
0.05037
0.0589
0.04888
0.04574
0.0446
0.0458
0.08459
0.05524
0.05067
0.04497
0.06862
0.06379
0.04554
0.06865
0.04209
0.06484
0.04188
0.04747
0.03866
0.05374
0.09289
0.06025
0.04328
0.07361
0.04712
0.06069
0.04167
0.03655
0.03884
0.05591
0.03809
0.06729
0.04623
0.03907
0.05276
0.04301
0.03516
0.03285
0.06254
0.04703
0.04311
0.04998
0.07687
0.05222
0.05118
0.04185
0.04405
0.04077
0.05812
0.07187
0.04451
0.06205
0.05788
0.05417
0.05795
0.04045
0.0417
0.04488
0.038
0.03551
0.05988
0.04569
0.0486
0.03459
0.03552
0.05684
0.05588
0.03617
0.04413
0.04475
0.06291
0.04398
0.05197
0.06469
0.05369
0.04185
0.04045
0.05063
0.05414
0.04198
0.03445
0.05301
0.05829
0.06563
0.05538
0.0528
0.0486
0.04882
0.03949
0.03706
0.03106
0.03315
0.02909
0.05547
0.06625
0.04927
0.06605
0.04003
0.04412
0.04017
0.03665
0.03667
0.03317
0.06175
0.04533
0.03712
0.06143
0.04343
0.03129
0.0289
0.04639
0.03752
0.04281
0.03238
0.03337
0.06164
0.03694
0.03874
0.03322
0.03824
0.03849
0.04419
0.05294
0.05381
0.03954
0.0315
0.02765
0.02565
0.0449
0.05749
0.03602
0.04047
0.05294
0.0517
0.03618
0.04718
0.03828
0.03675
0.02972
0.0405
0.03162
0.02982
0.06546
0.03454
0.03996
0.03265
0.03008
0.07644
0.03924
0.0516
0.03316
0.03555
0.03242
0.03406
0.04979
0.05629
0.03833
0.02871
0.03232
0.061
0.03421
0.06265
0.03975
0.0367
0.03104
0.02924
0.04539
0.03001
0.03096
0.04885
0.03534
0.02842
0.02931
0.06119
0.03403
0.0377
0.03145
0.04778
0.03033
0.0431
0.03197
0.02836
0.02717
0.02305
0.02241
0.06244
0.04238
0.04747
0.02893
0.02513
0.02768
0.02297
0.02849
0.02361
0.05695
0.03289
0.02748
0.02029
0.03651
0.04421
0.03292
0.03225
0.02196
0.02075
0.0321
0.02156
0.02396
0.02062
0.06559
0.02916
0.05899
0.03696
0.0266
0.02907
0.02207
0.02376
0.02308
0.02746
0.04671
0.02782
0.02403
0.02172
0.04789
0.02181
0.02271
0.0165
0.05401
0.02284
0.02568
0.03786
0.02638
0.02003
0.03473
0.02567
0.04437
0.02228
0.02706
0.0574
0.02476
0.02297
0.02601
0.03374
0.02572
0.02837
0.02271
0.04687
0.02583
0.02129
0.01976
0.08278
0.03806
0.02647
0.0247
0.02308
0.01943
0.05948
0.02484
0.02495
0.01783
0.05066
0.03261
0.02184
0.02589
0.0188
0.02012
0.021
0.01824
0.02973
0.06955
0.02384
0.03233
0.02462
0.02187
0.0394
0.02802
0.02373
0.02235
0.01746
0.01828
0.0561
0.02868
0.04424
0.02966
0.03294
0.04149
0.02287
0.02164
0.02217
0.01903
0.01829
0.02017
0.01807
0.01723
0.01543
0.04695
0.0498
0.04044
0.04594
0.02553
0.0362
0.02806
0.02736
0.05081
0.032
0.03562
0.02047
0.03242
0.03567
0.02521
0.02362
0.02924
0.02022
0.03737
0.02496
0.02774
0.02097
0.02138
0.02168
0.03786
0.02097
0.0195
0.0245
0.02951
0.02639
0.03284
0.02379
0.06059
0.03281
0.02542
0.02671
0.03856
0.02304
0.0251
0.02167
0.0474
0.0228
0.0169
0.01878
0.05195
0.04391
0.0292
0.02754
0.0234
0.02807
0.0338
0.02101
0.03775
0.02722
0.02332
0.02369
0.0216
0.01915
0.02608
0.0532
0.02446
0.02078
0.04339
0.02541
0.02214
0.02261
0.01711
0.0223
0.01775
0.01941
0.0566
0.0207
0.02784
0.02047
0.02037
0.02799
0.0213
0.05563
0.0412
0.02206
0.02289
0.02064
0.02186
0.01751
0.01961
0.07104
0.02915
0.03336
0.02832
0.03796
0.02661
0.03699
0.04857
0.02547
0.0294
0.02821
0.05008
0.03346
0.02623
0.02255
0.02115
0.02617
0.0224
0.04471
0.02696
0.02216
0.03779
0.02522
0.02012
0.02784
0.02141
0.04169
0.0223
0.03363
0.02082
0.02897
0.01933
0.02605
0.02292
0.01992
0.01985
0.06505
0.04067
0.02317
0.03447
0.02665
0.02039
0.02127
0.02758
0.01814
0.02346
0.01775
0.0174
0.02645
0.03078
0.01901
0.03495
0.01623
0.03374
0.03199
0.02525
0.02012
0.04225
0.02424
0.02009
0.03937
0.02227
0.01736
0.01968
0.04714
0.03286
0.02483
0.0221
0.01856
0.0279
0.01877
0.01616
0.04288
0.0252
0.02903
0.02362
0.01653
0.02103
0.01701
0.04706
0.02929
0.03486
0.02295
0.02433
0.02278
0.02971
0.02428
0.03048
0.01953
0.01651
0.02082
0.01805
0.01766
0.05733
0.03801
0.0233
0.02008
0.02004
0.0799
0.03277
0.03378
0.0208
0.02192
0.02198
0.03004
0.04156
0.02274
0.02822
0.01983
0.02046
0.01638
0.03238
0.01781
0.05327
0.03425
0.01729
0.01733
0.0213
0.01679
0.05221
0.02457
0.0237
0.0204
0.05556
0.01947
0.03209
0.04099
0.02393
0.02074
0.01992
0.03202
0.02107
0.02582
0.017
0.01736
0.04483
0.02075
0.03333
0.01747
0.02142
0.01944
0.01921
0.01575
0.01686
0.01905
0.01539
0.0742
0.02396
0.02097
0.02119
0.02687
0.0214
0.02198
0.01613
0.01746
0.01548
0.06034
0.02656
0.01953
0.04654
0.01977
0.01723
0.01694
0.04325
0.02497
0.02319
0.03566
0.0241
0.03704
0.02204
0.02893
0.02285
0.01981
0.01687
0.04493
0.02119
0.01984
0.01987
0.02248
0.02307
0.01829
0.02164
0.02125
0.03589
0.02354
0.01718
0.01611
0.0192
0.01577
0.0538
0.01683
0.01815
0.01975
0.01757
0.04551
0.02904
0.01951
0.01799
0.01807
0.03906
0.01753
0.01365
0.0149
0.01455
0.0321
0.01755
0.02433
0.04155
0.0171
0.01601
0.03363
0.02425
0.03255
0.01486
0.01954
0.01963
0.01808
0.01497
0.02721
0.01608
0.01922
0.01548
0.04681
0.01643
0.0351
0.03308
0.0306
0.02077
0.0192
0.01692
0.03287
0.02526
0.01744
0.02455
0.01801
0.03695
0.02317
0.01778
0.01644
0.02541
0.01951
0.03878
0.03067
0.015
0.01984
0.02896
0.0187
0.01892
0.01726
0.0151
0.01523
0.03652
0.01569
0.01343
0.04588
0.02131
0.01586
0.01558
0.01763
0.01302
0.01263
0.0483
0.02321
0.02331
0.01402
0.01999
0.01355
0.01283
0.01199
0.0196
0.01156
0.03622
0.03363
0.01612
0.0152
0.01367
0.00896
0.01187
0.04245
0.02154
0.03066
0.02245
0.01522
0.01489
0.01652
0.03447
0.01743
0.01172
0.0117
0.01567
0.01263
0.01176
0.03238
0.03452
0.01606
0.01543
0.01246
0.03073
0.01343
0.01818
0.01357
0.01463
0.03446
0.01927
0.02559
0.0167
0.01456
0.03812
0.01891
0.01877
0.01334
0.03822
0.02223
0.03246
0.02176
0.01555
0.0165
0.01591
0.01771
0.03001
0.01609
0.02827
0.03014
0.02017
0.01805
0.02053
0.02031
0.01627
0.01776
0.04615
0.019
0.01958
0.01797
0.01539
0.01403
0.01378
0.01847
0.01678
0.01798
0.01417
0.0127
0.01756
0.01539
0.0371
0.02712
0.02858
0.02213
0.02902
0.01817
0.02428
0.01693
0.03056
0.02366
0.02266
0.02228
0.01724
0.01676
0.02304
0.01558
0.01383
0.01366
0.01462
0.03215
0.01638
0.01509
0.01326
0.0114
0.01415
0.01157
0.03917
0.03042
0.01882
0.01697
0.01375
0.01631
0.01253
0.01432
0.0127
0.04183
0.01895
0.01534
0.02164
0.01435
0.02073
0.01598
0.03259
0.01233
0.02852
0.02201
0.01332
0.01259
0.01748
0.02478
0.01667
0.01494
0.01358
0.01019
0.0416
0.01929
0.0131
0.02027
0.01628
0.03093
0.01816
0.02167
0.01542
0.01628
0.01566
0.01246
0.01916
0.01127
0.03034
0.01437
0.01116
0.01143
0.01271
0.02736
0.01709
