0.9698
0.95245
0.97214
0.96373
0.95409
0.94998
0.96407
0.95952
0.95593
0.95616
0.96359
0.96983
0.9664
0.95477
0.95934
0.96293
0.97142
0.9563
0.95986
0.95968
0.96658
0.96693
0.97292
0.97169
0.96363
0.9696
0.96868
0.97043
0.97152
0.96641
0.97427
0.97868
0.97605
0.98409
0.98321
0.98099
0.98236
0.97923
0.98016
0.9814
0.97427
0.97574
0.97832
0.98177
0.98143
0.98513
0.98069
0.98347
0.98662
0.97859
0.98046
0.98274
0.97833
0.97724
0.9815
0.97846
0.97963
0.98041
0.98294
0.97647
0.97642
0.97833
0.98156
0.98085
0.98124
0.9802
0.98108
0.9768
0.98029
0.98084
0.98112
0.98355
0.98522
0.98574
0.98034
0.98135
0.98678
0.98279
0.98346
0.97399
0.98023
0.98197
0.98175
0.97374
0.97398
0.98229
0.98348
0.985
0.98347
0.98275
0.98026
0.98163
0.98019
0.98337
0.9842
0.98184
0.97906
0.98346
0.98086
0.98562
0.98219
0.97733
0.98225
0.97686
0.98149
0.97579
0.97967
0.98213
0.9806
0.97447
0.98225
0.98237
0.97623
0.98102
0.97782
0.9808
0.9818
0.98372
0.9801
0.98207
0.98358
0.97523
0.97861
0.97891
0.97937
0.98016
0.98169
0.98272
0.97853
0.98164
0.98421
0.98562
0.98329
0.98244
0.98318
0.98302
0.98513
0.98601
0.98632
0.98416
0.98099
0.97679
0.97826
0.98058
0.98019
0.97715
0.97499
0.98115
0.98186
0.98299
0.98239
0.9858
0.98363
0.98006
0.98465
0.98446
0.97387
0.98294
0.98234
0.98117
0.98413
0.98385
0.98385
0.98087
0.98323
0.98512
0.98096
0.97264
0.9772
0.97889
0.98306
0.98237
0.98181
0.98209
0.98241
0.9838
0.98594
0.98615
0.98457
0.98666
0.98899
0.98782
0.98851
0.98788
0.9853
0.98873
0.98847
0.9868
0.98425
0.98334
0.98028
0.98578
0.9819
0.9817
0.97951
0.98174
0.98266
0.98187
0.98428
0.98622
0.98739
0.9865
0.98892
0.98919
0.98881
0.98335
0.98578
0.98666
0.98678
0.98703
0.99
0.99194
0.99297
0.98485
0.98231
0.98412
0.98729
0.98686
0.98281
0.98426
0.98381
0.98678
0.98249
0.98134
0.98104
0.9825
0.98402
0.98481
0.98101
0.98446
0.9824
0.9787
0.98209
0.98677
0.98396
0.98814
0.98347
0.97937
0.98487
0.98319
0.98587
0.98805
0.98719
0.98818
0.98688
0.98773
0.98852
0.98775
0.98488
0.98686
0.98612
0.98411
0.98676
0.98063
0.98615
0.98591
0.98261
0.98461
0.98267
0.9846
0.9851
0.98523
0.98971
0.98729
0.98451
0.98552
0.98644
0.98731
0.98182
0.98572
0.98629
0.98604
0.98872
0.98428
0.9838
0.98294
0.98067
0.98741
0.98108
0.98348
0.9857
0.98304
0.98491
0.98345
0.98655
0.9841
0.98443
0.98463
0.98775
0.9833
0.98714
0.98843
0.98684
0.98813
0.98895
0.9926
0.99116
0.98768
0.98456
0.98982
0.99028
0.99141
0.99225
0.98739
0.98379
0.99043
0.99075
0.98787
0.98703
0.98977
0.98895
0.98841
0.99013
0.98595
0.99185
0.98982
0.99186
0.98987
0.99102
0.989
0.98708
0.99113
0.98774
0.99029
0.99083
0.99182
0.99016
0.99243
0.99328
0.98793
0.99127
0.99417
0.9862
0.98769
0.99101
0.99109
0.98972
0.99056
0.9922
0.98827
0.99208
0.99195
0.99316
0.99536
0.98765
0.99424
0.99145
0.99664
0.99285
0.99445
0.99358
0.99182
0.99452
0.99187
0.98627
0.99239
0.99299
0.99073
0.99236
0.99087
0.98872
0.99326
0.9919
0.99202
0.99136
0.98995
0.99043
0.99263
0.99222
0.99161
0.99403
0.99246
0.99074
0.98757
0.98627
0.99172
0.9914
0.99288
0.98821
0.99045
0.98832
0.98949
0.99156
0.98771
0.99162
0.99293
0.99158
0.98804
0.98998
0.99057
0.98961
0.99066
0.9907
0.99042
0.9889
0.99127
0.99169
0.98748
0.99008
0.99053
0.98806
0.98909
0.99145
0.9878
0.98872
0.99227
0.99123
0.98975
0.99107
0.99084
0.99232
0.99031
0.9907
0.99126
0.98934
0.98868
0.98783
0.9881
0.98419
0.99156
0.99069
0.98594
0.99251
0.98967
0.99009
0.99242
0.99168
0.99023
0.99121
0.99202
0.991
0.99351
0.99246
0.99133
0.98868
0.98659
0.99052
0.98545
0.98541
0.98839
0.98674
0.9885
0.98939
0.98654
0.99154
0.99382
0.9935
0.99038
0.98554
0.98867
0.99003
0.99358
0.99069
0.99323
0.9926
0.98989
0.98932
0.9879
0.99084
0.98794
0.98725
0.9855
0.98647
0.98607
0.98596
0.98959
0.98781
0.98594
0.98966
0.99063
0.98624
0.98898
0.99003
0.99291
0.98838
0.99141
0.99319
0.99265
0.99285
0.99251
0.99227
0.99275
0.99116
0.98802
0.99147
0.99225
0.99085
0.99209
0.98355
0.98904
0.99147
0.99171
0.99072
0.99308
0.99383
0.99301
0.9901
0.99081
0.98812
0.99256
0.99059
0.99128
0.9934
0.99093
0.99256
0.99002
0.99414
0.9945
0.9943
0.99201
0.99269
0.99417
0.99221
0.98855
0.99219
0.98868
0.99172
0.99036
0.98926
0.99062
0.98976
0.98843
0.99152
0.99275
0.98785
0.99169
0.99037
0.99135
0.99242
0.98652
0.98763
0.98697
0.99223
0.9904
0.98967
0.98896
0.98927
0.98907
0.99019
0.99078
0.98773
0.99098
0.99448
0.99198
0.99017
0.99273
0.99199
0.99351
0.99355
0.99505
0.992
0.9939
0.99379
0.98858
0.99346
0.99142
0.99027
0.99241
0.99394
0.99084
0.99063
0.99188
0.99022
0.98882
0.99091
0.99069
0.99496
0.99278
0.99233
0.99327
0.99243
0.99042
0.99622
0.99419
0.99164
0.99105
0.99071
0.98849
0.98877
0.98745
0.9859
0.98913
0.99194
0.98923
0.99025
0.99011
0.98961
0.992
0.99197
0.99069
0.9882
0.98931
0.9929
0.99519
0.99191
0.99158
0.99022
0.98957
0.98992
0.98542
0.98682
0.99106
0.99355
0.99152
0.99375
0.9951
0.99303
0.99271
0.99397
0.99262
0.99018
0.99139
0.99159
0.9901
0.99053
0.99272
0.99271
0.99173
0.98762
0.98837
0.98503
0.98885
0.99029
0.99032
0.98961
0.98735
0.99217
0.99033
0.99049
0.99101
0.99193
0.98969
0.99009
0.98747
0.99037
0.99054
0.98931
0.99233
0.98958
0.99183
0.98673
0.99254
0.99219
0.98857
0.98632
0.99296
0.99228
0.98916
0.99324
0.99249
0.99667
0.99471
0.99247
0.99133
0.99553
0.99412
0.99412
0.99264
0.9938
0.99103
0.98958
0.99025
0.98977
0.99088
0.99032
0.98887
0.99242
0.98998
0.99239
0.99328
0.99522
0.99274
0.99162
0.9918
0.99256
0.99214
0.98703
0.99175
0.98837
0.9914
0.99124
0.99026
0.99423
0.99254
0.98868
0.99423
0.9927
0.99315
0.99256
0.9904
0.99385
0.99416
0.99339
0.99368
0.99236
0.98734
0.99236
0.99193
0.99225
0.9947
0.9921
0.99349
0.99405
0.99124
0.99104
0.98971
0.99057
0.99113
0.98871
0.99076
0.98463
0.99052
0.9932
0.98937
0.98688
0.99152
0.99448
0.9941
0.99119
0.98934
0.98724
0.99346
0.99235
0.99382
0.99139
0.99455
0.9924
0.99133
0.99367
0.99282
0.99358
0.99157
0.99082
0.99546
0.99334
0.99472
0.99433
0.99174
0.99577
0.99264
0.99476
0.99386
0.99123
0.9902
0.99265
0.99358
0.99109
0.99351
0.99384
0.98907
0.99304
0.99145
0.98925
0.98785
0.99262
0.9916
0.99069
0.98982
0.98941
0.99085
0.99312
0.99354
0.99239
0.99105
0.99201
0.9928
0.99123
0.98951
0.99338
0.99196
0.99278
0.99195
0.99348
0.99348
0.99464
0.99469
0.99253
0.99395
0.99158
0.99398
0.99557
0.99568
0.99372
0.99486
0.99215
0.99304
0.99233
0.99271
0.99489
0.99258
0.99259
0.99336
0.9948
0.99448
0.99264
0.99117
0.98926
0.99504
0.99438
0.99307
0.98806
0.99308
0.99608
0.9937
0.99352
0.9946
0.99427
0.99275
0.99431
0.99385
0.99176
0.99309
0.99016
0.99292
0.99568
0.99399
0.99209
0.99309
0.99391
0.99279
0.9944
0.99489
0.99798
0.99446
0.99017
0.99268
0.99614
0.9924
0.99188
0.99312
0.99435
0.99277
0.98874
0.99276
0.99527
0.99568
0.99575
0.9932
0.99036
0.99003
0.99515
0.99333
0.99301
0.99465
0.99239
0.99114
0.99134
0.99389
0.99405
0.99579
0.99472
0.99338
0.99017
0.99616
0.99459
0.99311
0.99534
0.99484
0.99203
0.99194
0.99191
0.99267
0.99425
0.99296
0.99091
0.99437
0.99328
0.9897
0.99521
0.99444
0.99359
0.99262
0.99289
0.99286
0.99202
0.99182
0.9938
0.99692
0.99398
0.99405
0.99707
0.99688
0.99479
0.9933
0.99497
0.99394
0.99313
0.99428
0.99472
0.99361
0.99455
0.99447
0.99042
0.99258
0.99496
0.99557
0.99472
0.99492
0.99653
0.9936
0.99348
0.99371
0.99294
0.99398
0.99119
0.99524
0.99354
0.9951
0.995
0.99357
0.99563
0.99412
0.99374
0.99802
0.9946
0.99312
0.99345
0.99371
0.99945
0.9971
0.99104
0.99303
0.98695
0.99309
0.99415
0.99462
0.99546
0.99623
0.99308
0.9948
0.99255
0.99296
0.99055
0.99476
0.99294
0.99204
0.99218
0.99336
0.99527
0.99414
0.98997
0.99147
0.99123
0.99392
0.99394
0.9918
0.99445
0.99392
0.99385
0.99266
0.99502
0.994
0.99521
0.99602
0.99415
0.99418
0.99408
0.99245
0.99206
0.99461
0.99242
0.99121
0.99135
0.99351
0.99297
0.98743
0.99224
0.99158
0.99032
0.99311
0.99301
0.99198
0.99381
0.98995
0.99474
0.99341
0.99148
0.99096
0.99636
0.99297
0.99195
0.99519
0.99289
0.99188
0.99262
0.98911
0.99407
0.99245
0.99254
0.99308
0.99439
0.99217
0.99332
0.99258
0.99342
0.99389
0.99302
0.99145
0.99196
0.98965
