0.03271
0.04365
0.0257
0.03333
0.04446
0.04675
0.03646
0.04083
0.04243
0.0403
0.03736
0.02869
0.03429
0.04429
0.03936
0.03775
0.02743
0.04415
0.0399
0.03866
0.0336
0.03379
0.02439
0.03057
0.03549
0.02925
0.03037
0.03065
0.02612
0.03478
0.02631
0.02119
0.02343
0.01547
0.01483
0.01987
0.0165
0.02126
0.01856
0.01808
0.02436
0.0249
0.02086
0.01903
0.01793
0.01456
0.01891
0.01643
0.0134
0.02101
0.01902
0.01562
0.02216
0.02258
0.01898
0.02016
0.02049
0.01952
0.01566
0.02172
0.02505
0.02177
0.01856
0.01761
0.01938
0.01985
0.01863
0.0211
0.02096
0.01882
0.01797
0.01579
0.01549
0.01218
0.02038
0.01961
0.01317
0.01627
0.01592
0.02712
0.01806
0.01924
0.01529
0.02908
0.02536
0.01779
0.01609
0.0147
0.01619
0.01582
0.0193
0.01966
0.01958
0.01637
0.01477
0.01716
0.0227
0.01621
0.01871
0.01432
0.01549
0.02529
0.01451
0.02522
0.01724
0.02327
0.02196
0.0185
0.01736
0.02539
0.01875
0.01536
0.02506
0.01939
0.02289
0.01864
0.0182
0.01482
0.02094
0.01751
0.0134
0.02821
0.0211
0.02038
0.01977
0.01847
0.02045
0.01665
0.02156
0.0188
0.01574
0.01275
0.01791
0.01461
0.01931
0.01694
0.01537
0.01332
0.01374
0.01541
0.01634
0.02339
0.025
0.01931
0.01698
0.02185
0.02716
0.01877
0.01742
0.01811
0.01682
0.01479
0.0141
0.02146
0.01547
0.01338
0.02605
0.02001
0.01743
0.01664
0.01606
0.01872
0.01531
0.01962
0.016
0.01466
0.01616
0.02887
0.02098
0.02345
0.01608
0.01888
0.01651
0.01628
0.01961
0.01682
0.01394
0.01342
0.01559
0.01267
0.01082
0.01244
0.01136
0.01036
0.0165
0.01091
0.01166
0.01314
0.01476
0.01427
0.02243
0.01451
0.01593
0.01777
0.02014
0.0207
0.01545
0.01989
0.01457
0.01416
0.01176
0.01272
0.01315
0.01048
0.00853
0.01812
0.01536
0.01276
0.01258
0.01342
0.01016
0.00773
0.00716
0.01275
0.01921
0.01755
0.01199
0.01317
0.01455
0.01724
0.01623
0.01403
0.01441
0.02061
0.02003
0.01531
0.01755
0.01222
0.01982
0.01766
0.01485
0.02115
0.02055
0.01303
0.01588
0.01148
0.01369
0.02173
0.01665
0.01479
0.01644
0.0113
0.01334
0.01003
0.01521
0.01118
0.01227
0.00928
0.01838
0.01253
0.01131
0.01863
0.01037
0.02187
0.01211
0.01571
0.01569
0.01547
0.01727
0.01523
0.01458
0.01635
0.00922
0.01462
0.01445
0.01235
0.01706
0.01164
0.01598
0.01744
0.01312
0.01435
0.01041
0.01337
0.01756
0.01549
0.02184
0.01131
0.01995
0.01676
0.01223
0.01613
0.01786
0.01574
0.01446
0.01365
0.01548
0.01761
0.01058
0.01643
0.01513
0.00863
0.01384
0.0139
0.01055
0.00752
0.00846
0.00918
0.01857
0.00934
0.01079
0.00819
0.00782
0.01033
0.01672
0.01156
0.00892
0.01084
0.01264
0.0115
0.01102
0.01115
0.00827
0.01638
0.00799
0.00883
0.00939
0.01054
0.00781
0.009
0.01526
0.00953
0.01162
0.0099
0.00871
0.00794
0.0103
0.00679
0.00753
0.01071
0.01129
0.0074
0.01143
0.01255
0.00877
0.0095
0.01048
0.00901
0.00943
0.00876
0.00951
0.00815
0.00685
0.00471
0.01067
0.00729
0.00799
0.00392
0.00565
0.00666
0.00498
0.00783
0.00717
0.00586
0.01563
0.00803
0.00737
0.00793
0.00852
0.00631
0.01301
0.00665
0.0094
0.00754
0.00605
0.01153
0.0094
0.00861
0.00593
0.00897
0.00679
0.00716
0.00702
0.01264
0.01541
0.00932
0.0058
0.01004
0.00891
0.0088
0.00918
0.01325
0.00643
0.01286
0.00998
0.00663
0.00621
0.0142
0.01018
0.00682
0.01318
0.00682
0.00977
0.01198
0.0102
0.00912
0.00679
0.01127
0.01257
0.00778
0.01071
0.01131
0.00998
0.01027
0.01039
0.01053
0.00875
0.00732
0.00793
0.00979
0.00589
0.01125
0.0087
0.00827
0.01107
0.01077
0.01399
0.0092
0.01554
0.0114
0.00685
0.01634
0.007
0.00738
0.01197
0.00789
0.00773
0.01004
0.0068
0.00922
0.00868
0.00816
0.00666
0.00614
0.0144
0.01238
0.00788
0.01535
0.01416
0.0127
0.01188
0.01421
0.00837
0.01381
0.0102
0.00596
0.0067
0.00755
0.01426
0.01233
0.0101
0.0077
0.00951
0.00687
0.0047
0.01248
0.00835
0.01266
0.01062
0.00917
0.01296
0.0146
0.01379
0.01309
0.01533
0.01246
0.01074
0.01231
0.01222
0.00775
0.01359
0.01264
0.01073
0.00697
0.00847
0.01144
0.00674
0.00735
0.00621
0.00597
0.01071
0.0072
0.00581
0.01249
0.01081
0.00741
0.00615
0.00507
0.01727
0.01053
0.01043
0.00813
0.00984
0.00525
0.008
0.00707
0.00912
0.00761
0.01299
0.00741
0.00862
0.01163
0.00649
0.00716
0.00699
0.00917
0.00722
0.00474
0.006
0.00748
0.00528
0.00858
0.00486
0.01392
0.00532
0.01223
0.00658
0.01224
0.00849
0.00923
0.01088
0.01087
0.01039
0.00569
0.01172
0.01178
0.00682
0.00969
0.00978
0.00955
0.01243
0.01415
0.00931
0.00767
0.0125
0.00821
0.011
0.01054
0.0125
0.00726
0.01331
0.00839
0.00676
0.00639
0.00987
0.00705
0.00809
0.00643
0.00834
0.00413
0.00875
0.00446
0.00766
0.00817
0.00792
0.00751
0.01167
0.00803
0.00409
0.00869
0.00945
0.01014
0.00769
0.01398
0.00772
0.00939
0.00577
0.00656
0.00715
0.00505
0.00703
0.00896
0.00747
0.00496
0.00643
0.01184
0.00603
0.01231
0.01123
0.01185
0.01488
0.01255
0.00628
0.01197
0.01038
0.00713
0.00993
0.00822
0.00588
0.01008
0.01101
0.01265
0.00759
0.00565
0.00622
0.00824
0.0092
0.01038
0.00997
0.01366
0.01285
0.01078
0.00701
0.0054
0.00809
0.00404
0.00454
0.00667
0.00462
0.00689
0.01
0.01133
0.00515
0.00965
0.01065
0.00743
0.00803
0.00624
0.0125
0.01194
0.01444
0.01199
0.00874
0.01298
0.0072
0.01385
0.0069
0.0108
0.01073
0.00639
0.00991
0.008
0.00961
0.01474
0.00729
0.00968
0.01175
0.00598
0.01278
0.0061
0.01443
0.00937
0.00533
0.01102
0.01422
0.00821
0.00554
0.01094
0.00699
0.00695
0.00666
0.0073
0.00415
0.00999
0.00437
0.0059
0.00394
0.00948
0.00499
0.00731
0.01115
0.00856
0.01094
0.00969
0.00968
0.01026
0.00928
0.01085
0.00538
0.0086
0.00517
0.00471
0.00712
0.00928
0.00807
0.00734
0.01269
0.0077
0.0119
0.00946
0.01063
0.00983
0.00654
0.0044
0.01089
0.00826
0.00517
0.0098
0.00612
0.00877
0.00715
0.00659
0.0051
0.00752
0.00484
0.01194
0.00913
0.00716
0.01075
0.00508
0.00529
0.00946
0.00436
0.00753
0.00944
0.01007
0.00952
0.0084
0.01384
0.00618
0.0149
0.01145
0.00592
0.01022
0.01356
0.00872
0.00606
0.0052
0.00929
0.00946
0.01269
0.00903
0.00627
0.00635
0.00825
0.00418
0.00554
0.008
0.00832
0.00547
0.00657
0.00867
0.00985
0.00516
0.00569
0.00558
0.00479
0.00681
0.00646
0.00424
0.00904
0.0046
0.0072
0.01229
0.00703
0.00429
0.0098
0.00714
0.00433
0.01258
0.00541
0.00781
0.01063
0.01181
0.01015
0.00613
0.0111
0.00935
0.00909
0.01088
0.00715
0.00658
0.00478
0.0084
0.01088
0.00442
0.00988
0.00999
0.0066
0.00936
0.00763
0.0056
0.00847
0.00477
0.00667
0.00521
0.00571
0.00784
0.00683
0.00858
0.00424
0.00419
0.0064
0.00312
0.00743
0.00924
0.00559
0.00783
0.0073
0.00741
0.00513
0.00739
0.0052
0.00404
0.0074
0.00787
0.01191
0.00749
0.0055
0.00416
0.01486
0.00409
0.00658
0.00419
0.00665
0.00569
0.00498
0.00715
0.00635
0.00724
0.0072
0.00521
0.00967
0.01032
0.00408
0.00382
0.007
0.00771
0.00801
0.00506
0.00695
0.00495
0.00345
0.00406
0.00804
0.00973
0.00294
0.00675
0.00761
0.00892
0.00546
0.00515
0.01253
0.00763
0.00621
0.00343
0.00382
0.00644
0.00835
0.0097
0.00769
0.0039
0.00766
0.00671
0.00683
0.01187
0.00604
0.00843
0.00597
0.00322
0.00668
0.00405
0.01011
0.00534
0.0032
0.00876
0.0042
0.00653
0.00492
0.00795
0.00861
0.00662
0.00851
0.00453
0.00865
0.00819
0.00382
0.01151
0.0047
0.00527
0.00641
0.00797
0.00555
0.0071
0.00702
0.00952
0.00703
0.00376
0.00443
0.00433
0.00557
0.00375
0.00252
0.00883
0.00529
0.00332
0.0061
0.00856
0.00415
0.00662
0.00629
0.00386
0.00853
0.00799
0.00648
0.00508
0.00317
0.00664
0.00322
0.00366
0.00893
0.0047
0.00633
0.00675
0.00825
0.00699
0.00448
0.00792
0.00459
0.00337
0.00231
0.00545
0.00721
0.00318
0.00311
0.006
0.00673
0.00724
0.00275
0.0
0.0089
0.00826
0.01259
0.0083
0.00434
0.00592
0.00471
0.00305
0.00627
0.00434
0.00719
0.00695
0.00874
0.00606
0.00815
0.00572
0.00846
0.00659
0.0081
0.00334
0.01013
0.0089
0.00849
0.00739
0.00469
0.00819
0.00638
0.00574
0.00432
0.00695
0.00782
0.00376
0.00731
0.00367
0.00295
0.00678
0.00472
0.00901
0.00637
0.0058
0.00812
0.00922
0.00763
0.00909
0.00452
0.01236
0.00983
0.0067
0.00891
0.00703
0.00697
0.0092
0.00532
0.00941
0.00682
0.00478
0.00874
0.00878
0.0042
0.0043
0.00708
0.00735
0.00592
0.0073
0.00865
0.01015
0.00826
0.00456
0.00877
0.00563
0.0078
0.00609
0.00942
0.00476
0.00728
0.00493
0.00848
0.00678
0.00673
0.01081
