10.49978
8.00845
8.07613
7.31788
7.04686
6.84536
7.12218
7.81721
7.2605
7.76344
7.66689
8.06035
8.26904
7.7466
7.78693
7.84324
7.45706
7.96659
7.23126
7.48265
7.18577
7.35516
7.54007
7.8434
8.46893
8.82741
7.82689
7.76664
7.85542
7.50411
7.99714
7.90235
8.19521
8.04655
9.0556
9.49914
8.9458
9.86436
9.03502
7.81808
8.65003
8.90676
8.32561
9.39402
8.73247
8.18579
9.30018
9.00675
9.14689
10.59854
9.11376
8.25652
9.63995
8.43262
8.56414
8.98161
9.13965
8.95344
8.33359
9.90848
9.51522
8.6085
8.50943
8.67071
8.48452
9.25931
9.81143
9.98912
9.84299
8.57976
8.72435
9.66878
8.96894
9.4901
9.84766
10.72038
9.56088
9.52311
8.63147
9.35118
8.05592
8.67082
8.39568
10.34594
8.88329
8.1949
8.34279
7.82255
8.88415
9.13932
10.26814
10.54543
9.60796
8.60509
8.6348
9.54292
10.61333
9.3899
10.00912
10.10746
9.35888
9.42691
8.07217
9.84938
8.4697
8.88534
9.15156
8.61048
7.60302
11.75348
9.4241
9.28532
10.86336
8.97649
9.00861
8.69553
7.8853
7.68685
11.86619
8.51305
9.0041
10.60918
8.93749
9.17702
9.33849
8.57205
9.36304
9.08752
12.43468
8.31867
8.5743
8.10453
9.61578
9.12277
9.34985
12.41644
9.18486
8.29438
8.95504
9.73409
10.98847
9.42405
10.46982
8.74294
8.53408
9.21768
10.36144
8.73202
7.76915
8.71292
9.74942
8.92929
9.76697
10.83035
7.62763
9.90506
10.81671
9.61424
9.6592
8.87801
10.74646
12.36327
8.89851
10.65308
8.82188
7.78743
9.12588
10.70937
8.4056
9.05727
8.40707
9.50933
8.01982
8.71713
9.07328
10.42147
9.51454
9.68363
10.27149
8.27261
9.21536
9.48577
10.21624
11.17342
11.46639
9.42424
12.68969
10.29389
9.97984
13.7276
10.51676
9.35658
9.58726
10.54434
9.07243
9.18258
8.02986
9.63872
7.84363
8.79619
9.48844
10.28272
12.53383
12.04506
8.84003
11.26126
10.31286
11.60068
10.46752
14.47756
10.75676
10.67847
10.24832
17.46815
12.62227
15.13254
8.76424
8.22803
9.27739
8.64132
10.49676
11.54245
9.43819
9.57925
12.19736
9.59514
9.91658
7.21342
8.90422
9.37147
8.53732
9.38215
12.09953
8.02675
8.29739
10.03858
9.48147
10.06474
10.01029
8.0502
9.72764
8.47376
11.98605
9.86053
10.42581
9.54436
10.65004
10.4049
11.29703
9.35699
9.63894
9.83303
8.31899
11.26921
8.62405
8.89888
12.18418
11.03595
10.95222
9.44534
9.31445
11.20632
8.71856
14.30841
10.99847
9.25181
11.0072
9.0622
11.17105
9.04785
9.74586
10.09824
8.94488
10.2698
10.67318
9.34164
9.78844
8.59906
12.24582
9.34291
9.53844
9.33135
11.17037
9.66306
9.24675
8.71242
9.79596
11.19799
7.50093
10.75324
8.59019
8.66306
10.22213
10.32773
10.87292
8.79523
11.40021
10.46484
13.4381
9.29786
10.63467
9.68919
9.43685
12.42038
12.56187
12.42593
9.60771
10.54398
13.21961
8.62985
9.56733
12.31566
9.13894
11.18024
9.97024
11.17611
11.14812
12.8897
11.31633
11.09738
14.35975
10.96805
11.24158
9.55301
12.72474
9.62961
13.02195
9.60392
11.2663
13.18166
12.38847
12.33519
13.05478
15.78312
21.43605
17.45249
13.1934
11.32939
10.83937
11.91854
11.48899
11.52358
10.49773
10.36226
12.22468
10.9075
12.00293
10.43823
15.59329
17.33753
13.06576
10.83872
14.1766
19.26545
11.64519
9.7621
8.88259
9.90771
12.04265
15.57207
12.71359
12.66435
11.71074
9.60268
11.92203
12.53891
13.087
11.60929
10.68877
11.79125
16.84178
9.61655
12.60207
14.21589
10.9344
10.76878
9.90645
11.15017
9.29625
13.22585
11.30709
10.79495
9.41437
16.20862
11.10613
9.92352
8.72471
11.07815
10.79466
8.93508
10.43912
8.91396
10.85489
12.4738
9.7798
11.71464
10.31856
9.84604
9.68977
12.72814
12.69547
11.12478
12.09676
10.50444
12.98154
11.4821
11.03578
11.99419
8.6422
10.12801
9.89302
14.81683
10.5095
9.82857
14.91976
14.00098
10.86623
10.07823
10.48783
8.48609
8.26981
10.87288
9.5619
10.09847
11.5415
9.49037
9.29705
9.84848
8.3794
9.20272
11.69948
14.43965
10.34844
12.65969
12.0341
13.53268
8.6001
9.50276
9.23979
11.25525
9.64994
10.9619
8.48872
9.84231
11.48531
8.14509
9.87805
12.40395
15.74185
12.98914
12.11225
11.30835
10.64717
9.76735
9.21915
11.48533
10.29952
14.5618
10.62697
9.86019
11.20894
12.69681
10.2431
9.70725
8.54716
8.89878
9.96927
9.28854
8.56859
9.08127
12.55019
10.23599
15.5077
11.89413
10.59974
12.26984
10.18376
9.92569
10.38038
10.1507
10.36127
9.53132
8.71658
9.65084
10.38872
9.08962
9.30511
9.54161
14.00162
10.81807
12.02335
9.46653
11.80176
9.37912
14.28867
16.80452
12.32906
9.3426
12.41229
11.13604
9.11936
11.40438
9.54912
10.74353
15.84526
10.62281
10.71785
9.12236
10.73357
12.44329
10.75073
12.0554
8.76857
10.64508
11.0162
10.38774
9.98702
12.77446
9.78988
11.91395
11.07057
12.44957
11.28758
8.25247
12.58888
10.41625
8.31915
9.4863
12.07463
10.90383
11.87857
9.27026
14.14686
8.57636
10.91815
9.79412
10.56625
11.94294
11.30068
8.12448
10.47035
9.30465
10.58614
9.96854
11.22342
8.79941
11.1213
11.26681
11.53671
8.87679
12.88719
8.24114
10.02626
11.47029
10.67948
9.13358
11.08585
12.32139
9.10277
8.76704
8.85239
11.45204
10.64699
10.84148
8.49204
9.55283
9.30525
10.93559
12.89756
10.84492
10.20067
11.51603
14.26406
9.1987
10.73862
9.18711
8.10663
11.95549
8.66327
9.04882
9.84922
12.11208
7.94523
9.81959
9.33871
8.21802
11.20523
9.76754
9.01247
11.91264
10.93017
10.82938
9.35253
9.26694
9.72561
10.50619
13.60419
10.95077
11.96892
11.0696
8.72157
9.30181
9.78526
9.09461
9.03562
9.15985
10.85314
9.52185
10.8844
11.93555
10.81117
11.49415
8.39186
9.57345
13.45157
13.18447
8.94121
8.43571
11.00823
9.88388
11.04593
9.38884
9.00764
8.88886
7.26001
10.58592
9.51943
10.07017
10.9622
8.77386
9.02301
9.02454
10.89891
10.23928
9.19543
10.46342
10.90918
9.84261
11.50965
8.84899
11.63658
10.78558
8.92909
10.3434
9.20924
9.57759
10.67123
9.92745
9.86883
9.69215
14.43513
15.223
9.10287
12.18002
9.82329
10.02613
9.02887
14.33211
10.17663
9.7774
13.37292
11.77882
11.28532
10.35879
9.78506
11.94783
11.05026
10.14664
9.64626
9.26619
10.12225
9.13982
9.85403
14.92541
11.37925
13.38096
15.74176
10.61917
11.19008
10.63044
9.09902
9.54514
9.28315
8.84351
12.39599
13.22443
9.05177
12.05122
10.83503
17.97037
10.14389
9.59397
11.07742
15.13544
8.53852
10.50714
12.8516
10.00819
15.16077
8.87652
10.55652
13.63615
9.97453
10.01729
12.5537
12.41177
10.88058
11.52975
11.45983
8.42444
9.53718
9.39142
8.90569
11.47147
11.08151
9.42285
11.80697
8.21544
11.85127
11.50191
12.21243
14.22809
9.51208
15.06513
10.14727
9.47643
10.53338
9.28752
9.54019
10.81554
11.1279
11.80466
9.85637
11.77923
10.90571
10.64637
9.68723
8.85196
9.2331
9.71116
11.39714
10.4242
10.83138
9.75935
9.73584
8.2095
9.97548
14.85091
13.03217
11.80163
11.46648
9.60895
10.02881
10.33501
10.42017
9.15654
10.68264
8.68815
10.37966
9.46319
8.75479
9.78377
9.98264
9.14902
10.73692
8.46611
11.53473
10.82359
12.46946
10.4572
10.42224
9.83464
9.73138
8.07602
8.93351
11.4954
10.47462
11.31824
11.42601
12.92157
9.43118
8.38449
9.79567
9.40075
9.74598
10.83441
9.34095
9.82495
16.33253
9.63337
15.04011
11.10936
14.57519
10.21582
9.89231
11.21779
11.55297
9.9661
8.36828
8.72469
11.84399
10.78011
8.73784
10.9585
9.81361
10.60143
10.1608
14.4305
12.44693
9.97781
13.03397
10.14853
14.92358
17.05025
9.21183
8.52009
12.86379
9.64704
10.81312
9.37365
9.3473
20.81113
13.41714
9.7463
17.09661
14.5029
9.30667
12.33952
8.86962
9.988
11.78138
11.34473
10.62063
10.05102
10.27648
7.8996
9.6652
10.39231
13.28047
12.93961
16.35743
9.87543
10.85206
33.23998
12.97894
14.54573
8.59832
9.94783
10.45587
9.79644
11.26337
9.64852
10.58444
9.76741
8.64329
8.62864
10.13117
11.02613
13.53093
10.14012
8.62179
9.69371
8.58954
8.32061
8.71059
10.67071
9.17862
10.55545
8.87722
9.17021
9.57514
9.82714
10.99418
9.39814
9.84862
13.61136
13.44181
10.33802
12.48069
10.45411
10.92747
9.93453
9.09102
9.78932
12.62419
9.37435
9.71521
13.15778
10.62457
11.54398
10.68675
9.07162
12.31274
12.77407
11.88992
16.38221
9.89157
12.33263
8.60359
9.82657
11.31057
9.8878
12.27991
12.54035
15.68699
12.39227
9.23358
9.38779
10.77988
9.21841
8.83666
10.5104
16.11315
11.57363
9.19802
12.21589
9.84001
11.56465
43.23339
41.66009
20.76412
12.32531
10.75137
9.55204
7.87325
11.15927
9.53964
9.04002
11.63256
10.34183
16.48083
13.13805
15.79987
22.04284
11.741
9.45561
10.33427
11.61853
9.60115
9.04956
12.10827
12.31033
11.5348
9.27514
9.22721
13.8737
11.32479
8.89673
16.45053
16.38428
10.15993
8.47742
11.8284
9.34129
8.30818
10.86916
10.25608
13.36496
10.71112
10.25196
13.82729
10.5572
9.67983
11.72051
8.43805
11.46763
11.84605
10.12869
10.15259
20.63811
12.13606
8.39004
12.00239
10.41659
12.80019
8.42421
9.52499
8.36884
7.61774
8.18556
9.30067
10.74239
11.35267
11.76649
11.96917
13.3069
8.8011
8.47486
8.8209
11.92014
7.99368
8.96482
12.83797
7.60703
10.01802
9.36922
14.80017
10.47563
15.73813
9.6742
