0.09911
0.15596
0.08335
0.12775
0.1469
0.16423
0.11081
0.1506
0.1351
0.14345
0.11666
0.08605
0.10284
0.14668
0.12803
0.11579
0.07777
0.14696
0.12152
0.11877
0.09216
0.10712
0.07247
0.08964
0.12643
0.09346
0.1001
0.0878
0.08333
0.11821
0.0831
0.05857
0.06906
0.04045
0.04922
0.06158
0.04646
0.06481
0.06408
0.05063
0.07857
0.07674
0.05906
0.05766
0.05093
0.03772
0.06298
0.04666
0.03722
0.07793
0.05406
0.05113
0.08305
0.07618
0.05322
0.0635
0.06288
0.05693
0.04833
0.08545
0.08912
0.06737
0.05299
0.05768
0.05604
0.062
0.05948
0.07697
0.07055
0.05566
0.05817
0.05391
0.04364
0.04315
0.06754
0.06774
0.03784
0.05111
0.04858
0.1093
0.05797
0.05938
0.06524
0.10448
0.08601
0.04966
0.04682
0.04013
0.05033
0.04869
0.07113
0.06756
0.06431
0.04773
0.04193
0.0582
0.0804
0.04781
0.06259
0.04889
0.063
0.10583
0.06485
0.11594
0.05801
0.09337
0.06983
0.05514
0.05225
0.09982
0.05468
0.05049
0.09613
0.06023
0.08125
0.05383
0.05153
0.04295
0.07648
0.05574
0.056
0.11264
0.06876
0.06922
0.0718
0.07331
0.06758
0.0508
0.07552
0.05712
0.04542
0.03833
0.06309
0.09093
0.06657
0.06526
0.04493
0.03939
0.0413
0.05107
0.08375
0.10888
0.09497
0.06008
0.05631
0.07752
0.11312
0.0568
0.05326
0.05161
0.05621
0.04295
0.06494
0.08277
0.04179
0.04597
0.11616
0.05863
0.05822
0.06412
0.07354
0.06409
0.0481
0.07529
0.05328
0.04183
0.07558
0.12501
0.10462
0.07485
0.04961
0.06281
0.04878
0.08005
0.06828
0.05608
0.04309
0.04369
0.04917
0.0366
0.03102
0.03816
0.03327
0.03626
0.05752
0.03334
0.03967
0.04552
0.05107
0.09841
0.09262
0.04262
0.06774
0.08505
0.09462
0.06593
0.06253
0.06813
0.04325
0.04282
0.03842
0.04946
0.04186
0.03257
0.07121
0.06497
0.05351
0.04535
0.04107
0.04539
0.0328
0.02515
0.02335
0.06846
0.08311
0.07141
0.03535
0.03706
0.06999
0.05543
0.05975
0.04578
0.09061
0.07507
0.08716
0.05879
0.05487
0.06853
0.0939
0.0517
0.06094
0.1218
0.07126
0.03704
0.05519
0.03674
0.08971
0.10126
0.04966
0.06101
0.05364
0.03486
0.04122
0.03811
0.05814
0.03483
0.03649
0.06248
0.07295
0.04021
0.04859
0.06601
0.05123
0.09044
0.05588
0.05075
0.06421
0.0523
0.06011
0.057
0.05115
0.05124
0.03305
0.06428
0.05486
0.05197
0.06705
0.03739
0.08277
0.0552
0.04368
0.0505
0.03387
0.06577
0.07371
0.10997
0.07781
0.03462
0.07838
0.05884
0.04996
0.08564
0.05902
0.06367
0.04231
0.06756
0.07202
0.05856
0.0352
0.06876
0.051
0.03526
0.05607
0.04141
0.03114
0.01969
0.02554
0.05074
0.07956
0.02977
0.03133
0.0246
0.02173
0.06488
0.06914
0.03465
0.02718
0.03909
0.05483
0.03542
0.0335
0.0394
0.03401
0.05732
0.02312
0.03545
0.0273
0.04115
0.02586
0.05868
0.06353
0.02788
0.04777
0.02942
0.03007
0.02703
0.03556
0.02043
0.02211
0.08146
0.04494
0.02237
0.05489
0.05325
0.03497
0.0372
0.03741
0.03026
0.03085
0.0417
0.0299
0.02535
0.02029
0.0125
0.05284
0.02089
0.02789
0.00966
0.0245
0.02168
0.01969
0.03567
0.02228
0.0693
0.08186
0.02295
0.02201
0.02996
0.02608
0.05583
0.05996
0.02474
0.03166
0.0216
0.06104
0.04668
0.03692
0.02487
0.02778
0.02827
0.02456
0.02254
0.03479
0.12271
0.06483
0.02827
0.04624
0.03002
0.12432
0.03832
0.04555
0.04252
0.03053
0.06337
0.02784
0.02083
0.06781
0.05012
0.03684
0.0622
0.04592
0.03903
0.03725
0.04908
0.03496
0.02971
0.0317
0.05929
0.03577
0.02685
0.07677
0.1126
0.03201
0.04013
0.07488
0.03061
0.02748
0.11488
0.02541
0.03183
0.03764
0.0403
0.02886
0.03343
0.04485
0.05189
0.04912
0.0676
0.09267
0.02902
0.07254
0.0596
0.0216
0.04374
0.04326
0.02196
0.02739
0.03815
0.02737
0.02947
0.03364
0.02547
0.02194
0.05173
0.06311
0.04718
0.08027
0.06213
0.07079
0.04298
0.05528
0.04786
0.03264
0.04663
0.02839
0.01609
0.01968
0.03865
0.09699
0.04874
0.03625
0.02233
0.03184
0.01971
0.03085
0.04807
0.03432
0.06227
0.03068
0.05689
0.06218
0.08611
0.06572
0.10237
0.06051
0.03449
0.04142
0.06721
0.04311
0.03194
0.05555
0.04638
0.04317
0.02172
0.04605
0.03862
0.01946
0.02461
0.02485
0.06194
0.03331
0.02229
0.04692
0.07846
0.03284
0.02184
0.1258
0.041
0.08183
0.06384
0.03797
0.02372
0.0358
0.02312
0.03792
0.0235
0.03826
0.05347
0.04791
0.0345
0.06072
0.044
0.01937
0.12299
0.02777
0.03799
0.02249
0.01379
0.01684
0.02718
0.03183
0.02215
0.0461
0.06222
0.03531
0.04581
0.0334
0.05153
0.03294
0.04682
0.05244
0.07552
0.02993
0.03533
0.07122
0.04552
0.05402
0.0359
0.03188
0.09806
0.09591
0.07315
0.02427
0.03301
0.03896
0.0895
0.05817
0.05825
0.04881
0.04376
0.04749
0.02663
0.01861
0.02541
0.04078
0.02245
0.03354
0.02372
0.02607
0.01252
0.03321
0.01662
0.02953
0.07097
0.02598
0.05678
0.04429
0.02736
0.02438
0.04822
0.0466
0.03305
0.04625
0.05856
0.02522
0.0329
0.01546
0.02113
0.02741
0.08706
0.03503
0.07231
0.02203
0.01697
0.05959
0.0418
0.04861
0.05593
0.04132
0.0573
0.07217
0.03474
0.02626
0.04206
0.03254
0.09392
0.11704
0.02432
0.05228
0.0406
0.08591
0.0427
0.02427
0.0139
0.02475
0.03113
0.04813
0.03668
0.0927
0.09564
0.05948
0.03299
0.01836
0.10062
0.02106
0.01257
0.02916
0.12171
0.0241
0.04235
0.05169
0.04193
0.07874
0.06748
0.0552
0.0314
0.02762
0.05959
0.09175
0.07043
0.09418
0.04605
0.06693
0.0365
0.04234
0.05604
0.03349
0.03596
0.03296
0.0279
0.02867
0.03564
0.04358
0.05212
0.05964
0.03807
0.04447
0.02884
0.04698
0.02612
0.0778
0.02671
0.03791
0.07923
0.05071
0.02442
0.04275
0.11364
0.02482
0.04568
0.02137
0.02087
0.03714
0.03832
0.01175
0.02272
0.03271
0.03302
0.01925
0.05587
0.05676
0.06231
0.05413
0.03495
0.03487
0.05107
0.03185
0.03427
0.03527
0.02362
0.01336
0.02923
0.04483
0.0306
0.03405
0.06657
0.07388
0.06211
0.10306
0.0398
0.03043
0.03124
0.01654
0.05246
0.0798
0.02078
0.03543
0.02662
0.02772
0.03614
0.0257
0.0211
0.01756
0.02333
0.03725
0.08492
0.03492
0.03378
0.0366
0.01352
0.0583
0.03225
0.01854
0.07303
0.03906
0.072
0.0578
0.04713
0.05739
0.05339
0.08031
0.03954
0.02874
0.09454
0.0579
0.0323
0.01837
0.02378
0.0483
0.07531
0.06206
0.02577
0.02694
0.02359
0.12014
0.01624
0.02471
0.07843
0.02552
0.07763
0.03458
0.0472
0.03392
0.01464
0.02262
0.01699
0.02341
0.04979
0.01675
0.04749
0.02289
0.0167
0.09157
0.03773
0.02189
0.02041
0.03187
0.02225
0.03016
0.05406
0.02662
0.04757
0.06915
0.06711
0.02963
0.08972
0.03723
0.03183
0.09538
0.0312
0.01939
0.01905
0.03165
0.06991
0.03799
0.04933
0.04614
0.03544
0.02805
0.03249
0.02313
0.05984
0.02331
0.03123
0.01736
0.01863
0.0314
0.0272
0.03866
0.02572
0.01202
0.01068
0.02126
0.01605
0.03996
0.04974
0.02706
0.02572
0.02237
0.02115
0.0317
0.02587
0.01654
0.0311
0.03771
0.07031
0.05363
0.02448
0.01443
0.02815
0.06126
0.08304
0.01535
0.02343
0.02325
0.01702
0.02677
0.03128
0.02227
0.02097
0.02552
0.05918
0.07648
0.03773
0.01052
0.03531
0.07306
0.0412
0.0232
0.05723
0.02373
0.02701
0.0085
0.0177
0.06158
0.04553
0.0099
0.03471
0.04529
0.02704
0.01629
0.06857
0.06687
0.02553
0.01546
0.01082
0.01308
0.02819
0.04343
0.0689
0.02097
0.04147
0.0365
0.03532
0.07462
0.04968
0.05951
0.02204
0.01728
0.01242
0.02578
0.02238
0.04865
0.01306
0.05329
0.03514
0.01343
0.02755
0.0389
0.09235
0.03957
0.06264
0.02148
0.02371
0.03974
0.02422
0.06686
0.04057
0.02345
0.01744
0.02263
0.03103
0.02276
0.02887
0.04666
0.03257
0.02397
0.00992
0.02135
0.06009
0.01171
0.00892
0.02803
0.02952
0.01476
0.02773
0.03003
0.02881
0.01594
0.02038
0.02103
0.0166
0.04111
0.03567
0.01874
0.01728
0.07371
0.01894
0.00968
0.05342
0.03321
0.0194
0.04111
0.03194
0.07111
0.01877
0.03772
0.02038
0.01616
0.10648
0.01132
0.0197
0.03032
0.00705
0.04363
0.04628
0.05167
0.04278
0.00695
0.02834
0.10761
0.03928
0.11635
0.02651
0.02258
0.0207
0.01364
0.01003
0.04489
0.02294
0.03487
0.0426
0.05408
0.03194
0.03122
0.0434
0.03768
0.06401
0.02386
0.04463
0.03945
0.04441
0.06942
0.02132
0.06025
0.08514
0.01875
0.01865
0.04619
0.05378
0.01943
0.0384
0.02185
0.01148
0.07498
0.02437
0.0288
0.03408
0.06516
0.02834
0.0507
0.0487
0.04873
0.02315
0.04829
0.08526
0.03139
0.03277
0.05172
0.08693
0.05967
0.02658
0.03042
0.04011
0.0232
0.05608
0.05165
0.12237
0.0103
0.02983
0.04028
0.02149
0.03433
0.05656
0.04186
0.10723
0.02658
0.02743
0.02629
0.04287
0.02079
0.03917
0.02775
0.04966
0.02262
0.03985
0.03026
0.10014
0.06394
0.03481
