0.98083
0.98889
0.99976
0.99989
0.99993
0.99995
0.99996
0.99997
0.99997
0.99998
0.99998
0.99998
0.99999
0.99999
0.99999
0.99999
0.99999
0.99999
0.99999
0.99999
0.99999
0.99999
0.99999
0.99999
1.0
1.0
1.0
1.0
1.0
1.0
1.0
1.0
1.0
1.0
1.0
1.0
1.0
1.0
1.0
1.0
1.0
0.96558
0.94536
0.94488
0.83072
0.82346
0.77192
0.78807
0.83645
0.89366
0.94414
0.89474
0.92223
0.93898
0.92691
0.94481
0.92527
0.92907
0.92483
0.90488
0.92563
0.90975
0.91269
0.94779
0.90867
0.95366
0.97439
0.95866
0.93717
0.93315
0.91435
0.93933
0.93679
0.96853
0.94616
0.93662
0.96521
0.91627
0.94723
0.94258
0.91644
0.94128
0.94053
0.94935
0.95058
0.92598
0.9376
0.9337
0.95185
0.93931
0.93573
0.94643
0.94702
0.94013
0.95031
0.95886
0.95917
0.96254
0.96635
0.95183
0.96293
0.97112
0.9743
0.96793
0.97433
0.96509
0.96447
0.97422
0.96791
0.97039
0.91661
0.96006
0.96237
0.96736
0.96946
0.9701
0.94958
0.96832
0.96086
0.95567
0.96941
0.96849
0.96911
0.97251
0.9641
0.92449
0.96016
0.96933
0.97118
0.95476
0.9768
0.97872
0.96481
0.97741
0.97584
0.97283
0.97532
0.96894
0.88564
0.95296
0.96667
0.96742
0.97006
0.97115
0.96976
0.97058
0.9656
0.96361
0.92066
0.95878
0.96671
0.97024
0.97007
0.96444
0.96728
0.97294
0.97767
0.92095
0.95256
0.97278
0.97392
0.9718
0.97419
0.94451
0.97428
0.97804
0.96486
0.97354
0.95286
0.97259
0.97451
0.97373
0.97504
0.97343
0.97591
0.97552
0.9651
0.8063
0.92953
0.96941
0.96336
0.9665
0.9718
0.97266
0.97545
0.97284
0.97504
0.97603
0.81269
0.9096
0.96512
0.9667
0.96768
0.97014
0.97256
0.88318
0.91484
0.95949
0.96282
0.96741
0.9718
0.9715
0.85994
0.93255
0.95324
0.96255
0.96716
0.86759
0.94631
0.96018
0.9579
0.96936
0.96607
0.85614
0.92614
0.88534
0.95902
0.96294
0.96347
0.96565
0.9011
0.95036
0.96604
0.96934
0.96894
0.96467
0.85649
0.90605
0.95145
0.95794
0.88566
0.93631
0.96219
0.96604
0.96723
0.97009
0.77765
0.88257
0.90389
0.92874
0.9391
0.8691
0.95317
0.95418
0.96649
0.91474
0.94939
0.96784
0.97135
0.9725
0.91502
0.75713
0.85792
0.89394
0.9218
0.9323
0.94295
0.95428
0.96428
0.96408
0.9727
0.97254
0.84843
0.63129
0.75668
0.8555
0.90424
0.84906
0.85444
0.85927
0.93888
0.95069
0.96103
0.96668
0.96904
0.96752
0.97241
0.83906
0.93429
0.96302
0.9635
0.96784
0.97337
0.97389
0.97277
0.67222
0.77883
0.86047
0.84775
0.89565
0.94645
0.92085
0.92687
0.89434
0.94325
0.96594
0.966
0.97007
0.9712
0.97412
0.97502
0.97123
0.97462
0.97625
0.73614
0.83101
0.89029
0.8804
0.94491
0.80956
0.9272
0.96022
0.94493
0.96781
0.97025
0.93242
0.97295
0.97126
0.97466
0.97754
0.97441
0.97711
0.97837
0.97877
0.75577
0.86227
0.93125
0.89264
0.94609
0.96697
0.96955
0.85709
0.93661
0.9668
0.97095
0.97493
0.97619
0.87847
0.96448
0.97362
0.97621
0.97718
0.98024
0.98219
0.88253
0.95785
0.97463
0.9771
0.97713
0.98116
0.98189
0.98748
0.98477
0.74714
0.86041
0.90872
0.88151
0.92916
0.95819
0.95763
0.96925
0.97456
0.97672
0.97904
0.97944
0.98127
0.96603
0.83498
0.93817
0.94927
0.97533
0.97926
0.97985
0.98358
0.9532
0.85478
0.9586
0.96253
0.97848
0.97642
0.98259
0.98485
0.98261
0.98312
0.74096
0.86721
0.87728
0.9223
0.9067
0.87111
0.95717
0.82128
0.92059
0.95931
0.96835
0.92402
0.97282
0.96566
0.88998
0.93786
0.96488
0.97322
0.97501
0.97869
0.97911
0.89084
0.92518
0.89728
0.9263
0.96727
0.97602
0.84387
0.93706
0.96379
0.97289
0.97643
0.97777
0.97934
0.98121
0.98075
0.98087
0.98286
0.98585
0.9228
0.94153
0.90058
0.895
0.95794
0.97564
0.97992
0.98055
0.98456
0.98643
0.98301
0.98558
0.98611
0.68091
0.80863
0.92989
0.95196
0.96599
0.88395
0.93032
0.90854
0.96472
0.97232
0.97632
0.97932
0.97895
0.98278
0.98168
0.86455
0.94702
0.92592
0.91679
0.90407
0.97107
0.96619
0.97294
0.98091
0.98087
0.98228
0.98552
0.98271
0.94168
0.95307
0.90948
0.88993
0.92526
0.89528
0.95649
0.94655
0.97673
0.98153
0.9816
0.98053
0.98159
0.98384
0.98689
0.98271
0.98465
0.98652
0.98865
0.9869
0.987
0.98977
0.80789
0.90232
0.94522
0.97301
0.84001
0.90121
0.94467
0.96864
0.93949
0.97442
0.97869
0.98044
0.98212
0.75066
0.90159
0.96033
0.88237
0.89623
0.93634
0.97273
0.97279
0.97577
0.96327
0.9813
0.98123
0.9822
0.98295
0.98267
0.98393
0.87604
0.89746
0.97523
0.89057
0.97504
0.97834
0.98379
0.98096
0.98552
0.80411
0.91838
0.90765
0.97045
0.97617
0.95574
0.98401
0.98483
0.98664
0.98519
0.97748
0.98696
0.94392
0.86868
0.93038
0.91383
0.95513
0.8024
0.91602
0.95709
0.96288
0.97048
0.9778
0.9805
0.87907
0.96529
0.96698
0.97724
0.98361
0.98526
0.98295
0.98588
0.87346
0.85719
0.91885
0.95721
0.96297
0.97387
0.97826
0.97102
0.98084
0.98505
0.74572
0.85518
0.93565
0.96771
0.93058
0.97845
0.97869
0.98421
0.98419
0.98588
0.98717
0.98793
0.98703
0.98899
0.98922
0.88754
0.97395
0.82215
0.92883
0.95665
0.85995
0.90072
0.96831
0.93899
0.98028
0.98234
0.98357
0.98323
0.98724
0.95986
0.98744
0.81886
0.9388
0.97169
0.9776
0.97999
0.98636
0.98751
0.9875
0.98917
0.99012
0.98734
0.98074
0.82987
0.89425
0.85986
0.91975
0.92169
0.96299
0.97172
0.9785
0.98138
0.98502
0.98453
0.87223
0.88853
0.92912
0.94736
0.97883
0.98033
0.9824
0.98588
0.9858
0.98696
0.98597
0.98775
0.98877
0.77424
0.92528
0.96482
0.97382
0.94889
0.96742
0.98348
0.98363
0.98609
0.98794
0.98938
0.98798
0.98547
0.98796
0.75872
0.89981
0.95307
0.91943
0.97276
0.90905
0.96024
0.97557
0.984
0.98471
0.98719
0.98675
0.98829
0.98834
0.99177
0.98736
0.83442
0.93622
0.96569
0.96493
0.97817
0.88283
0.8996
0.94858
0.97069
0.87867
0.95943
0.97361
0.97888
0.81477
0.92831
0.9634
0.97776
0.98285
0.98248
0.9846
0.98584
0.98714
0.98691
0.98725
0.98806
0.98812
0.98867
0.98792
0.98923
0.98979
0.71033
0.85649
0.94005
0.96439
0.81404
0.9228
0.95988
0.97062
0.97614
0.98181
0.93862
0.88271
0.93133
0.96585
0.97408
0.98254
0.98575
0.98824
0.98796
0.98928
0.98983
0.98392
0.9909
0.99061
0.9906
0.99036
0.99127
0.91733
0.65862
0.82657
0.89787
0.95354
0.82209
0.9502
0.9653
0.97334
0.96993
0.98013
0.90618
0.96546
0.89981
0.97794
0.9818
0.98384
0.98545
0.98598
0.98462
0.98805
0.98706
0.98909
0.78694
0.89959
0.95192
0.96272
0.96929
0.9794
0.98367
0.9855
0.98783
0.95548
0.84645
0.9558
0.97874
0.98513
0.98592
0.98813
0.78873
0.91099
0.90842
0.93731
0.96818
0.97918
0.98094
0.98382
0.98594
0.98766
0.98893
0.98913
0.98971
0.98984
0.98938
0.99072
0.99044
0.99076
0.99066
0.99106
0.95449
0.78674
0.93769
0.96318
0.9776
0.90242
0.97877
0.98298
0.98585
0.98825
0.9888
0.77801
0.82744
0.94054
0.96666
0.97605
0.98093
0.91611
0.92208
0.97081
0.84551
0.9393
0.97281
0.98106
0.98327
0.98373
0.9875
0.98812
0.9883
0.9891
0.99043
0.98994
0.99072
0.98598
0.9913
0.99144
0.99134
0.99174
0.83116
0.92983
0.97875
0.98521
0.98843
0.98809
0.99125
0.99178
0.99243
0.99175
0.95432
0.78202
0.89155
0.95657
0.80421
0.8795
0.95279
0.93985
0.97105
0.97911
0.98336
0.9837
0.98676
0.98652
0.98951
0.98901
0.989
0.99006
0.99006
0.98984
0.99079
0.99106
0.99086
0.992
0.9843
0.76864
0.92323
0.97454
0.98372
0.98301
0.98833
0.89802
0.91595
0.9729
0.88948
0.92584
0.97781
0.98714
0.98829
0.99066
0.98968
0.99038
0.9913
0.99284
0.99123
0.9916
0.99285
0.99135
0.9931
0.99309
0.99263
0.99321
0.9935
0.99353
0.83076
0.86464
0.94491
0.90304
0.95567
0.97667
0.96556
0.98156
0.98793
0.98819
0.99003
0.98548
0.99183
0.99134
0.99223
0.74637
0.86312
0.92631
0.92324
0.9582
0.97409
0.97878
0.98165
0.98367
0.98481
0.98614
0.98774
0.98943
0.99082
0.9901
0.9912
0.99194
0.99155
0.99291
0.99237
0.75419
0.87476
0.94253
0.96034
0.96967
0.97519
0.97869
0.9803
0.9816
0.98424
0.98557
0.98818
0.98918
0.9908
0.99167
0.99071
0.99277
0.99287
0.99327
0.99345
0.71052
0.76338
0.85799
0.86309
0.90293
0.9646
0.9755
0.90369
0.96227
0.98213
0.984
0.98353
0.98726
0.98875
0.9893
0.98906
0.99044
0.99082
0.9915
0.99198
0.99214
0.9914
0.99252
0.99252
0.74852
0.85278
0.92951
0.95688
0.96761
0.90724
0.95884
0.9823
0.98537
0.84872
0.93569
0.95828
0.97065
0.97739
0.98215
0.98568
0.98744
0.98764
0.98913
0.99016
0.99031
0.99125
0.91013
0.79057
0.89773
0.94875
0.89576
0.96455
0.97246
0.98234
0.98318
0.98596
0.98818
0.98997
0.99017
0.99056
0.99026
0.99137
0.99184
0.99174
0.99183
0.99188
0.99321
0.99366
0.9932
0.99371
0.99316
0.9937
0.994
0.99338
0.99263
0.99466
0.99442
0.99432
0.99387
0.99489
0.99518
0.78979
0.88041
0.94073
0.92451
0.96454
0.96946
0.88455
0.95978
0.96963
0.97577
0.97846
0.98067
0.98279
0.98533
0.98637
0.987
0.98832
0.9892
0.99031
0.98965
0.99099
0.99059
0.99201
0.99204
0.99237
0.99275
0.99373
0.99341
0.9942
0.99346
0.9945
0.83922
0.87599
0.91381
0.97061
0.93084
0.98105
0.9863
0.98837
0.98806
0.86452
0.94629
0.98268
0.85189
0.90306
0.94427
0.97942
0.9858
0.98723
0.98934
0.98923
0.99076
0.99016
0.99084
0.99136
0.99248
0.99156
0.9924
0.99365
0.99364
0.99339
0.99373
0.79219
0.91929
0.95858
0.97684
0.98112
0.98499
0.98659
0.98827
0.98895
0.99072
0.99192
0.99265
0.99345
0.99351
0.99354
0.99333
0.9942
0.99307
0.99495
0.99414
0.99511
0.99524
0.99483
0.99556
0.8511
0.83788
0.92038
0.92969
0.97527
0.87876
0.95304
0.97111
0.98285
0.98545
0.9863
0.98908
0.99013
0.99058
0.99214
0.99139
0.99286
0.99246
0.99303
0.99323
0.99356
0.7934
0.88642
0.92539
0.94139
0.9523
0.97172
0.97323
0.97806
0.98233
0.98488
0.98653
0.98814
0.98901
0.98718
0.991
0.99203
0.99198
0.99268
0.99276
0.89938
0.82283
0.84857
0.90737
0.93364
0.97119
0.98031
0.88256
0.95561
0.96946
0.98404
0.98538
0.98655
0.98735
0.99014
0.98962
0.99002
0.99027
0.99172
0.9924
0.99236
0.99266
0.99334
0.99286
0.99342
0.99403
0.99317
0.99449
0.99421
0.9949
0.99483
0.99469
0.99475
0.9954
0.995
0.99537
0.99533
0.9954
0.99587
0.89622
0.8836
0.93588
0.94026
0.9723
0.98431
0.98715
0.98829
0.99008
0.99138
0.99136
0.99225
0.9932
0.99304
0.99313
0.99364
0.99409
0.99439
0.7988
0.87267
0.9216
0.95105
0.9664
0.97567
0.98112
0.98296
0.98683
0.98671
0.98863
0.98894
0.81796
0.91495
0.95254
0.96927
0.97986
0.98198
0.98795
0.99053
0.99098
0.99181
0.9916
0.99299
0.99255
0.99324
0.9927
0.99341
0.99393
0.99381
0.87104
0.95393
0.95154
0.98696
0.99123
0.99171
0.99207
0.99218
0.99274
0.99356
0.99342
0.99391
0.99436
0.99508
0.99504
0.99525
0.9954
0.99481
0.99534
0.99578
0.99589
0.99546
0.99503
0.99606
0.99595
0.99623
0.99571
0.9966
0.99659
0.99676
0.99644
0.99704
0.99662
0.99665
0.9972
0.9968
0.99682
0.99741
0.99676
0.99715
0.99702
0.99686
0.99723
0.9973
0.83919
0.87298
0.92529
0.92193
0.94397
0.9736
0.98471
0.91246
0.96821
0.98578
0.99024
0.9918
0.99294
0.99278
0.99229
0.89306
0.96212
0.978
0.98841
0.99042
0.9921
0.99267
0.9939
0.99355
0.9937
0.99511
0.99423
0.90247
0.92105
0.96462
0.95785
0.97954
0.98615
0.98962
0.9922
0.9922
0.99288
0.99353
0.99417
0.9939
0.9948
0.99432
0.99533
0.88159
0.79306
0.86864
0.91455
0.93916
0.9171
0.97199
0.89777
0.9596
0.98313
0.98482
0.98675
0.98897
0.99037
0.99111
0.99161
0.9921
0.99226
0.99346
0.99319
0.99374
0.94102
0.89639
0.97343
0.98564
0.98981
0.99217
0.99291
0.99294
0.99325
0.99329
0.99465
0.99468
0.99445
0.9951
0.99488
0.99522
0.99501
0.99546
0.99585
0.99542
0.99551
0.9959
0.99611
0.99635
0.99577
0.99622
0.99623
0.99641
0.99623
0.996
0.99658
0.99648
0.99641
0.99663
0.9965
0.99637
0.99666
0.99659
0.99715
0.99679
0.99733
0.99678
0.99755
0.99649
0.99725
0.99736
0.99729
0.81426
0.92451
0.94882
0.96156
0.91632
0.96279
0.97496
0.98174
0.9755
0.98587
0.98742
0.98829
0.99028
0.99195
0.99156
0.99293
0.99303
0.99293
0.99444
0.99449
0.99485
0.99479
0.99531
0.99601
0.99563
0.99605
0.99621
0.99656
0.99597
0.80451
0.91787
0.92191
0.93139
0.96731
0.9816
0.98928
0.86013
0.91954
0.95166
0.97353
0.9837
0.96829
0.97702
0.98901
0.99208
0.99176
0.99165
0.99154
0.9934
0.99376
0.99383
0.9943
0.99454
0.99449
0.99429
0.99474
0.99478
0.99543
0.99521
0.99463
0.99473
0.99543
0.9958
0.99628
0.99606
0.99612
0.99598
0.9962
0.99647
0.99635
0.9968
0.99637
0.99695
0.99677
0.99679
0.99701
0.99693
0.99734
0.99706
0.86175
0.88473
0.91688
0.9478
0.9217
0.94162
0.97021
0.9721
0.91076
0.95817
0.97746
0.98351
0.89949
0.95859
0.97686
0.9828
0.98528
0.98794
0.98931
0.9907
0.99123
0.99268
0.99327
0.89542
0.95252
0.96574
0.97517
0.9801
0.98004
0.98717
0.98865
0.9909
0.99146
0.99277
0.99302
0.99323
