0.09817
0.13401
0.00025
0.00012
7e-05
5e-05
4e-05
3e-05
3e-05
2e-05
2e-05
2e-05
1e-05
1e-05
1e-05
1e-05
1e-05
1e-05
1e-05
1e-05
1e-05
1e-05
1e-05
1e-05
0.0
0.0
0.0
0.0
0.0
0.0
0.0
0.0
0.0
0.0
0.0
0.0
0.0
0.0
0.0
0.0
0.0
0.94419
0.80404
0.31305
0.86733
0.63266
0.87176
0.75563
0.52473
0.32535
0.12855
0.39931
0.18787
0.16165
0.22754
0.13404
0.22524
0.17335
0.26112
0.35695
0.22622
0.32108
0.23501
0.13285
0.36034
0.12132
0.07786
0.21784
0.28899
0.2659
0.29319
0.20893
0.17244
0.07533
0.22845
0.20408
0.08483
0.46328
0.13957
0.17809
0.33425
0.16586
0.18992
0.16613
0.13574
0.26209
0.19537
0.24072
0.14073
0.20101
0.27055
0.15559
0.15144
0.29128
0.13373
0.11914
0.11
0.09902
0.0877
0.17404
0.09714
0.07746
0.06155
0.0932
0.06171
0.10701
0.11968
0.06145
0.09014
0.0715
0.49354
0.11427
0.10201
0.08123
0.07839
0.07853
0.2151
0.07949
0.11774
0.13828
0.07366
0.08151
0.07466
0.06595
0.09479
0.42499
0.12175
0.07117
0.07038
0.13455
0.05516
0.05052
0.10838
0.05422
0.05666
0.08036
0.05637
0.07446
0.71517
0.15038
0.07581
0.07465
0.06971
0.06661
0.07047
0.07053
0.08853
0.11936
0.44352
0.10063
0.0727
0.06644
0.07131
0.08405
0.0807
0.06446
0.0498
0.37919
0.16203
0.05965
0.05649
0.06307
0.05775
0.24123
0.05953
0.04731
0.1002
0.05896
0.2008
0.06362
0.05683
0.05821
0.05445
0.05782
0.05394
0.05623
0.09889
2.55656
0.22444
0.07438
0.09374
0.0722
0.06302
0.05725
0.05089
0.05921
0.05293
0.05102
2.77118
0.31833
0.08275
0.07258
0.06979
0.06406
0.05841
0.80389
0.4671
0.09267
0.08047
0.07119
0.05934
0.05916
0.91172
0.26254
0.10799
0.08082
0.07072
0.63138
0.13226
0.08753
0.09346
0.06765
0.07207
0.76329
0.21946
0.53923
0.09013
0.07936
0.07794
0.07325
0.53161
0.11188
0.07186
0.06482
0.06583
0.07999
0.86789
0.3272
0.1093
0.0919
0.53668
0.18725
0.08314
0.07055
0.07046
0.06278
1.17091
0.33145
0.24209
0.16913
0.13813
0.57533
0.10436
0.0977
0.07183
0.41434
0.12902
0.07016
0.06001
0.05734
0.83721
0.77413
0.42434
0.33009
0.17987
0.15488
0.13068
0.0997
0.07613
0.07842
0.05651
0.05815
1.15328
1.14447
0.73319
0.42954
0.24954
0.89905
0.40466
0.60472
0.13847
0.11206
0.08322
0.0699
0.0651
0.06772
0.05766
0.82869
0.17023
0.07874
0.07783
0.06749
0.05517
0.0547
0.05603
1.94443
0.66115
0.41968
0.49869
0.35481
0.12182
0.29398
0.17804
0.39356
0.14837
0.07066
0.07133
0.06337
0.06001
0.05336
0.05232
0.05998
0.05393
0.04909
1.28191
0.49511
0.32759
0.47266
0.11781
0.81735
0.16556
0.08492
0.14281
0.06689
0.06099
0.23969
0.05712
0.05929
0.05293
0.04691
0.05254
0.04795
0.04429
0.044
1.2826
0.4409
0.17256
0.44004
0.13985
0.06891
0.06367
0.59435
0.18836
0.07089
0.061
0.0521
0.0495
0.57682
0.07805
0.05452
0.04887
0.04734
0.04039
0.0361
0.52086
0.09794
0.0531
0.04749
0.04782
0.0388
0.03736
0.02555
0.03121
1.45427
0.38475
0.24837
0.42432
0.22424
0.0942
0.09507
0.06496
0.05291
0.04834
0.04341
0.04191
0.03865
0.19898
0.68753
0.18857
0.13468
0.05151
0.04228
0.04211
0.03332
0.30855
0.53487
0.1058
0.08502
0.04514
0.04948
0.03599
0.03112
0.03627
0.03434
1.50532
0.35975
0.329
0.19936
0.27131
0.43942
0.09451
0.7845
0.19943
0.08966
0.06801
0.24067
0.05699
0.07622
0.61709
0.17595
0.07791
0.05522
0.05143
0.04432
0.04281
0.43933
0.20968
0.44197
0.17154
0.07035
0.04926
0.73106
0.15533
0.07878
0.05632
0.04834
0.04564
0.04223
0.03948
0.03981
0.03917
0.03546
0.02885
0.3983
0.16227
0.39964
0.34814
0.0956
0.05067
0.04145
0.03988
0.03139
0.02759
0.03461
0.02985
0.02825
1.82223
0.62877
0.17201
0.10837
0.07107
0.45437
0.31615
0.22927
0.07783
0.05733
0.04871
0.04276
0.04456
0.03533
0.03765
0.6459
0.13015
0.21399
0.26841
0.35455
0.06098
0.0755
0.06095
0.03825
0.03905
0.03737
0.02961
0.0358
0.242
0.12194
0.59496
0.32731
0.20472
0.41026
0.10287
0.14819
0.04773
0.03834
0.03717
0.041
0.03772
0.03337
0.02647
0.03626
0.03153
0.02713
0.02292
0.02679
0.02662
0.02085
1.03474
0.31023
0.14628
0.05739
0.70413
0.32588
0.12568
0.06541
0.17435
0.05352
0.04494
0.04025
0.03629
1.33964
0.28393
0.08706
0.44533
0.33614
0.15104
0.05932
0.05791
0.05016
0.08393
0.03968
0.03833
0.03623
0.03528
0.03601
0.03163
0.55878
0.35139
0.0513
0.36865
0.05366
0.04512
0.03409
0.03912
0.02922
0.85053
0.2185
0.30393
0.06458
0.0486
0.1135
0.03204
0.03114
0.02709
0.03013
0.04936
0.02632
0.52395
0.40497
0.18918
0.26742
0.10348
0.97264
0.20928
0.09428
0.08005
0.06108
0.04554
0.0394
0.56188
0.07369
0.07425
0.04874
0.03296
0.02996
0.03609
0.02846
0.90082
0.37504
0.20167
0.09477
0.07992
0.05436
0.04519
0.06259
0.04023
0.02946
1.23285
0.50548
0.15485
0.07025
0.18637
0.04575
0.04434
0.032
0.03271
0.02926
0.02628
0.02436
0.02708
0.02203
0.02192
0.52173
0.05809
0.80477
0.17098
0.10127
0.47286
0.37142
0.06941
0.16457
0.04179
0.03669
0.0327
0.03516
0.02587
0.10132
0.02547
0.80502
0.16378
0.06104
0.0463
0.042
0.02793
0.02525
0.02563
0.02163
0.01987
0.0262
0.04339
0.91958
0.31885
0.53348
0.24378
0.22635
0.0847
0.06055
0.04434
0.03875
0.03002
0.03177
0.86854
0.33981
0.16519
0.1365
0.04416
0.03999
0.03731
0.0285
0.02925
0.02695
0.02904
0.02544
0.02253
1.60163
0.17826
0.08038
0.05603
0.14228
0.07728
0.03398
0.03368
0.0288
0.02428
0.02141
0.02492
0.0308
0.02347
1.1724
0.29342
0.11038
0.28312
0.06009
0.37999
0.09049
0.05279
0.03311
0.03109
0.02631
0.02689
0.024
0.02379
0.01699
0.02442
0.92251
0.17852
0.07603
0.08036
0.04592
0.67854
0.24791
0.13093
0.06531
0.43974
0.10164
0.05684
0.04409
0.95847
0.2215
0.08066
0.04678
0.03518
0.03623
0.03163
0.02862
0.02627
0.02651
0.02608
0.02436
0.02417
0.02292
0.02477
0.02212
0.021
1.59293
0.42672
0.14272
0.07946
0.7866
0.23011
0.09299
0.06385
0.04953
0.03767
0.33792
0.31004
0.17673
0.0749
0.05578
0.03625
0.02921
0.02381
0.02487
0.02153
0.02073
0.0347
0.01834
0.01937
0.0191
0.01925
0.0178
2.1446
1.26732
0.53619
0.32271
0.10995
0.79506
0.11838
0.07855
0.05663
0.06837
0.04076
0.39828
0.08062
0.40925
0.04615
0.0381
0.03275
0.03007
0.02823
0.033
0.02391
0.02638
0.02258
1.17695
0.24864
0.11362
0.08479
0.06545
0.04544
0.03394
0.02926
0.02501
0.30767
0.56739
0.11288
0.04526
0.03081
0.02879
0.02447
1.09247
0.2444
0.30327
0.19795
0.07226
0.04432
0.039
0.03331
0.02888
0.02529
0.02276
0.02234
0.02088
0.02043
0.02146
0.01907
0.01941
0.01901
0.0189
0.01835
0.65192
0.79794
0.15325
0.0819
0.04945
0.34179
0.04592
0.03485
0.02932
0.02384
0.02305
1.32503
0.51501
0.14723
0.07382
0.05103
0.04042
0.34678
0.19809
0.06334
0.60869
0.17327
0.05852
0.03951
0.03498
0.03395
0.02547
0.02401
0.024
0.02218
0.0196
0.0204
0.01911
0.02917
0.01756
0.01719
0.01759
0.0168
0.89379
0.16433
0.0463
0.03041
0.02382
0.02449
0.01794
0.0166
0.01519
0.0168
0.44483
0.77721
0.35342
0.11271
0.76785
0.36494
0.10835
0.21057
0.06355
0.0443
0.03377
0.03375
0.02685
0.02818
0.02116
0.02223
0.02241
0.02069
0.02003
0.0207
0.01908
0.01821
0.01845
0.01637
0.15354
1.05226
0.21464
0.05613
0.03355
0.03599
0.02373
0.36502
0.26354
0.06188
0.36603
0.21254
0.0473
0.02658
0.02384
0.01922
0.02115
0.01939
0.0175
0.01474
0.01796
0.01697
0.01453
0.01769
0.01408
0.01394
0.01495
0.01383
0.01304
0.01323
1.01434
0.41579
0.13347
0.3541
0.11514
0.05082
0.08868
0.04202
0.02441
0.0244
0.01994
0.03203
0.01645
0.01776
0.01577
1.76231
0.38784
0.205
0.21584
0.10453
0.05611
0.04482
0.0386
0.03454
0.03098
0.02889
0.02532
0.02156
0.01917
0.01966
0.01847
0.01621
0.01734
0.01448
0.01466
2.91848
0.45129
0.13962
0.09003
0.06554
0.05389
0.04581
0.04144
0.03893
0.03273
0.02964
0.02445
0.02193
0.01871
0.01684
0.01879
0.01472
0.01424
0.01365
0.01333
1.7544
0.78756
0.45198
0.541
0.28967
0.08174
0.0547
0.39063
0.09155
0.03819
0.03297
0.03504
0.02626
0.0231
0.02196
0.02279
0.01912
0.0189
0.01724
0.0163
0.0158
0.0177
0.01518
0.01521
1.61779
0.46834
0.17083
0.10377
0.0734
0.32964
0.12377
0.03795
0.03032
0.71261
0.15573
0.09405
0.06314
0.04771
0.03829
0.02922
0.02598
0.02485
0.02278
0.02008
0.01951
0.01775
0.67201
0.67374
0.28799
0.12151
0.4687
0.08195
0.06073
0.03687
0.03572
0.02908
0.02413
0.02045
0.01994
0.01923
0.02006
0.01741
0.01638
0.01718
0.01672
0.01659
0.0138
0.01299
0.01382
0.01278
0.01387
0.01279
0.01205
0.01326
0.01547
0.0108
0.01122
0.01147
0.01251
0.01034
0.00986
1.61876
0.37637
0.14977
0.23142
0.08166
0.06785
0.51989
0.09361
0.06712
0.0525
0.04692
0.0401
0.03649
0.03125
0.0283
0.02717
0.02377
0.02205
0.02025
0.02151
0.01849
0.01933
0.01629
0.01619
0.01559
0.01473
0.01276
0.01335
0.01177
0.01317
0.01154
2.61898
0.4426
0.29939
0.06729
0.23962
0.04295
0.02829
0.02403
0.02427
0.57303
0.14394
0.03765
0.64833
0.32152
0.16599
0.04634
0.02971
0.02637
0.02148
0.02191
0.01918
0.02016
0.01863
0.0176
0.01517
0.01759
0.01518
0.01279
0.01313
0.01363
0.01232
1.42254
0.2092
0.09825
0.05032
0.04028
0.03166
0.0282
0.02434
0.02309
0.01916
0.01679
0.01468
0.01339
0.01304
0.01333
0.01337
0.01191
0.01437
0.01011
0.01208
0.01002
0.00952
0.01055
0.00908
1.39707
0.54667
0.19847
0.26564
0.05767
0.53453
0.11815
0.06945
0.03698
0.03065
0.02845
0.02282
0.02071
0.01951
0.01587
0.01727
0.01471
0.01524
0.01439
0.01369
0.01323
1.35853
0.32019
0.20859
0.15333
0.13074
0.06227
0.05849
0.04738
0.03891
0.0317
0.02825
0.02502
0.02268
0.02744
0.01875
0.0164
0.01664
0.01496
0.01479
1.16122
0.56464
0.53331
0.2628
0.17676
0.06638
0.04262
0.57221
0.11367
0.08434
0.03456
0.03082
0.02791
0.02585
0.02027
0.02104
0.02055
0.01982
0.01713
0.01581
0.01558
0.0151
0.01356
0.01451
0.01314
0.01233
0.01409
0.01104
0.01192
0.01021
0.01046
0.01085
0.01058
0.00945
0.00986
0.00976
0.00938
0.00921
0.00853
1.02134
0.33711
0.2107
0.19812
0.06125
0.03611
0.02692
0.02455
0.02065
0.01801
0.01828
0.01582
0.01384
0.01404
0.01415
0.01354
0.01214
0.01157
2.31442
0.37673
0.24445
0.11796
0.08043
0.05436
0.04061
0.03663
0.02802
0.02759
0.02402
0.02277
1.04596
0.21921
0.11377
0.06829
0.04329
0.04094
0.02535
0.0195
0.01837
0.01699
0.01719
0.01428
0.01524
0.01384
0.01502
0.01329
0.01252
0.01271
0.93902
0.1095
0.17988
0.02837
0.01835
0.01673
0.0164
0.01611
0.01486
0.01326
0.0137
0.01239
0.01154
0.00981
0.01009
0.00973
0.0093
0.01059
0.00961
0.00865
0.00826
0.00896
0.0104
0.00799
0.00835
0.00772
0.00865
0.00681
0.00691
0.00664
0.00724
0.00592
0.00686
0.00671
0.00558
0.00647
0.00648
0.00514
0.00656
0.00572
0.00598
0.00629
0.00563
0.00556
1.55851
0.38039
0.26495
0.31324
0.14317
0.07431
0.0353
0.36477
0.0848
0.0332
0.02126
0.0172
0.01499
0.0147
0.01553
0.54244
0.10504
0.05574
0.02588
0.02082
0.0163
0.01526
0.01232
0.01313
0.01314
0.00977
0.01167
0.66081
0.21157
0.08987
0.12737
0.0479
0.03155
0.02246
0.01596
0.01649
0.01481
0.01335
0.01214
0.01252
0.01068
0.01187
0.00952
1.09362
0.7101
0.36626
0.26316
0.14952
0.34595
0.06647
0.42143
0.1122
0.0379
0.03191
0.02857
0.02302
0.0197
0.01888
0.01707
0.01677
0.01567
0.01361
0.01392
0.01294
0.34919
0.40008
0.07094
0.03193
0.02181
0.01634
0.01508
0.01458
0.01392
0.0133
0.01136
0.01097
0.01134
0.01004
0.01037
0.00976
0.01018
0.00918
0.00832
0.00937
0.00924
0.0083
0.00795
0.00743
0.00872
0.0079
0.00758
0.00733
0.00772
0.00804
0.007
0.00713
0.00719
0.00691
0.00705
0.00749
0.00666
0.00697
0.00587
0.00646
0.00542
0.00654
0.00489
0.00717
0.00542
0.00547
0.00531
6.49679
0.22934
0.13632
0.09788
0.41562
0.10576
0.05869
0.04
0.05788
0.03123
0.0268
0.02453
0.02093
0.01705
0.01765
0.01474
0.01405
0.01531
0.01162
0.01119
0.01066
0.01072
0.00961
0.00811
0.00904
0.00798
0.00772
0.00697
0.0083
1.54059
0.21574
0.28131
0.22123
0.09167
0.04603
0.0237
0.80873
0.22039
0.12345
0.06497
0.03883
0.0902
0.05622
0.02337
0.01694
0.01707
0.01732
0.01758
0.01378
0.0128
0.01276
0.01164
0.01136
0.01147
0.0116
0.01076
0.011
0.00948
0.00985
0.01084
0.01115
0.00916
0.0084
0.00736
0.00817
0.00779
0.0083
0.00791
0.00719
0.00747
0.00632
0.00751
0.00626
0.00647
0.00656
0.00605
0.0062
0.00542
0.00587
1.16473
0.32384
0.28289
0.12919
0.31565
0.14516
0.07026
0.06717
0.43437
0.10335
0.05193
0.03418
0.61934
0.10474
0.05373
0.0389
0.03228
0.02578
0.02191
0.01981
0.01825
0.01522
0.01439
0.51982
0.11021
0.07853
0.05383
0.04295
0.04471
0.02727
0.02389
0.01876
0.01747
0.015
0.01459
0.01437
