0.04459
0.03735
0.0
0.0
0.0
0.0
0.0
0.0
0.0
0.0
0.0
0.0
0.0
0.0
0.0
0.0
0.0
0.0
0.0
0.0
0.0
0.0
0.0
0.0
0.0
0.0
0.0
0.0
0.0
0.0
0.0
0.0
0.0
0.0
0.0
0.0
0.0
0.0
0.0
0.0
0.0
0.05006
0.11041
0.07223
0.17764
0.17272
0.21262
0.20043
0.15505
0.10376
0.05179
0.09462
0.07131
0.05151
0.0669
0.04668
0.07247
0.06186
0.07729
0.09573
0.07463
0.08474
0.08398
0.04866
0.08932
0.04046
0.03698
0.05125
0.05888
0.06604
0.07878
0.06603
0.05702
0.02763
0.05843
0.06231
0.03889
0.0779
0.05653
0.06734
0.08254
0.06137
0.05596
0.05533
0.04348
0.07073
0.05735
0.06647
0.05545
0.05344
0.06571
0.05483
0.05322
0.05891
0.04801
0.04064
0.038
0.03511
0.03387
0.0463
0.03807
0.02824
0.02525
0.0322
0.02584
0.03376
0.03275
0.02528
0.0317
0.02941
0.08297
0.04314
0.03571
0.03187
0.03047
0.02826
0.0504
0.03198
0.03662
0.04256
0.02921
0.03006
0.03049
0.02661
0.03375
0.08012
0.03916
0.02868
0.02782
0.04433
0.02272
0.01967
0.03336
0.02254
0.02239
0.02645
0.02272
0.03055
0.11548
0.04919
0.03092
0.03008
0.02855
0.02719
0.02819
0.02875
0.0324
0.03599
0.08022
0.03999
0.03126
0.02875
0.02907
0.03339
0.03142
0.02646
0.02196
0.07582
0.04871
0.02625
0.02455
0.02762
0.02477
0.05297
0.0256
0.02088
0.03457
0.02567
0.04598
0.02672
0.02477
0.02463
0.02414
0.02553
0.02392
0.02373
0.03333
0.21583
0.07297
0.03042
0.03479
0.0306
0.02742
0.02582
0.02315
0.02637
0.02363
0.02301
0.20466
0.09463
0.03499
0.03145
0.03075
0.02873
0.02624
0.11755
0.09195
0.03881
0.03514
0.03138
0.02703
0.02651
0.14443
0.06986
0.04348
0.03585
0.03205
0.13481
0.05271
0.03823
0.03883
0.03122
0.03197
0.14503
0.0753
0.11686
0.0398
0.03603
0.03488
0.0336
0.10168
0.04967
0.0322
0.02946
0.03018
0.0347
0.14503
0.1013
0.04684
0.04067
0.11433
0.06513
0.03789
0.03174
0.03233
0.02908
0.22681
0.12662
0.09475
0.07157
0.06061
0.13235
0.04707
0.04309
0.03302
0.08421
0.0496
0.03197
0.02748
0.0266
0.09579
0.23716
0.14308
0.11311
0.0764
0.0674
0.0557
0.04432
0.03499
0.03481
0.02597
0.02715
0.16141
0.35815
0.24592
0.14886
0.09554
0.1536
0.14229
0.1475
0.05878
0.04815
0.03756
0.03175
0.03004
0.03083
0.02666
0.16475
0.06514
0.03592
0.03531
0.03043
0.02567
0.0255
0.02575
0.34522
0.21586
0.14005
0.15602
0.1033
0.05287
0.08411
0.06887
0.10415
0.05727
0.03218
0.03277
0.02991
0.02799
0.02495
0.0248
0.02742
0.02531
0.02291
0.26552
0.17022
0.11083
0.12896
0.04948
0.19332
0.06983
0.03825
0.05577
0.03063
0.02767
0.06939
0.02634
0.02706
0.0247
0.02247
0.02425
0.02276
0.0208
0.02068
0.23681
0.1499
0.06769
0.11089
0.05408
0.03148
0.02958
0.14036
0.06657
0.03266
0.02818
0.02442
0.02329
0.12426
0.03505
0.02515
0.0229
0.02229
0.01908
0.01713
0.11915
0.04254
0.02496
0.02245
0.02248
0.01834
0.01771
0.01231
0.015
0.26005
0.13802
0.09425
0.11985
0.07242
0.04121
0.04133
0.0297
0.02457
0.02274
0.02071
0.01966
0.01846
0.04716
0.15498
0.06261
0.05172
0.02402
0.01986
0.02003
0.01571
0.05517
0.13552
0.04378
0.03682
0.02128
0.02252
0.01728
0.01499
0.01715
0.01618
0.25683
0.13811
0.12094
0.0797
0.0912
0.13445
0.04189
0.17844
0.07892
0.03963
0.03196
0.0772
0.0266
0.03408
0.10647
0.06717
0.03472
0.02568
0.02394
0.02114
0.02027
0.11128
0.07603
0.10114
0.07317
0.03231
0.02299
0.16043
0.06389
0.03601
0.02609
0.02267
0.02149
0.01979
0.01907
0.01889
0.01831
0.01707
0.01386
0.07001
0.0658
0.10253
0.10347
0.04268
0.02343
0.01961
0.01861
0.01496
0.01323
0.01644
0.01439
0.01343
0.32577
0.19949
0.07217
0.04781
0.03168
0.11917
0.07619
0.08424
0.03614
0.02628
0.02258
0.02028
0.02101
0.01668
0.01749
0.13587
0.05406
0.07483
0.08255
0.09699
0.02755
0.03233
0.02832
0.01781
0.01841
0.01797
0.01424
0.01718
0.06364
0.04218
0.0862
0.11526
0.07711
0.10586
0.04353
0.05271
0.02215
0.01832
0.01742
0.01958
0.01762
0.016
0.01258
0.01735
0.01512
0.01288
0.01104
0.01295
0.01286
0.01016
0.18796
0.10212
0.05556
0.0263
0.15555
0.10599
0.05626
0.02921
0.06187
0.02456
0.02132
0.01896
0.01713
0.25984
0.09281
0.03918
0.1176
0.10387
0.06577
0.02793
0.02684
0.02312
0.03679
0.01864
0.01816
0.01712
0.01684
0.01713
0.01462
0.12645
0.09994
0.02389
0.11128
0.02533
0.02098
0.0166
0.01826
0.01383
0.19513
0.08464
0.09211
0.02984
0.02192
0.04634
0.01498
0.01494
0.01301
0.01438
0.02345
0.01237
0.06581
0.12307
0.06958
0.08583
0.04651
0.20127
0.08503
0.04391
0.03743
0.02803
0.02133
0.0182
0.12274
0.03346
0.03372
0.02286
0.01546
0.01434
0.01739
0.01349
0.1281
0.1421
0.08275
0.04346
0.0367
0.02541
0.02097
0.02821
0.01891
0.01343
0.25173
0.15027
0.06588
0.03263
0.0697
0.02138
0.02023
0.01511
0.01553
0.01423
0.01256
0.01166
0.0131
0.0105
0.01057
0.11161
0.02697
0.17872
0.07196
0.0458
0.13348
0.10523
0.03179
0.05952
0.02002
0.01744
0.01512
0.01677
0.01242
0.04093
0.01218
0.1801
0.06628
0.02846
0.0212
0.01953
0.0134
0.01202
0.01241
0.01033
0.0095
0.01264
0.0191
0.16579
0.11021
0.14565
0.0795
0.07761
0.03878
0.02778
0.02034
0.01829
0.01411
0.01514
0.13162
0.10957
0.07103
0.05288
0.02048
0.01845
0.01777
0.01343
0.01397
0.01298
0.01372
0.01216
0.01062
0.23083
0.07621
0.03742
0.0259
0.04933
0.03305
0.01601
0.0156
0.0138
0.0115
0.01025
0.01189
0.01475
0.01062
0.24058
0.10419
0.0488
0.08049
0.02826
0.09104
0.04073
0.02381
0.01576
0.01472
0.01276
0.0128
0.0115
0.01145
0.00837
0.01073
0.16585
0.06851
0.03416
0.03552
0.02133
0.11649
0.10009
0.05256
0.03004
0.11928
0.04489
0.02689
0.0207
0.18078
0.07696
0.03553
0.02186
0.01665
0.01703
0.01514
0.01359
0.01271
0.01265
0.01257
0.01177
0.01157
0.01097
0.01191
0.01069
0.01019
0.29045
0.14562
0.05881
0.03594
0.18177
0.0858
0.04302
0.03018
0.02284
0.01786
0.06348
0.11318
0.06822
0.0348
0.02651
0.01733
0.01399
0.01136
0.01188
0.01021
0.01008
0.01588
0.00885
0.00945
0.00913
0.00915
0.00867
0.09314
0.34079
0.17271
0.10861
0.04774
0.17604
0.05194
0.03606
0.02661
0.03021
0.01891
0.0935
0.03545
0.09888
0.02149
0.01821
0.0153
0.0145
0.01323
0.01604
0.01135
0.01259
0.011
0.21558
0.09989
0.05104
0.03789
0.02934
0.02211
0.01617
0.01382
0.01214
0.0343
0.15967
0.04533
0.02111
0.01462
0.01375
0.01183
0.21038
0.09046
0.09177
0.06639
0.03122
0.02093
0.01831
0.01578
0.01385
0.01217
0.01111
0.01088
0.0101
0.0098
0.01026
0.00931
0.00932
0.0092
0.0091
0.00904
0.05705
0.20184
0.06461
0.03668
0.0239
0.09511
0.02171
0.01619
0.01415
0.01141
0.01118
0.22178
0.17395
0.06142
0.0336
0.02368
0.01901
0.0838
0.07901
0.02963
0.15399
0.06221
0.02699
0.01862
0.01668
0.01596
0.0122
0.01147
0.01153
0.01059
0.0096
0.00984
0.00944
0.0139
0.00848
0.00829
0.00856
0.00818
0.1714
0.06738
0.02155
0.01423
0.01147
0.01155
0.00875
0.00804
0.00733
0.00814
0.0596
0.20739
0.10838
0.04535
0.18795
0.12721
0.04584
0.06388
0.029
0.0205
0.01566
0.01603
0.0127
0.01338
0.01018
0.01067
0.0107
0.01011
0.00958
0.00993
0.00932
0.00879
0.00877
0.00798
0.03213
0.22024
0.07753
0.02602
0.01567
0.01692
0.01124
0.10316
0.08336
0.02801
0.10652
0.07818
0.02159
0.01264
0.01136
0.00931
0.01015
0.00931
0.00838
0.00728
0.0087
0.0082
0.00708
0.00849
0.00681
0.00671
0.00724
0.00677
0.00633
0.00647
0.16633
0.13868
0.05568
0.10068
0.04542
0.02376
0.03423
0.01873
0.01143
0.01159
0.0094
0.01499
0.00787
0.00861
0.00749
0.25209
0.13513
0.07855
0.07697
0.04271
0.02611
0.02121
0.01834
0.01659
0.01444
0.01375
0.01215
0.01036
0.00943
0.00925
0.00914
0.00776
0.00836
0.00709
0.00659
0.25726
0.1285
0.05813
0.04053
0.03003
0.02532
0.02184
0.01977
0.01866
0.01566
0.0142
0.01182
0.01042
0.00891
0.00812
0.00895
0.00716
0.00686
0.00665
0.00649
0.28911
0.23596
0.14161
0.13684
0.09907
0.03514
0.02522
0.09759
0.03819
0.01797
0.01527
0.01649
0.01234
0.01111
0.01058
0.01104
0.00907
0.00924
0.00834
0.00789
0.00762
0.0086
0.00741
0.00739
0.25238
0.14889
0.07325
0.04501
0.0333
0.09103
0.04321
0.01801
0.01429
0.14892
0.06712
0.04209
0.02934
0.02249
0.01843
0.01381
0.01251
0.01173
0.01117
0.0097
0.00928
0.00861
0.09105
0.20962
0.10187
0.05231
0.10691
0.03664
0.02732
0.01714
0.01694
0.01364
0.01149
0.00983
0.00956
0.00929
0.00972
0.00834
0.00786
0.00836
0.00813
0.00805
0.0067
0.00633
0.00675
0.00621
0.00675
0.00626
0.00585
0.00637
0.00759
0.00525
0.00546
0.00553
0.00602
0.00507
0.00488
0.20914
0.11896
0.06162
0.07506
0.0366
0.03111
0.11532
0.04147
0.03033
0.02451
0.02232
0.01849
0.01734
0.0152
0.01348
0.013
0.0113
0.01041
0.0098
0.01034
0.00894
0.00933
0.0078
0.00781
0.00754
0.00713
0.0061
0.00643
0.00567
0.00631
0.00582
0.17421
0.12773
0.08437
0.02991
0.07015
0.02022
0.013
0.0114
0.01117
0.13371
0.05862
0.0174
0.14629
0.10004
0.05716
0.02128
0.01399
0.01248
0.01021
0.01034
0.00937
0.00972
0.00898
0.00847
0.00735
0.00854
0.00721
0.00616
0.00643
0.00668
0.00578
0.20445
0.08149
0.04287
0.02347
0.01903
0.01521
0.01365
0.01165
0.01114
0.00919
0.00822
0.00682
0.00657
0.00625
0.00649
0.00642
0.00589
0.00703
0.00488
0.00588
0.00486
0.00463
0.00515
0.00444
0.14625
0.1646
0.07436
0.07601
0.02501
0.1235
0.04831
0.03
0.01738
0.0144
0.01316
0.01086
0.00996
0.00948
0.00756
0.00812
0.00716
0.00726
0.00701
0.00653
0.0064
0.20253
0.11647
0.07761
0.05848
0.04988
0.02813
0.02644
0.02195
0.01883
0.01516
0.01352
0.01217
0.0109
0.01303
0.00907
0.00798
0.00801
0.0073
0.00711
0.10277
0.17333
0.15305
0.09249
0.07042
0.0289
0.01955
0.11628
0.04623
0.03278
0.01632
0.01481
0.01326
0.01216
0.0098
0.00998
0.00987
0.00948
0.0083
0.00769
0.00755
0.0074
0.00656
0.00706
0.00628
0.00605
0.00673
0.00533
0.00583
0.00496
0.00512
0.00528
0.00512
0.00464
0.00463
0.00493
0.00453
0.00445
0.00423
0.10082
0.11216
0.06772
0.0639
0.02658
0.01723
0.01255
0.01158
0.0099
0.00864
0.00876
0.00748
0.00664
0.00673
0.00667
0.00663
0.00591
0.0057
0.20375
0.12643
0.08378
0.05062
0.03489
0.02492
0.01916
0.0172
0.01335
0.01266
0.01162
0.01079
0.18108
0.08711
0.04839
0.03013
0.01964
0.01843
0.01192
0.00926
0.00874
0.00807
0.00822
0.00694
0.00728
0.00675
0.00722
0.00632
0.00613
0.00621
0.12804
0.04428
0.05179
0.01321
0.00873
0.00785
0.00778
0.00781
0.00706
0.00642
0.0066
0.00594
0.00557
0.00471
0.00493
0.00481
0.00448
0.00512
0.00468
0.00426
0.00401
0.0042
0.00509
0.0039
0.00399
0.00382
0.00418
0.00328
0.00341
0.00328
0.00356
0.00286
0.00339
0.00325
0.00269
0.00314
0.0032
0.00247
0.00321
0.00278
0.0029
0.00304
0.00274
0.00277
0.16331
0.12173
0.08049
0.07939
0.05352
0.02978
0.01508
0.08875
0.03407
0.01481
0.00978
0.00815
0.00718
0.00698
0.0072
0.1022
0.04148
0.02339
0.01205
0.00986
0.0077
0.00731
0.00588
0.00624
0.0064
0.00468
0.00562
0.09215
0.08063
0.03908
0.04322
0.02106
0.01455
0.01083
0.00759
0.00809
0.00714
0.00646
0.00598
0.00589
0.0052
0.00576
0.00458
0.11927
0.19968
0.12947
0.09077
0.05841
0.08728
0.02859
0.10142
0.04263
0.01785
0.01468
0.01365
0.01093
0.00923
0.0091
0.00798
0.00798
0.00743
0.00665
0.00675
0.00625
0.05814
0.10146
0.03009
0.01506
0.01042
0.00791
0.0075
0.00684
0.00676
0.00618
0.00575
0.00531
0.00556
0.00493
0.00501
0.00481
0.00496
0.00448
0.00403
0.00458
0.00453
0.00403
0.0039
0.00364
0.00427
0.00389
0.00369
0.0036
0.00379
0.00386
0.00336
0.00348
0.00347
0.00342
0.00343
0.00362
0.00319
0.00342
0.00294
0.00314
0.00267
0.00315
0.00239
0.00345
0.00258
0.00272
0.00254
0.22655
0.07922
0.05247
0.03743
0.08441
0.03811
0.02476
0.018
0.02438
0.01417
0.01229
0.01131
0.01001
0.00811
0.00836
0.00699
0.0066
0.00733
0.00573
0.00538
0.00512
0.00514
0.00463
0.00398
0.00435
0.00388
0.00378
0.00343
0.00405
0.19616
0.08486
0.08021
0.07
0.03507
0.02013
0.01124
0.13573
0.08182
0.04856
0.02886
0.01782
0.03029
0.0235
0.01097
0.00819
0.00805
0.0083
0.00846
0.0067
0.00619
0.00613
0.00565
0.00548
0.00549
0.00559
0.00515
0.00539
0.00462
0.00479
0.00513
0.00546
0.00433
0.00405
0.00351
0.00408
0.00374
0.00407
0.00387
0.00348
0.00366
0.00298
0.00362
0.00312
0.00313
0.00322
0.00294
0.00301
0.00263
0.00284
0.13716
0.10949
0.08991
0.0515
0.07853
0.05873
0.02964
0.02814
0.09018
0.04228
0.02291
0.01402
0.1039
0.04426
0.02454
0.01763
0.01475
0.01205
0.01015
0.00933
0.00856
0.00727
0.00712
0.10322
0.04598
0.03346
0.02422
0.01966
0.01981
0.01282
0.01123
0.00874
0.00822
0.00732
0.00705
0.00695
