10.86077
10.1421
9.35579
4.97967
2.08645
2.03644
1.40582
1.71098
1.63518
1.91257
1.77221
1.60264
1.276
1.33303
1.31985
1.31886
1.63082
1.8004
1.80274
1.59345
2.11391
1.90493
2.14507
2.28119
2.09766
2.36081
2.33523
2.53332
2.53618
2.72088
2.19677
2.49923
2.28962
2.23325
2.22153
2.01433
2.21986
2.19243
2.10114
2.08947
2.07098
1.94359
1.98666
1.76406
1.82254
1.83327
1.58471
1.74144
1.61
1.61761
1.41089
1.63943
1.38173
1.55342
1.73253
1.4509
1.48718
1.65835
1.43256
1.53469
1.65238
1.46468
1.56627
1.43538
1.59956
1.38671
1.64317
1.46839
1.64255
1.47416
1.60729
1.52187
1.65205
1.65588
1.48786
1.64212
1.54363
1.66061
1.55783
1.73131
1.54875
1.75974
1.60222
1.80136
1.7132
1.79177
1.65105
1.83315
1.69329
1.88029
1.70924
1.85956
1.68296
2.01589
1.72606
1.94697
1.85478
1.98438
1.85357
1.95271
1.79883
1.96821
1.7937
1.90426
1.83913
1.90985
1.79395
1.87612
1.7909
1.94358
1.69683
1.77822
1.66418
1.85046
1.62217
1.82434
1.6352
1.78577
1.59731
1.75844
1.5324
1.71766
1.62671
1.71474
1.5647
1.69932
1.49073
1.66822
1.57241
1.70835
1.51851
1.65492
1.46865
1.65715
1.50727
1.62438
1.52711
1.65577
1.50015
1.60155
1.48838
1.60081
1.53545
1.61221
1.45394
1.63085
1.45486
1.59907
1.4398
1.58919
1.44122
1.63888
1.42342
1.62632
1.39521
1.58234
1.42058
1.59427
1.52935
1.5975
1.41599
1.58332
1.46815
1.62602
1.39538
1.53278
1.51037
1.56212
1.43482
1.56544
1.4544
1.54738
1.42718
1.5658
1.48932
1.5574
1.42388
1.54826
1.54733
1.54711
1.44772
1.5213
1.57122
1.44462
1.62169
1.40732
1.58618
1.39636
1.5844
1.44061
1.559
1.39375
1.51834
1.41731
1.68869
1.32602
1.53435
1.45616
1.57111
1.37639
1.57572
1.43111
1.53677
1.43712
1.51036
1.44363
1.54059
1.41764
1.56775
1.361
1.52245
1.51997
1.52265
1.45306
1.5186
1.40584
1.5412
1.43058
1.56361
1.46368
1.5421
1.4582
1.56095
1.44523
1.53069
1.50193
1.55156
1.43206
1.53289
1.44693
1.58393
1.45095
1.55802
1.42657
1.54108
1.44406
1.57717
1.4277
1.5693
1.46091
1.60623
1.43329
1.62728
1.43093
1.54222
1.45051
1.61791
1.51496
1.61901
1.40284
1.6208
1.45743
1.67383
1.45668
1.61403
1.5309
1.65915
1.43569
1.58576
1.52016
1.58923
1.56331
1.6238
1.46848
1.66869
1.49434
1.62089
1.49148
1.66983
1.5007
1.62389
1.57642
1.64592
1.55466
1.65632
1.55406
1.65639
1.54511
1.6882
1.52492
1.60279
1.54951
1.68064
1.60557
1.68807
1.59757
1.67494
1.50097
1.72006
1.60918
1.71566
1.55528
1.77959
1.52846
1.66541
1.55678
1.73123
1.57619
1.7421
1.57014
1.71721
1.58178
1.62654
1.65418
1.83357
1.56612
1.7778
1.57674
1.74975
1.62206
1.74449
1.60243
1.73267
1.58422
1.82903
1.60775
1.73749
1.62258
1.77469
1.61046
1.77008
1.6277
1.77526
1.62068
1.78836
1.69059
1.76666
1.65061
1.8053
1.63136
1.76291
1.65542
1.78699
1.72431
1.7644
1.68659
1.85157
1.66901
1.8124
1.70868
1.77751
1.72313
1.76636
1.88707
1.63712
1.83878
1.69711
1.84787
1.71979
1.89222
1.68837
1.91016
1.6998
1.9575
1.70568
1.83747
1.73872
1.87074
1.96739
1.7375
1.89022
1.67825
1.96887
1.76996
1.93288
1.77072
1.99849
1.738
1.88317
1.80775
1.93567
1.8658
1.90108
1.84837
1.95101
1.84228
2.00745
1.72044
2.03098
1.7843
1.97589
1.84957
1.95149
1.85737
2.02758
1.77603
2.02923
1.94809
2.04478
1.83573
2.04836
1.83168
2.12772
1.86623
2.05569
1.94562
2.02058
1.97265
1.94377
1.95425
2.07824
2.00169
2.1166
1.90607
2.12466
1.88437
2.20861
1.97062
2.09114
2.01156
2.08488
2.01195
2.07587
2.04119
2.10223
2.02597
2.14124
2.02301
2.28753
1.97458
2.22319
1.98105
2.28848
2.02776
2.24049
2.00777
2.32362
2.07307
2.16086
2.04787
2.26751
2.10758
2.25197
2.12209
2.20376
2.27574
2.12522
2.37112
2.10002
2.3314
2.07352
2.38381
2.06404
2.37801
2.02032
2.40715
2.20852
2.55179
2.05315
2.44961
2.13503
2.49994
2.22041
2.38087
2.32899
2.33084
2.29556
2.37491
2.39293
2.42574
2.35095
2.31826
2.36701
2.45687
2.30881
2.4574
2.4621
2.46563
2.36397
2.46153
2.42092
2.47695
2.38492
2.42421
2.448
2.44095
2.52825
2.48985
2.47619
2.47483
2.49705
2.43092
2.63053
2.40263
2.75478
2.3371
2.58474
2.39847
2.60738
2.43465
2.49495
2.64674
2.29321
2.62918
2.43245
2.64674
2.47447
2.66201
2.45971
2.62787
2.55452
2.5588
2.55542
2.43277
2.70232
2.5067
2.65731
2.48556
2.78653
2.40223
2.72846
2.43037
2.83966
2.37938
2.73962
2.49294
2.73435
2.51978
2.92099
2.35636
2.85831
2.4136
2.77821
2.47452
2.86676
2.48999
2.94381
2.38514
2.84295
2.50157
2.90427
2.4379
2.89264
2.49516
2.79728
2.4454
2.73972
2.54791
2.75814
2.42763
2.78621
2.6124
2.65054
2.89125
2.38341
2.95731
2.44143
2.57391
2.80387
2.76511
2.64163
2.71961
2.66837
2.57329
2.85636
2.614
3.09269
2.47926
2.90173
2.6338
2.92687
2.57819
2.70841
2.78685
2.78362
2.66327
2.79192
2.78758
2.78085
2.80487
2.70354
2.75915
2.56263
2.98021
2.4835
2.96093
2.63716
3.07553
2.55338
3.06087
2.49747
2.93954
2.64651
2.85325
2.71465
2.84511
2.75001
2.85916
2.73106
2.9417
2.74964
2.85834
2.78322
2.85804
2.89809
2.80325
2.83135
2.84241
2.85655
2.75135
2.89878
2.8895
2.82819
2.83035
2.85012
2.74746
3.09308
2.62702
3.03613
2.60473
3.07
2.60194
2.87717
2.86795
2.78628
2.9666
2.79864
3.00565
2.64259
3.03888
2.73214
3.23669
2.65907
3.02456
2.7011
2.98028
2.87586
2.78568
3.04133
2.84033
2.95947
2.8726
2.88076
2.86519
2.92263
2.90803
2.94239
2.93376
3.00459
2.91034
2.9407
2.83726
2.86803
3.08233
2.89257
3.20701
2.63625
3.06627
3.03033
3.01185
2.99226
2.93543
2.95366
2.89888
3.07995
2.8317
3.14058
2.82627
3.2967
2.7123
3.02945
3.09939
2.90328
3.06375
2.87921
3.31313
2.7333
3.02188
3.12241
2.945
3.23182
2.74687
3.29884
2.84244
3.17125
2.89883
3.10008
3.34215
2.81507
3.1126
3.10998
2.96037
3.18279
2.88362
3.45922
2.92961
3.29736
2.75995
3.249
2.8868
3.17972
2.95682
3.13935
3.17599
2.89134
3.35739
2.87055
3.23923
3.09758
2.98958
3.28801
2.93787
3.32984
2.91179
3.40297
2.80952
3.28246
3.06614
2.94776
3.43276
2.9149
3.38267
2.88604
3.15155
3.13971
3.02601
3.36886
3.06856
3.32211
2.80773
3.14445
3.27059
3.24477
3.216
3.11028
3.27026
3.06552
3.5557
2.76591
3.23648
3.13413
3.12233
3.45983
3.10923
3.27424
3.07056
3.2609
3.24263
3.18128
3.238
3.03536
3.42471
3.0242
3.46121
2.98215
3.48907
2.85043
3.22348
3.53247
2.90341
3.316
3.15857
3.13569
3.30486
3.24277
3.30935
3.14121
3.37504
3.23361
3.21736
3.39323
3.17016
3.42477
3.23237
3.54124
3.07742
3.31303
3.53262
3.0682
3.5302
3.00065
3.34276
3.19372
3.29983
3.4493
3.12941
3.40711
3.27799
3.22164
3.41127
3.07881
3.52506
3.15139
3.38809
3.2523
3.27406
3.33079
3.23337
3.3692
3.2405
3.54646
3.12219
3.57076
3.24804
3.28741
3.4756
3.11805
3.723
3.03849
3.42239
3.2848
3.37384
3.35592
3.33046
3.4776
3.15917
3.63309
3.30048
3.22105
3.49395
3.18873
3.25759
3.5424
3.36066
3.4464
3.21649
3.63205
3.04256
3.52493
3.35425
3.26002
3.75614
3.08378
3.52893
3.51598
3.15167
3.7057
3.21367
3.50354
3.19831
3.44493
3.61848
3.28446
3.43863
3.46108
3.5591
3.19757
3.40058
3.53725
3.3151
3.68627
3.18619
3.72314
3.13962
3.27446
3.54195
3.21862
3.48306
3.66377
3.16053
3.70635
3.368
3.38301
3.56094
3.28699
3.57976
3.41622
3.62848
3.36391
3.42337
3.63429
3.27253
3.59363
3.41142
3.40382
3.68726
3.56597
3.54034
3.41047
3.52435
3.36483
3.76304
3.29669
3.42788
3.92074
2.98667
3.43136
3.57698
3.38232
3.64042
3.43023
3.46074
3.65485
3.45873
3.7558
3.22349
3.55634
3.52679
3.33282
3.75183
3.39498
3.63599
3.59616
3.6101
3.38104
3.56843
3.44152
3.47385
3.67468
3.46687
3.77508
3.33032
3.72029
3.55021
3.42339
3.73365
3.34898
3.86029
3.26177
3.93575
3.19403
3.56371
3.48982
3.53991
3.69738
3.45115
4.01323
3.19077
3.7498
3.39093
3.55728
3.61151
3.55481
3.6816
3.61096
3.714
3.34576
3.51963
3.73374
3.49695
3.62401
3.67527
3.6835
3.58984
3.62964
3.83186
3.52684
3.60074
3.60668
3.59623
3.90863
3.44383
3.65542
3.64234
3.61562
3.80366
3.44797
3.74828
3.56519
3.5632
4.00396
3.29278
3.80117
3.61626
3.64106
4.08106
3.2336
3.62674
3.71078
3.57691
3.77665
3.58914
3.59371
3.92279
3.44893
3.96605
3.56111
3.64039
3.87343
3.42857
3.8797
3.76807
3.68672
3.67051
3.67769
3.85037
3.69619
3.49518
3.91264
3.69051
3.69509
3.81497
3.44917
3.76868
3.71855
3.62329
3.84354
3.57256
3.83341
3.73681
3.73985
3.80699
3.6176
3.83414
3.72824
3.59283
3.80911
3.71409
3.62808
4.09694
3.54783
3.70332
3.77612
3.77848
4.01579
3.52897
3.76978
3.75364
3.68062
4.15296
3.49634
3.96097
3.53429
3.78407
3.98166
3.27781
3.76327
3.99266
3.60458
3.72802
3.82813
4.15045
3.28282
3.71282
4.22121
3.34401
3.71804
4.13992
3.32063
3.81673
3.84098
3.6509
3.9589
3.64132
3.65952
4.22971
3.36683
3.52435
4.09553
3.50836
3.90837
3.70043
3.82446
3.93558
3.57099
4.0652
3.42201
3.82724
4.03244
3.56888
3.95969
3.72768
3.73433
4.03552
3.707
3.95007
3.72028
3.77198
4.08858
3.54881
3.86811
4.27103
3.4929
4.00923
3.76664
3.73532
4.26446
3.63499
3.9048
4.01707
3.73081
4.01294
3.75229
3.94413
3.93653
3.70576
4.07973
3.78481
3.57731
4.08501
3.79719
3.95313
4.15064
3.7287
4.23378
3.61672
3.88266
4.07063
3.7044
4.061
3.90586
3.95796
3.91521
3.87331
4.03452
3.90898
3.92236
4.39834
3.55114
3.86042
3.98954
3.71608
3.9145
3.94329
3.93243
3.91324
4.02769
3.97929
3.79901
3.97922
4.06306
3.80564
4.12641
3.91682
3.77713
4.11866
4.00594
3.72455
4.26125
3.80514
3.84317
4.14209
3.80013
3.97505
4.15401
3.95013
4.03232
4.07079
3.90037
4.08632
4.04421
4.19687
3.83727
3.97214
4.36104
3.58572
4.01925
4.20011
3.68302
4.17253
4.20894
3.80825
3.99739
4.10214
3.86514
4.11318
4.19803
3.83419
3.98328
4.53456
3.46982
3.91381
4.50774
3.54311
4.02423
4.4429
3.64069
4.06422
4.18755
3.73853
4.19724
4.04106
4.03232
4.12286
3.88793
4.17188
4.07551
3.91171
4.27829
4.08804
4.02747
4.25035
4.04968
4.2286
3.86262
3.92673
4.25708
3.92634
4.03971
4.23636
4.00244
4.16166
4.28931
3.83956
4.16406
4.01223
3.98561
4.26254
4.00339
4.03951
4.36512
4.00852
3.89832
4.2635
4.0703
3.92125
4.2507
4.03666
4.14937
4.05584
3.98421
4.30682
3.96907
4.11841
4.26516
3.94264
4.0653
4.44826
4.12161
3.92774
4.23216
4.23155
4.1821
4.22259
3.9571
4.18827
4.32822
3.89246
4.34105
4.12673
4.12933
4.53923
3.91285
4.2699
4.09472
4.27619
4.11635
4.05168
4.30283
4.19411
4.14873
4.66927
3.94327
4.23067
4.35041
4.07037
4.2877
4.52882
3.87155
4.32856
4.6212
3.82238
4.3751
4.09206
4.11499
4.40874
4.34791
4.01859
4.30854
4.23963
4.25857
4.66197
3.76536
4.3546
4.2284
4.24605
4.45821
3.93645
4.22752
4.72892
4.053
4.1196
4.4843
4.17033
4.16223
4.38217
4.10475
4.27982
4.53126
3.82621
4.25102
4.86054
3.75917
4.23361
4.67299
3.89997
4.23964
4.60175
3.65514
4.36841
4.32513
4.17495
4.4399
4.221
4.14439
4.52921
4.25365
4.04061
4.33092
4.39566
4.25522
4.67007
4.02352
4.34994
4.30786
4.22749
4.44585
4.69056
3.64629
4.32964
