0.4845
0.3152
0.24645
0.45688
0.43053
0.49785
0.44905
0.47714
0.41608
0.42158
0.45944
0.47445
0.50195
0.46512
0.45874
0.4291
0.44168
0.38364
0.40149
0.35763
0.36468
0.34653
0.35729
0.35601
0.33262
0.35008
0.35395
0.29956
0.30445
0.32676
0.33875
0.34506
0.34466
0.33609
0.40151
0.3497
0.39482
0.35306
0.39727
0.3533
0.41293
0.36392
0.40893
0.37789
0.37641
0.43035
0.38498
0.43059
0.38108
0.4398
0.38377
0.44103
0.40281
0.39232
0.43882
0.39004
0.39904
0.42846
0.39403
0.41825
0.40698
0.39169
0.42295
0.388
0.42244
0.3916
0.41394
0.36093
0.43119
0.37806
0.40706
0.38565
0.40056
0.36622
0.37648
0.39623
0.35675
0.4036
0.34733
0.39125
0.36913
0.37627
0.33159
0.39848
0.35231
0.35883
0.3546
0.37483
0.30025
0.40327
0.34942
0.35678
0.33822
0.3487
0.31076
0.39228
0.30469
0.3719
0.3029
0.37332
0.3152
0.34917
0.31639
0.37783
0.30926
0.36309
0.32336
0.36529
0.32528
0.36548
0.31827
0.38171
0.33783
0.36963
0.33381
0.3755
0.34556
0.37138
0.33436
0.37693
0.34345
0.35667
0.37652
0.37028
0.34355
0.38245
0.35302
0.34875
0.37949
0.38203
0.33875
0.39574
0.34709
0.39468
0.33164
0.39368
0.33531
0.39097
0.37101
0.37955
0.34198
0.39124
0.35358
0.36197
0.39357
0.37528
0.34906
0.39813
0.35118
0.40781
0.34163
0.401
0.35199
0.39945
0.34568
0.40677
0.36536
0.35344
0.39124
0.38106
0.3383
0.39053
0.36436
0.38312
0.36139
0.39102
0.3298
0.41681
0.36651
0.38378
0.35557
0.38863
0.35134
0.39574
0.3568
0.3818
0.3785
0.37834
0.34659
0.39016
0.36185
0.35328
0.42273
0.33843
0.39666
0.35298
0.40027
0.32538
0.4183
0.34539
0.3873
0.3754
0.37434
0.35693
0.37134
0.36532
0.40311
0.33722
0.3958
0.3467
0.41672
0.33909
0.39324
0.3707
0.38212
0.35477
0.39391
0.3546
0.39073
0.34801
0.39529
0.35697
0.37573
0.36083
0.3782
0.36727
0.38103
0.36224
0.38517
0.33809
0.38289
0.37267
0.36633
0.34164
0.41123
0.3271
0.38517
0.38335
0.37065
0.36331
0.37613
0.3491
0.38877
0.34225
0.38784
0.35637
0.39983
0.3164
0.38774
0.34837
0.37305
0.36537
0.36027
0.35348
0.38893
0.33268
0.38176
0.35212
0.3672
0.36001
0.3835
0.32571
0.3876
0.34178
0.40187
0.30877
0.38668
0.3076
0.3838
0.33161
0.39277
0.32997
0.37192
0.35501
0.36228
0.32082
0.38356
0.33142
0.38305
0.3154
0.37227
0.34239
0.36114
0.34392
0.35593
0.34256
0.3651
0.31589
0.37417
0.32088
0.40965
0.2932
0.37693
0.30787
0.36698
0.32985
0.35119
0.37184
0.3378
0.32728
0.36404
0.31811
0.35646
0.32643
0.37235
0.29694
0.3584
0.34886
0.32555
0.33868
0.36349
0.29849
0.40124
0.29257
0.35284
0.32554
0.33322
0.36661
0.31196
0.32997
0.35147
0.31135
0.35563
0.31654
0.35063
0.31495
0.35405
0.33682
0.31781
0.33604
0.35174
0.29645
0.37123
0.28369
0.33545
0.34555
0.32837
0.32291
0.31871
0.33898
0.33967
0.30111
0.36436
0.27995
0.35887
0.31631
0.32559
0.31748
0.34984
0.27504
0.36584
0.28416
0.3393
0.32618
0.29387
0.34973
0.27247
0.35033
0.31299
0.31493
0.33541
0.31204
0.31278
0.32344
0.27936
0.36264
0.24736
0.36605
0.25892
0.33406
0.32366
0.27829
0.3421
0.29991
0.32559
0.28794
0.34549
0.25406
0.35703
0.26442
0.33245
0.27243
0.32122
0.31038
0.28285
0.32191
0.29106
0.32839
0.31486
0.2571
0.34558
0.24445
0.37812
0.23591
0.3289
0.28555
0.2965
0.2943
0.2756
0.32437
0.29034
0.28526
0.32129
0.23773
0.35411
0.23393
0.3408
0.22248
0.36162
0.23977
0.29539
0.30573
0.26573
0.29792
0.31617
0.24719
0.31593
0.22707
0.34238
0.23582
0.34396
0.2121
0.33049
0.24604
0.27998
0.28647
0.24915
0.29917
0.23953
0.30143
0.25821
0.30836
0.24894
0.2674
0.29659
0.23457
0.30724
0.21598
0.35933
0.18916
0.33778
0.18521
0.35392
0.18101
0.28545
0.23451
0.29717
0.21709
0.29817
0.23178
0.28697
0.22887
0.28733
0.23877
0.29689
0.21878
0.25526
0.24703
0.24533
0.27427
0.22173
0.28893
0.17373
0.30299
0.16203
0.32783
0.16949
0.30213
0.19317
0.26322
0.2085
0.29341
0.17841
0.29415
0.19749
0.28974
0.14389
0.29071
0.20595
0.26783
0.21581
0.24957
0.26192
0.21189
0.23463
0.22386
0.24206
0.22977
0.25097
0.21323
0.24496
0.21268
0.27615
0.16784
0.28892
0.18513
0.28102
0.19581
0.22458
0.23492
0.24138
0.18858
0.29734
0.1813
0.2723
0.16398
0.29273
0.16467
0.27703
0.16007
0.28193
0.13399
0.34673
0.14171
0.28724
0.14398
0.30327
0.14495
0.27461
0.15131
0.29239
0.15454
0.25779
0.18833
0.2431
0.19976
0.25649
0.18591
0.20944
0.22085
0.19896
0.22044
0.2159
0.21642
0.21509
0.21608
0.17668
0.24631
0.19614
0.21365
0.17709
0.25747
0.15449
0.25444
0.17667
0.28777
0.15288
0.28001
0.15417
0.28549
0.15422
0.27279
0.15708
0.24809
0.19244
0.19343
0.27828
0.13021
0.28834
0.11784
0.28745
0.14924
0.27218
0.17103
0.24692
0.15763
0.20367
0.19861
0.20854
0.18131
0.27003
0.15604
0.19565
0.23265
0.144
0.28409
0.11802
0.26223
0.12558
0.28504
0.10899
0.33965
0.126
0.2792
0.15255
0.22031
0.19821
0.15834
0.22964
0.15811
0.25843
0.15439
0.23275
0.11382
0.31745
0.11365
0.26719
0.12963
0.25645
0.14401
0.23892
0.1822
0.18674
0.20579
0.10774
0.32921
0.14888
0.18918
0.20313
0.19943
0.2078
0.15113
0.23583
0.13699
0.32291
0.11086
0.24825
0.14037
0.22152
0.21107
0.15542
0.22706
0.10068
0.30412
0.11767
0.28484
0.1168
0.24497
0.15716
0.21812
0.17115
0.13786
0.24934
0.1498
0.23612
0.10742
0.2829
0.12079
0.23728
0.13795
0.19429
0.18443
0.17377
0.20626
0.16586
0.21912
0.13598
0.25406
0.1203
0.26501
0.09387
0.29951
0.10515
0.26552
0.11258
0.24749
0.17783
0.11512
0.2406
0.09011
0.27339
0.10295
0.29403
0.10108
0.27903
0.12142
0.22574
0.15943
0.14368
0.25583
0.09116
0.25194
0.10407
0.26827
0.14022
0.1497
0.23976
0.09393
0.26724
0.09775
0.26742
0.16656
0.13564
0.26349
0.11191
0.24393
0.12642
0.1676
0.19775
0.08502
0.27011
0.09649
0.26986
0.12817
0.13604
0.17895
0.16033
0.21374
0.14009
0.23712
0.11413
0.24359
0.08776
0.26128
0.11586
0.16063
0.2264
0.08696
0.26013
0.10046
0.20599
0.13697
0.20729
0.13887
0.13946
0.22751
0.08482
0.27988
0.10302
0.17752
0.18274
0.13633
0.22891
0.08919
0.28913
0.09521
0.21219
0.11305
0.20756
0.18887
0.08079
0.23095
0.08749
0.24435
0.09503
0.25368
0.10384
0.13505
0.2252
0.09746
0.28374
0.08808
0.18897
0.12045
0.19575
0.17484
0.07407
0.25129
0.08215
0.26896
0.08909
0.20194
0.12328
0.20619
0.13574
0.14881
0.25786
0.08094
0.20999
0.16376
0.08566
0.25366
0.08509
0.24809
0.08259
0.17054
0.18074
0.09998
0.25178
0.07735
0.25196
0.08527
0.15
0.17059
0.10443
0.23465
0.08193
0.18912
0.12837
0.13555
0.21881
0.09971
0.2139
0.10165
0.21243
0.12131
0.07185
0.24467
0.07742
0.25607
0.09296
0.1708
0.15376
0.07064
0.26937
0.08363
0.21504
0.09911
0.17171
0.15308
0.13162
0.20068
0.07993
0.24226
0.08235
0.23529
0.10156
0.12175
0.18086
0.08575
0.23237
0.0819
0.23864
0.07192
0.27016
0.08678
0.06707
0.2539
0.08328
0.10209
0.26593
0.08044
0.21898
0.07167
0.25293
0.10127
0.11871
0.19479
0.07108
0.23639
0.08425
0.17452
0.14947
0.06426
0.23078
0.09527
0.16337
0.12427
0.17293
0.17625
0.06998
0.23459
0.08104
0.19331
0.10096
0.11077
0.21592
0.07173
0.2477
0.07788
0.18087
0.1514
0.08108
0.25872
0.08306
0.11797
0.21529
0.08375
0.23727
0.1383
0.08655
0.213
0.07953
0.21718
0.1004
0.09329
0.2143
0.07145
0.22383
0.07635
0.21794
0.08928
0.0628
0.25097
0.07371
0.18151
0.06178
0.2446
0.07098
0.15482
0.15381
0.07085
0.22697
0.07111
0.11319
0.23642
0.07621
0.09776
0.20685
0.06806
0.22645
0.07013
0.21079
0.06752
0.16683
0.15453
0.06272
0.23891
0.083
0.18791
0.09365
0.11868
0.14698
0.11762
0.18858
0.06085
0.2446
0.06886
0.09732
0.18404
0.10397
0.17667
0.05846
0.22506
0.07756
0.18256
0.10904
0.12129
0.15689
0.11509
0.17992
0.07016
0.23651
0.06661
0.22309
0.08153
0.11823
0.16755
0.06577
0.23381
0.07146
0.14417
0.15995
0.07108
0.2075
0.06926
0.23791
0.07454
0.07007
0.22271
0.06342
0.20896
0.06719
0.20781
0.07484
0.05319
0.23634
0.06516
0.17456
0.11865
0.05957
0.20626
0.07058
0.19492
0.0723
0.10243
0.19064
0.06708
0.23227
0.07413
0.11196
0.19759
0.066
0.20802
0.06942
0.06589
0.23464
0.06722
0.16219
0.12353
0.05738
0.23262
0.06744
0.21521
0.09145
0.05523
0.21022
0.06318
0.16547
0.12791
0.06171
0.19171
0.06756
0.15046
0.14087
0.05291
0.24408
0.07333
0.05188
0.20906
0.06494
0.11884
0.19048
0.05679
0.21189
0.06699
0.08552
0.20027
0.06025
0.19563
0.06514
0.07707
0.2139
0.05742
0.15127
0.15804
0.05584
0.22098
0.06564
0.05961
0.23163
0.06393
0.12507
0.1381
0.07847
0.18375
0.05851
0.24018
0.06319
0.11104
0.1612
0.0741
0.19846
0.0574
0.19596
0.13731
0.0578
0.1829
0.07055
0.15202
0.09612
0.08872
0.23652
0.06219
0.09348
0.208
0.06024
0.11175
0.19097
0.05885
0.12917
0.14725
0.05676
0.22378
0.0667
0.05999
0.25089
0.07351
0.07951
0.17998
0.0577
0.18861
0.06152
0.17811
0.08507
0.09717
0.17989
0.05251
0.18971
0.08731
0.05358
0.21574
0.06271
0.08295
0.1705
0.05369
0.21421
0.06182
0.14948
0.12804
0.05584
0.15369
0.10726
0.05882
0.2491
0.06228
0.05241
0.1738
0.05456
0.21137
0.05936
0.08
0.20295
0.05261
0.12204
0.13353
0.04958
0.24429
0.08192
0.05983
0.16085
0.05557
0.18459
0.07368
0.06041
0.19379
0.05533
0.16514
0.09336
0.04632
0.20866
0.05682
0.11375
0.14704
0.04668
0.19269
0.05464
0.05379
0.20841
0.05871
0.08644
0.20157
0.05842
0.15993
0.07099
0.12506
0.09226
0.07615
0.19475
0.04886
0.08956
0.15499
0.04971
0.15951
0.11121
0.04457
0.22069
0.06843
0.06009
0.21169
0.06086
0.04781
0.22687
0.05708
0.05331
0.17899
0.04981
0.1415
0.09892
0.05427
0.1637
0.05157
0.19064
0.05364
0.09387
0.15689
0.04962
0.17197
0.09969
0.04554
0.07479
0.20229
0.05625
0.07716
0.18007
0.04759
0.08174
0.18337
0.05438
0.05959
0.19774
0.05399
0.07604
0.17849
0.051
0.10891
0.1439
0.04882
0.19051
0.0729
0.04776
0.18525
0.05063
0.07871
0.16267
0.05174
0.13905
0.11302
0.04213
0.1705
0.05228
0.07522
0.14997
0.04547
0.19734
0.05673
0.04263
0.20461
0.05026
0.08686
0.13898
0.04394
0.16926
0.06525
0.04446
0.21361
0.05342
0.03793
0.21129
0.05149
0.03596
0.20396
0.05961
0.03863
0.20381
0.05641
0.04867
0.1859
0.04746
0.11363
0.14328
0.04867
0.19099
0.05069
0.04426
0.21589
0.05065
0.03682
0.19968
0.06756
0.04067
0.17448
0.04726
0.08255
0.17689
0.04422
0.18093
0.06564
0.04064
0.18588
0.04871
0.08155
0.13216
0.04691
0.16497
0.04246
0.12552
0.11719
0.04125
0.185
0.04775
0.04481
0.17098
0.04646
0.05224
0.17643
0.04213
0.1192
0.10579
0.04011
0.14763
0.06752
0.03979
0.19252
0.061
0.03798
0.17271
0.05339
0.04016
0.16803
0.04358
0.11512
0.12072
0.04327
0.15752
0.04653
0.05949
0.1908
0.04512
0.03257
0.16988
0.05155
0.03208
0.20456
0.04721
0.04151
0.17119
0.04359
0.12735
0.11545
0.04316
0.07271
0.16272
0.04387
0.10208
0.12717
0.04284
0.11837
0.1412
0.04197
0.10084
0.10165
0.03918
0.14884
0.06853
0.03447
0.16682
0.08103
0.03942
0.16531
0.0441
0.05527
0.16064
0.04141
0.12942
0.10536
0.03695
0.12993
0.12669
0.04105
