0.782
0.76762
0.759
0.61732
0.5261
0.55712
0.49324
0.55597
0.57584
0.63057
0.52153
0.49676
0.53166
0.49626
0.54231
0.53467
0.60118
0.55888
0.6211
0.64054
0.68057
0.66981
0.65966
0.71751
0.65085
0.69822
0.66742
0.66493
0.6929
0.72752
0.64142
0.70197
0.61749
0.66733
0.66708
0.63745
0.64793
0.61292
0.65602
0.61639
0.63787
0.60013
0.62898
0.59199
0.62546
0.60402
0.58483
0.63541
0.57313
0.59717
0.57475
0.61435
0.56409
0.59918
0.61345
0.57663
0.61216
0.59673
0.57215
0.6189
0.60165
0.58504
0.61428
0.56589
0.62506
0.58363
0.61644
0.61459
0.60541
0.59553
0.62358
0.58538
0.63211
0.63817
0.58343
0.64946
0.59449
0.64954
0.61041
0.64194
0.60638
0.64753
0.63856
0.63849
0.61487
0.67996
0.61408
0.66086
0.6433
0.65539
0.62028
0.67254
0.62576
0.68491
0.64585
0.66455
0.65809
0.6704
0.6519
0.66665
0.64655
0.68706
0.64258
0.67556
0.64613
0.6698
0.64566
0.67764
0.63525
0.66058
0.63694
0.66257
0.63106
0.66898
0.62649
0.66312
0.62076
0.6649
0.62925
0.65291
0.62353
0.67111
0.61925
0.6542
0.61666
0.66663
0.5991
0.67511
0.60992
0.64158
0.61576
0.6605
0.61942
0.65633
0.6104
0.64423
0.63367
0.64766
0.59645
0.66348
0.61508
0.6369
0.61592
0.67255
0.59273
0.64883
0.60781
0.65069
0.61557
0.62787
0.62536
0.63117
0.60957
0.65026
0.60615
0.63237
0.60414
0.67109
0.59563
0.65353
0.61947
0.63046
0.61685
0.64603
0.60437
0.63593
0.62225
0.64438
0.60113
0.64225
0.60825
0.6484
0.61054
0.641
0.6149
0.64763
0.59855
0.65047
0.61503
0.64617
0.60346
0.66368
0.61969
0.61401
0.65471
0.60399
0.64814
0.62825
0.6241
0.61787
0.64063
0.60529
0.65272
0.6124
0.66972
0.60524
0.62872
0.61598
0.64033
0.62196
0.62403
0.62219
0.6392
0.6071
0.65332
0.60757
0.63353
0.61841
0.64928
0.61083
0.63718
0.61415
0.6608
0.60322
0.65576
0.60523
0.6453
0.62001
0.63671
0.63292
0.64187
0.61243
0.66409
0.6225
0.62481
0.63682
0.64207
0.61858
0.64662
0.60589
0.66237
0.61319
0.64468
0.60866
0.65767
0.62042
0.65801
0.62537
0.64141
0.63239
0.65596
0.60272
0.67816
0.61499
0.63921
0.64195
0.65035
0.61899
0.67046
0.61085
0.64806
0.63853
0.65375
0.6256
0.65578
0.6501
0.65343
0.6366
0.65449
0.63615
0.64659
0.63463
0.67304
0.60996
0.67468
0.63487
0.65451
0.64067
0.6608
0.63096
0.66724
0.62812
0.67402
0.64109
0.67458
0.61885
0.68344
0.62906
0.66723
0.64865
0.63921
0.67482
0.65505
0.65105
0.66866
0.63888
0.69416
0.61307
0.68844
0.63969
0.67376
0.64847
0.67981
0.63726
0.66255
0.66205
0.67702
0.63367
0.69773
0.63729
0.67874
0.65322
0.6401
0.6711
0.6913
0.64354
0.70219
0.61783
0.71466
0.63844
0.6797
0.65931
0.678
0.65112
0.69102
0.65125
0.67948
0.63466
0.71704
0.64409
0.69372
0.66957
0.65241
0.68127
0.69332
0.64617
0.70691
0.64168
0.71369
0.63372
0.71121
0.65225
0.67063
0.67891
0.68332
0.66164
0.70914
0.64624
0.69943
0.67766
0.67241
0.68094
0.68786
0.70247
0.66436
0.68736
0.6865
0.69529
0.65491
0.72411
0.63793
0.72223
0.65355
0.71775
0.68209
0.69393
0.70209
0.67236
0.74151
0.65306
0.71889
0.67938
0.69696
0.66501
0.71339
0.68293
0.6992
0.6964
0.67824
0.70336
0.70468
0.69271
0.71492
0.67404
0.73996
0.66262
0.75322
0.65894
0.71539
0.70057
0.69139
0.72127
0.66923
0.72139
0.7077
0.68566
0.73241
0.68107
0.75723
0.6507
0.75647
0.68418
0.71552
0.72354
0.69039
0.72256
0.69729
0.74047
0.68331
0.73198
0.73111
0.68829
0.76882
0.67446
0.73614
0.70789
0.71828
0.73267
0.70234
0.73027
0.69265
0.74679
0.71483
0.70336
0.76633
0.69315
0.78123
0.68203
0.79339
0.67886
0.76817
0.67244
0.78189
0.70637
0.74796
0.73125
0.72576
0.74924
0.69893
0.76961
0.69883
0.77961
0.69596
0.79463
0.69864
0.80315
0.68126
0.80995
0.68296
0.80075
0.69123
0.79467
0.6924
0.79213
0.69489
0.79827
0.72421
0.79661
0.72985
0.76508
0.74739
0.73893
0.79422
0.72141
0.80544
0.69911
0.80442
0.72974
0.77752
0.7685
0.75361
0.76257
0.79078
0.7425
0.78143
0.74084
0.82581
0.73616
0.76535
0.77656
0.74798
0.79241
0.718
0.81328
0.73878
0.80772
0.73612
0.81401
0.72207
0.82053
0.71592
0.8153
0.75645
0.80526
0.75473
0.78444
0.76961
0.77588
0.74275
0.80781
0.74515
0.84472
0.68482
0.84328
0.71009
0.85525
0.70187
0.85816
0.69474
0.86419
0.70726
0.86585
0.70136
0.83638
0.7331
0.83655
0.72569
0.83418
0.75357
0.82966
0.746
0.82047
0.75705
0.79983
0.78112
0.7823
0.77707
0.79351
0.81693
0.76223
0.83309
0.75195
0.80928
0.76112
0.82159
0.75778
0.84414
0.73344
0.82271
0.77937
0.85277
0.7322
0.86452
0.7294
0.84135
0.70864
0.86578
0.70034
0.86989
0.68883
0.86971
0.70058
0.86624
0.78685
0.77897
0.84076
0.6947
0.85535
0.74258
0.87322
0.70156
0.87629
0.69204
0.85695
0.78328
0.81992
0.818
0.77485
0.81648
0.79424
0.76434
0.82358
0.77596
0.80343
0.82709
0.7601
0.85044
0.76446
0.85319
0.74785
0.87548
0.69045
0.86356
0.74964
0.83165
0.80019
0.79467
0.86728
0.74325
0.85749
0.73942
0.86269
0.75129
0.85953
0.73172
0.88628
0.7269
0.8856
0.74058
0.86951
0.73251
0.85847
0.78236
0.82838
0.85589
0.71498
0.86226
0.77179
0.83096
0.76968
0.83833
0.80195
0.81191
0.84372
0.71759
0.88097
0.76002
0.8459
0.80768
0.77451
0.86121
0.76576
0.89034
0.72763
0.86542
0.75225
0.86409
0.78074
0.82452
0.79922
0.82759
0.89071
0.73552
0.87023
0.7323
0.90228
0.71409
0.89146
0.73168
0.89693
0.75801
0.86694
0.78802
0.83783
0.80214
0.831
0.82285
0.79059
0.85582
0.76473
0.89909
0.73265
0.88385
0.76673
0.86224
0.78328
0.80749
0.85577
0.79397
0.90014
0.74508
0.88559
0.72771
0.89832
0.76377
0.84735
0.80998
0.81115
0.87433
0.74346
0.90701
0.75974
0.88438
0.77415
0.8332
0.87398
0.75733
0.89872
0.75042
0.89159
0.76631
0.81413
0.87788
0.7326
0.90386
0.73281
0.89497
0.85235
0.78962
0.91013
0.74249
0.89851
0.76031
0.85583
0.88279
0.80316
0.86033
0.7726
0.87794
0.74047
0.90163
0.75974
0.91276
0.77269
0.86209
0.86321
0.75894
0.9167
0.73805
0.90662
0.79845
0.8579
0.81559
0.84591
0.87331
0.76484
0.91969
0.72178
0.90477
0.84717
0.80521
0.88513
0.75251
0.90188
0.73602
0.90309
0.81381
0.8646
0.82597
0.79967
0.91175
0.7738
0.91697
0.75412
0.90877
0.77881
0.87464
0.87358
0.78075
0.8921
0.73952
0.90823
0.83187
0.87264
0.76057
0.87313
0.91868
0.75677
0.91704
0.74234
0.89874
0.80469
0.87072
0.82341
0.84233
0.86836
0.74112
0.91936
0.81502
0.82675
0.89515
0.76842
0.91344
0.77205
0.91229
0.77177
0.88605
0.87287
0.7861
0.91359
0.77198
0.90532
0.79453
0.89049
0.9127
0.74471
0.92468
0.76972
0.91052
0.89089
0.76199
0.91042
0.7667
0.91467
0.80304
0.87312
0.89983
0.77933
0.92016
0.75668
0.90536
0.84867
0.83605
0.91594
0.75059
0.92029
0.77266
0.91938
0.79543
0.89598
0.88018
0.79615
0.92899
0.75443
0.92186
0.80595
0.87544
0.88355
0.82114
0.88888
0.79794
0.90499
0.78934
0.92248
0.76381
0.90128
0.9371
0.72865
0.92288
0.8573
0.78261
0.91795
0.80345
0.91626
0.77457
0.88345
0.90072
0.80532
0.93136
0.76597
0.92496
0.84494
0.83485
0.93487
0.78628
0.89102
0.84866
0.86461
0.85791
0.81106
0.92724
0.7889
0.91209
0.78568
0.92578
0.83966
0.83483
0.92332
0.77556
0.91225
0.83509
0.84788
0.93261
0.72938
0.92307
0.83239
0.84901
0.90374
0.80986
0.84527
0.92146
0.77474
0.92994
0.82246
0.87844
0.86924
0.83233
0.93453
0.77833
0.93034
0.80851
0.89886
0.92344
0.76673
0.92107
0.82857
0.936
0.76705
0.93207
0.78947
0.89744
0.93746
0.76722
0.9311
0.91493
0.7361
0.93016
0.86024
0.84905
0.93658
0.7775
0.93346
0.81036
0.9208
0.86117
0.83387
0.93401
0.78543
0.9181
0.82553
0.89643
0.84623
0.89387
0.82905
0.86732
0.93517
0.76825
0.93161
0.86666
0.85107
0.898
0.83582
0.94247
0.76611
0.93183
0.84612
0.87052
0.8926
0.84478
0.89484
0.80685
0.91889
0.77984
0.93532
0.81794
0.90201
0.89667
0.82416
0.94051
0.76523
0.93508
0.80909
0.90276
0.90707
0.81084
0.93959
0.7616
0.93323
0.89495
0.82635
0.92919
0.80982
0.93774
0.78746
0.93935
0.92336
0.79559
0.93668
0.80763
0.9155
0.94484
0.78116
0.94003
0.79146
0.9411
0.84744
0.87137
0.9372
0.76454
0.9362
0.89832
0.80147
0.94157
0.77911
0.93932
0.9467
0.78529
0.93499
0.79884
0.91992
0.93333
0.78319
0.92863
0.8252
0.88544
0.94755
0.78135
0.94188
0.84944
0.8672
0.9423
0.78975
0.94332
0.80801
0.90734
0.94588
0.77118
0.92883
0.94888
0.78803
0.94193
0.84104
0.87136
0.94301
0.79876
0.93405
0.8663
0.86706
0.94376
0.79857
0.94413
0.8787
0.84141
0.94528
0.81148
0.90034
0.94
0.7882
0.93036
0.94551
0.77768
0.94026
0.82608
0.91142
0.9316
0.80658
0.93972
0.79507
0.92757
0.90056
0.83821
0.93705
0.7958
0.94368
0.83601
0.85547
0.9407
0.81386
0.93139
0.83013
0.92788
0.92674
0.76804
0.93896
0.91969
0.78241
0.94416
0.90424
0.80854
0.94253
0.81738
0.90198
0.94883
0.78317
0.9391
0.95032
0.72805
0.93573
0.94019
0.81139
0.94771
0.81082
0.94523
0.824
0.91493
0.91567
0.81509
0.94614
0.8295
0.90603
0.93557
0.79381
0.9428
0.877
0.88084
0.93989
0.8032
0.94017
0.88452
0.83068
0.9449
0.86237
0.88555
0.93178
0.78452
0.9405
0.95405
0.81603
0.94392
0.81383
0.93196
0.89303
0.8351
0.94927
0.82474
0.92107
0.95316
0.76588
0.93336
0.94648
0.83328
0.94634
0.83021
0.91895
0.94903
0.7986
0.94989
0.85924
0.89435
0.94663
0.80436
0.94795
0.84479
0.90237
0.95177
0.81021
0.94822
0.95361
0.79332
0.94675
0.85952
0.85582
0.94729
0.82203
0.95202
0.84991
0.93233
0.87717
0.86463
0.95189
0.87215
0.88737
0.95296
0.81318
0.92782
0.9555
0.81038
0.92611
0.94715
0.78935
0.94658
0.94108
0.80498
0.94619
0.91189
0.86115
0.95286
0.82459
0.94296
0.92352
0.86078
0.95497
0.81192
0.95166
0.92005
0.83099
0.95365
0.85345
0.89347
0.95611
0.87831
0.84644
0.94835
0.88598
0.86155
0.95567
0.86004
0.87355
0.95096
0.95381
0.78468
0.94819
0.94099
0.80334
0.95493
0.90452
0.84559
0.95217
0.82357
0.92143
0.95601
0.82133
0.95478
0.87116
0.88432
0.95413
0.81812
0.93872
0.95867
0.82822
0.95425
0.88747
0.87817
0.95827
0.80768
0.94916
0.94872
0.81116
0.95147
0.87553
0.90281
0.95728
0.82813
0.93467
0.95115
0.80117
0.95264
0.9571
0.79892
0.95287
0.96262
0.78245
0.94821
0.95833
0.81056
0.94429
0.93522
0.83174
0.956
0.85093
0.91497
0.95567
0.81489
0.9546
0.93502
0.82097
0.95047
0.96356
0.79393
0.94748
0.95417
0.8346
0.95516
0.87409
0.8809
0.95706
0.85426
0.91989
0.95501
0.82181
0.95721
0.93155
0.8597
0.94612
0.85034
0.96036
0.83292
0.93407
0.95418
0.82451
0.95416
0.95971
0.82695
0.95813
0.90171
0.8866
0.95967
0.88249
0.90134
0.95957
0.85397
0.93154
0.96244
0.80894
0.95101
0.96199
0.82556
0.94774
0.95361
0.83853
0.95956
0.89162
0.88288
0.96103
0.83856
0.961
0.90276
0.86087
0.95676
0.96829
0.80582
0.9554
0.96643
0.80902
0.95667
0.9397
0.8505
0.95954
0.89792
0.86695
0.95946
0.94974
0.81876
0.95783
0.91379
0.85864
0.95769
0.89376
0.87076
0.96215
0.84289
0.94414
0.96433
0.82521
0.95372
0.9666
0.83543
0.93956
0.95909
0.84094
0.9568
0.95602
0.83427
0.96209
0.83969
0.93722
0.96366
0.8768
0.87231
0.96324
