2.64859
1.3601
1.44951
2.46753
2.12545
1.89624
1.98137
1.70027
1.57246
1.39582
1.72312
1.78444
1.59321
1.63336
1.50735
1.41222
1.31861
1.41527
1.16942
1.08308
1.05207
1.06205
1.10716
0.98336
1.12773
1.02455
1.12723
1.00182
0.95635
0.92247
1.1555
1.00138
1.25187
1.03705
1.20979
1.15011
1.21244
1.17213
1.18041
1.15685
1.26492
1.18725
1.23172
1.23803
1.14503
1.32099
1.2361
1.22236
1.27497
1.31866
1.24108
1.29623
1.30401
1.21005
1.29186
1.25038
1.14038
1.3325
1.25581
1.1913
1.23842
1.2107
1.21519
1.24109
1.2031
1.22033
1.19237
1.07874
1.36246
1.15161
1.17324
1.21678
1.14264
1.0849
1.22592
1.09849
1.14801
1.12553
1.08944
1.12639
1.16336
1.06076
0.98593
1.21902
1.14124
0.9654
1.14161
1.07577
0.94867
1.1836
1.12825
0.98754
1.06942
0.96671
0.97393
1.14455
0.94725
1.0758
0.95086
1.09225
0.99903
0.95147
1.01171
1.06334
0.98374
1.04362
1.02741
1.01632
1.04729
1.1095
1.00066
1.10191
1.11006
1.03754
1.05008
1.05091
1.1069
1.04915
1.05289
1.11273
1.07391
1.00553
1.26973
1.0471
1.11033
1.06803
1.15709
0.93506
1.28474
1.11973
1.06461
1.09922
1.07446
1.25833
1.04254
1.12965
1.02991
1.11594
1.24886
1.02889
1.08897
1.14732
1.11135
0.9728
1.31265
1.06105
1.09988
1.118
1.06845
1.2495
1.02103
1.1973
1.09746
1.12628
1.06763
1.18288
1.14584
0.94872
1.35479
1.07398
1.04181
1.15792
1.12592
1.08095
1.14559
1.14787
1.03227
1.19073
1.16615
1.08326
1.11042
1.06958
1.09861
1.1553
1.11201
1.07003
1.19878
1.04642
1.08839
1.10595
1.16523
0.94649
1.40552
1.01878
1.09552
1.10823
1.13738
0.97132
1.27309
1.06021
1.09856
1.18061
1.02636
1.10133
1.00974
1.23585
1.18459
1.03555
1.12502
1.05802
1.22772
1.02634
1.12647
1.16353
1.07501
1.10182
1.14494
1.07568
1.11687
1.07813
1.13719
1.15826
1.02661
1.14302
1.02458
1.14609
1.06889
1.10292
1.13277
1.0161
1.09399
1.18228
0.99479
1.03231
1.20335
0.96555
1.13889
1.22616
1.03105
1.14988
1.01574
1.09579
1.0954
1.06612
1.05377
1.10699
1.18494
0.96203
1.13327
1.06387
1.03327
1.15918
0.9543
1.1191
1.1227
0.98458
1.08493
1.09286
1.00586
1.14307
1.09878
0.97511
1.09803
1.04445
1.16145
0.89108
1.21001
0.92327
1.12509
1.00763
1.13265
1.03734
0.99818
1.13314
0.99698
0.97455
1.08838
0.98855
1.07085
0.97373
1.0273
1.08067
0.98413
1.06461
0.96299
1.08495
0.98791
0.99558
1.04395
0.95036
1.32216
0.8307
1.09603
0.92654
1.02429
1.01984
0.92386
1.19613
0.90322
1.00819
1.01992
0.96139
0.97965
1.01844
1.06934
0.87992
1.01475
1.11317
0.85577
1.05577
1.00181
0.91302
1.22886
0.85
0.95086
0.99774
0.8816
1.26751
0.80402
1.04773
0.99119
0.91338
0.98467
0.96591
0.94252
0.94392
0.99429
1.05318
0.82143
1.08
1.05065
0.86972
1.15754
0.82424
0.91725
1.10971
0.86281
1.00653
0.83513
1.08749
0.8892
0.95707
1.06813
0.83357
1.0094
0.99029
0.8651
0.99461
0.97255
0.81135
1.05972
0.84977
0.9639
0.95358
0.89354
0.98036
0.81135
0.98043
0.97473
0.80704
1.06992
0.82487
0.96929
0.87549
0.83919
1.08637
0.70788
1.07829
0.66772
1.12147
0.89265
0.83964
0.95381
0.91591
0.86708
0.86168
1.01414
0.74243
1.06257
0.77528
0.91416
0.85043
0.89727
0.98025
0.72666
1.02918
0.72629
1.13851
0.87954
0.75835
0.99661
0.69413
1.13702
0.677
0.90522
0.87362
0.78121
0.93653
0.68562
1.05711
0.72522
0.88478
0.91057
0.67819
1.04055
0.6798
0.97791
0.6253
1.14805
0.69527
0.81983
0.96782
0.65903
0.94217
0.89918
0.74483
0.90475
0.64483
0.96297
0.6775
1.04538
0.59972
0.95602
0.81409
0.73154
0.92877
0.60747
0.96653
0.57178
1.01104
0.65942
0.98776
0.62251
0.82389
0.8325
0.69231
0.87179
0.61229
1.12045
0.51445
1.02361
0.49391
1.11432
0.45541
1.01297
0.54618
0.96847
0.50906
0.99291
0.56091
0.96469
0.56773
0.94542
0.60127
1.01692
0.55671
0.77199
0.69382
0.77353
0.778
0.67094
0.87308
0.46728
0.94594
0.42688
1.06481
0.45463
0.9033
0.57402
0.74026
0.66548
0.88627
0.51527
0.87373
0.5447
0.8544
0.37449
0.94273
0.62144
0.74347
0.68429
0.64351
0.99812
0.51195
0.75662
0.5818
0.82009
0.5671
0.87483
0.51053
0.84386
0.52261
0.85671
0.44941
0.93762
0.5142
0.8301
0.5691
0.77516
0.60121
0.8024
0.41601
1.01178
0.40488
0.88707
0.35953
1.00487
0.35474
0.95374
0.34219
0.98512
0.29957
1.28225
0.34772
0.88018
0.36192
0.99635
0.36367
0.9522
0.37974
0.93992
0.41135
0.84181
0.51994
0.74242
0.5758
0.78581
0.53087
0.586
0.7612
0.51256
0.79993
0.5826
0.68579
0.54771
0.70338
0.44152
0.85248
0.52626
0.63305
0.45401
0.97945
0.34484
0.88017
0.4289
1.03052
0.33931
1.01717
0.32949
0.96438
0.32908
1.00414
0.3406
0.77651
0.58378
0.46664
1.13305
0.31374
0.86178
0.27403
1.09911
0.3117
1.01848
0.37696
0.74216
0.43579
0.62891
0.67544
0.57604
0.54603
0.85933
0.42907
0.64798
0.65268
0.4307
0.85426
0.32393
0.80134
0.32826
0.92882
0.25855
1.25372
0.29219
1.01793
0.39838
0.62767
0.57838
0.38753
0.81675
0.37426
0.91459
0.36711
0.75833
0.30791
1.07418
0.2493
0.94067
0.27407
0.87861
0.32414
0.8629
0.42577
0.58909
0.54606
0.30888
1.24177
0.33972
0.63055
0.54076
0.68388
0.5464
0.51513
0.66207
0.36811
1.06663
0.25345
0.92646
0.35461
0.61932
0.71548
0.37486
0.76905
0.23051
1.06969
0.28866
0.90117
0.29482
0.80867
0.45785
0.6569
0.49232
0.32434
0.89897
0.35643
0.86641
0.22381
1.08143
0.25326
0.89978
0.27611
0.77197
0.43535
0.60019
0.54154
0.57176
0.59625
0.41997
0.75357
0.32178
0.82352
0.2116
1.09248
0.24455
0.80888
0.29059
0.78689
0.53066
0.32631
0.6801
0.20714
0.93688
0.2439
1.02402
0.22096
0.88178
0.34115
0.6326
0.4981
0.34839
0.9
0.19849
0.87747
0.24494
0.84305
0.40859
0.3656
0.85107
0.21285
0.89631
0.22702
0.84697
0.50344
0.32177
0.86741
0.23353
0.80755
0.27259
0.50807
0.70086
0.18838
1.02019
0.21589
0.93513
0.33829
0.32783
0.59203
0.42704
0.76651
0.3239
0.88424
0.24031
0.80765
0.18821
0.92089
0.30222
0.39406
0.76709
0.18353
0.99263
0.21333
0.68134
0.35859
0.62938
0.40258
0.35734
0.76217
0.17734
1.08893
0.21661
0.47434
0.59855
0.31737
0.83987
0.20848
0.98166
0.20933
0.67766
0.30629
0.69883
0.70837
0.18192
0.77308
0.18676
0.86905
0.2036
0.79361
0.27596
0.36639
0.78197
0.23242
1.00149
0.19595
0.56177
0.31768
0.75965
0.41681
0.16708
0.90547
0.17739
0.95116
0.21055
0.69256
0.31641
0.60979
0.41209
0.36505
0.93342
0.17324
0.6764
0.50879
0.21851
0.8698
0.18555
0.77172
0.18569
0.7205
0.44914
0.28021
0.77782
0.17676
0.81481
0.19771
0.62314
0.42343
0.22364
0.84447
0.16913
0.96959
0.25759
0.32439
0.88267
0.21212
0.70626
0.21267
0.67245
0.31999
0.20546
0.83105
0.16864
0.95245
0.2092
0.47968
0.476
0.16878
0.92981
0.17606
0.77388
0.20075
0.66246
0.38257
0.32276
0.63344
0.16366
0.86171
0.17287
0.78046
0.27726
0.3241
0.60125
0.23824
0.71226
0.19938
0.74541
0.1601
0.92225
0.20772
0.13793
1.11878
0.17268
0.38898
0.90943
0.17608
0.63045
0.17084
0.90152
0.25965
0.28853
0.69572
0.1492
0.88358
0.17132
0.54513
0.46887
0.13703
0.90555
0.23542
0.45507
0.38381
0.50317
0.59916
0.1532
0.77941
0.18871
0.68507
0.20372
0.4447
0.66642
0.16001
0.81805
0.18041
0.5462
0.48838
0.16411
1.00094
0.17235
0.44118
0.61324
0.20405
0.72431
0.41886
0.1875
0.70967
0.16187
0.79972
0.27911
0.28964
0.61706
0.1466
0.80768
0.15663
0.79712
0.21925
0.15223
0.91337
0.16582
0.50495
0.1333
0.97849
0.14824
0.67665
0.35466
0.14455
0.83501
0.1496
0.28848
1.04679
0.15681
0.3531
0.63006
0.14059
0.79783
0.14578
0.63801
0.1604
0.61631
0.59231
0.13652
0.9023
0.17918
0.62318
0.24567
0.37952
0.35686
0.47728
0.5182
0.13368
0.87748
0.14651
0.34428
0.59154
0.26522
0.53792
0.12261
0.93112
0.15695
0.53817
0.3183
0.33916
0.54869
0.29815
0.66457
0.16729
0.7896
0.13993
0.70967
0.20706
0.30018
0.58081
0.13354
0.8298
0.14566
0.55438
0.38794
0.19133
0.62846
0.13893
0.82539
0.15192
0.22541
0.73801
0.14528
0.64377
0.13869
0.68642
0.14804
0.14692
0.88255
0.13676
0.71621
0.26049
0.12191
0.755
0.1397
0.65545
0.14171
0.41483
0.54488
0.14002
0.86516
0.14957
0.27536
0.62723
0.13338
0.70699
0.13977
0.13198
0.95087
0.14697
0.61445
0.26963
0.13369
0.78321
0.15043
0.60614
0.27238
0.11364
0.78814
0.12905
0.52833
0.37522
0.12776
0.7008
0.13269
0.5658
0.33681
0.11269
0.99311
0.1567
0.10835
0.75962
0.13139
0.44074
0.59576
0.1204
0.7584
0.14281
0.32324
0.59657
0.12369
0.69981
0.12918
0.25833
0.64788
0.11885
0.60596
0.44496
0.12344
0.77202
0.14618
0.13408
0.88654
0.13166
0.46775
0.31901
0.17451
0.63918
0.12717
0.79378
0.14701
0.27491
0.50711
0.15312
0.68815
0.12067
0.73197
0.43962
0.1244
0.696
0.15158
0.50285
0.21091
0.20027
0.95498
0.13152
0.21371
0.79838
0.1233
0.31193
0.66097
0.12355
0.56518
0.38408
0.11516
0.78822
0.13679
0.11936
1.10459
0.14831
0.16679
0.67086
0.11676
0.62337
0.124
0.66351
0.20176
0.22849
0.63551
0.11238
0.58981
0.22511
0.12988
0.75007
0.12764
0.29814
0.47619
0.12533
0.73664
0.1298
0.49977
0.52623
0.11817
0.49067
0.31514
0.13959
0.88958
0.13004
0.10521
0.62798
0.11841
0.66742
0.13931
0.24037
0.64383
0.10973
0.51265
0.29799
0.10146
1.01306
0.16261
0.1222
0.50247
0.1224
0.62274
0.1807
0.12108
0.66484
0.11184
0.54078
0.29392
0.10593
0.66713
0.11583
0.40859
0.36934
0.09983
0.67327
0.11313
0.10843
0.82045
0.11928
0.38458
0.81659
0.11835
0.53929
0.13153
0.4233
0.2025
0.31164
0.58142
0.10206
0.34026
0.45189
0.10231
0.70453
0.26794
0.09352
0.79148
0.16219
0.12293
0.76505
0.12219
0.11659
0.76457
0.11823
0.17776
0.53926
0.10222
0.58671
0.20083
0.15462
0.47923
0.10254
0.69456
0.10808
0.24101
0.59823
0.10105
0.55858
0.291
0.09404
0.38364
0.71778
0.11518
0.26137
0.55265
0.0969
0.42084
0.5732
0.10993
0.12368
0.87463
0.11231
0.17056
0.68689
0.10163
0.32097
0.48504
0.10217
0.66431
0.17561
0.09685
0.61881
0.1015
0.32485
0.47535
0.10384
0.54959
0.24032
0.08751
0.59684
0.1038
0.26243
0.48825
0.09189
0.76641
0.11457
0.10037
0.71004
0.10462
0.32174
0.37621
0.09084
0.69092
0.14826
0.09912
0.73117
0.10698
0.08473
0.73361
0.10461
0.07631
0.83825
0.11931
0.08413
0.73702
0.12007
0.12657
0.58511
0.09646
0.41109
0.40648
0.09866
0.67649
0.10193
0.12548
0.73113
0.10624
0.07628
0.89536
0.13085
0.09129
0.53255
0.09747
0.30379
0.54145
0.09166
0.57642
0.17566
0.09046
0.62617
0.09672
0.19661
0.47194
0.10945
0.50157
0.08627
0.48307
0.28271
0.09202
0.60078
0.09912
0.10635
0.57944
0.09335
0.23004
0.51342
0.0864
0.41162
0.30139
0.08448
0.57343
0.15552
0.08094
0.69983
0.11921
0.07961
0.71035
0.1132
0.09207
0.5228
0.08827
0.37646
0.41896
0.08643
0.51322
0.09031
0.22905
0.65681
0.09316
0.06693
0.76807
0.10209
0.07238
0.78353
0.09592
0.11726
0.55749
0.08844
0.41933
0.44376
0.08806
0.16524
0.69368
0.09064
0.29121
0.47938
0.08991
0.34507
0.54733
0.08391
0.47972
0.22227
0.07845
0.58324
0.13458
0.07059
0.71618
0.1664
0.08454
0.56087
0.09253
0.11458
0.56877
0.08345
0.48438
0.25122
0.07654
0.51604
0.44998
0.08159
