0.06132
0.05539
0.05727
0.04995
0.07926
0.04762
0.08779
0.37517
0.11613
0.07538
0.11502
0.09291
0.06578
0.05603
0.14484
0.05681
0.061
0.14134
0.3852
0.12311
0.1657
0.05145
0.06954
0.07266
0.1791
0.0549
0.05831
0.06596
0.11479
0.05339
0.05077
0.05777
0.06219
0.10472
0.05414
0.0532
0.10015
0.19778
0.04735
0.0727
0.064
0.06239
0.06562
0.31078
0.10103
0.12719
0.05132
0.05336
0.0564
0.05876
0.05734
0.0585
0.21412
0.26946
0.0571
0.08082
0.06116
0.05595
0.09944
0.22891
0.12863
0.13542
0.05427
0.06096
0.06374
0.06021
0.13784
0.19328
0.05813
0.05738
0.05282
0.05631
0.08185
0.20742
0.07678
0.04557
0.04613
0.06776
0.21052
0.05605
0.05712
0.06898
0.04559
0.07584
0.23961
0.05825
0.0615
0.08159
0.04694
0.07192
0.19133
0.0648
0.05472
0.0764
0.09616
0.04772
0.05367
0.05099
0.31948
0.24889
0.07543
0.06223
0.06458
0.06034
0.07256
0.21372
0.04841
0.04996
0.06376
0.1669
0.04342
0.05856
0.05598
0.06974
0.17207
0.05847
0.04256
0.06861
0.19819
0.07053
0.05926
0.04775
0.0531
0.11049
0.3603
0.07207
0.06031
0.08485
0.04506
0.04748
0.16909
0.15501
0.05372
0.05681
0.04526
0.06688
0.04793
0.1003
0.05054
0.05196
0.09596
0.30792
0.07505
0.05473
0.0516
0.06064
0.04648
0.11937
0.15749
0.06423
0.04259
0.04305
0.05141
0.04604
0.04557
0.07098
0.31243
0.10927
0.10716
0.05832
0.04174
0.05021
0.15494
0.29904
0.07939
0.18666
0.05357
0.04251
0.1102
0.0425
0.05158
0.075
0.06172
0.05717
0.14922
0.06034
0.05565
0.27693
0.15723
0.05242
0.07184
0.06701
0.0551
0.07038
0.05258
0.15769
0.17888
0.06783
0.04524
0.05049
0.24352
0.06391
0.04829
0.05558
0.17419
0.09672
0.05475
0.05867
0.16419
0.13701
0.05001
0.04724
0.11266
0.14544
0.05458
0.08016
0.04439
0.06228
0.40199
0.24341
0.06712
0.17962
0.26411
0.09244
0.08089
0.05225
0.05468
0.07149
0.05049
0.05482
0.10385
0.05709
0.05677
0.04729
0.1442
0.04792
0.05272
0.09901
0.17682
0.05879
0.10971
0.07438
0.09729
0.06142
0.05286
0.07182
0.17677
0.05427
0.05082
0.05099
0.21797
0.07214
0.0468
0.16761
0.05395
0.0488
0.09915
0.30229
0.10962
0.04546
0.09241
0.04091
0.05381
0.15982
0.0629
0.04559
0.0463
0.04754
0.16591
0.16098
0.06187
0.06731
0.04549
0.05463
0.05507
0.06308
0.08474
0.03816
0.08416
0.25684
0.06931
0.08311
0.25911
0.06056
0.0725
0.0808
0.04337
0.07642
0.04109
0.17133
0.14099
0.05355
0.03705
0.04436
0.23527
0.088
0.05199
0.07
0.09022
0.04233
0.04498
0.14684
0.24705
0.07263
0.04962
0.04954
0.04687
0.04257
0.19721
0.22087
0.05118
0.05195
0.04973
0.06947
0.14038
0.05759
0.04778
0.05715
0.15995
0.078
0.05435
0.12119
0.04534
0.04233
0.11611
0.12296
0.05081
0.04556
0.0663
0.42342
0.26066
0.09464
0.07218
0.05078
0.04263
0.17906
0.09973
0.05211
0.04068
0.04717
0.24168
0.11102
0.05112
0.04873
0.09595
0.38231
0.222
0.20798
0.17048
0.06328
0.04761
0.04411
0.21886
0.06892
0.06211
0.08339
0.05865
0.04245
0.06241
0.23386
0.10152
0.06046
0.05022
0.05028
0.06103
0.05703
0.25637
0.06214
0.05049
0.04594
0.08522
0.18003
0.05296
0.04116
0.05711
0.24148
0.09597
0.07067
0.0506
0.05034
0.11008
0.27874
0.07835
0.05362
0.05615
0.04887
0.14475
0.05216
0.04698
0.04656
0.06239
0.28767
0.10558
0.05997
0.05046
0.1132
0.07127
0.04135
0.04186
0.15423
0.20384
0.07207
0.05342
0.03856
0.04787
0.09156
0.1911
0.05603
0.04541
0.03925
0.19178
0.07823
0.05015
0.04654
0.05814
0.06623
0.32847
0.11365
0.08001
0.05689
0.05096
0.04534
0.25846
0.10215
0.05506
0.04861
0.11384
0.34118
0.16659
0.0863
0.05212
0.05257
0.07013
0.04845
0.03735
0.05479
0.22692
0.07833
0.0472
0.0392
0.16429
0.14463
0.06688
0.05005
0.03757
0.13112
0.06112
0.0472
0.04213
0.04398
0.28072
0.0979
0.05727
0.04848
0.08968
0.06059
0.03848
0.04521
0.10043
0.22801
0.09429
0.06593
0.04489
0.03922
0.04408
0.17103
0.16818
0.07349
0.05374
0.04554
0.17388
0.11977
0.05571
0.0352
0.04399
0.04748
0.06774
0.04688
0.13582
0.3685
0.23297
0.13009
0.08201
0.03415
0.11336
0.12415
0.02935
0.0434
0.14719
0.16478
0.08536
0.05961
0.0526
0.09087
0.03851
0.04309
0.10033
0.15354
0.0672
0.05259
0.05312
0.04562
0.04107
0.24704
0.17702
0.08471
0.06076
0.04944
0.06172
0.06871
0.0512
0.04474
0.05738
0.05067
0.19921
0.11762
0.06594
0.03892
0.10631
0.07718
0.04328
0.05119
0.18883
0.08399
0.05084
0.03886
0.04344
0.03846
0.04869
0.05883
0.28045
0.10599
0.06779
0.0534
0.04788
0.05113
0.04249
0.04079
0.31876
0.12543
0.07247
0.05536
0.05248
0.04244
0.0399
0.20543
0.22573
0.06307
0.0511
0.04482
0.04991
0.07505
0.05554
0.04109
0.04325
0.04748
0.41861
0.2393
0.14275
0.08741
0.07477
0.04645
0.04932
0.07141
0.04049
0.06177
0.04959
0.04496
0.20602
0.22215
0.09766
0.05684
0.13892
0.35648
0.09778
0.05475
0.16372
0.05376
0.0503
0.0479
0.08291
0.05057
0.04555
0.19388
0.09595
0.05333
0.04197
0.04997
0.03954
0.06522
0.26723
0.06487
0.04187
0.03728
0.04279
0.21834
0.21018
0.06548
0.05539
0.04342
0.04669
0.04456
0.05576
0.22573
0.13464
0.09647
0.04268
0.1133
0.04972
0.0352
0.04362
0.05144
0.2626
0.0749
0.0485
0.03828
0.04084
0.04093
0.0488
0.15928
0.2611
0.07088
0.04392
0.03966
0.11508
0.03812
0.03413
0.04176
0.24722
0.16578
0.10704
0.0591
0.04279
0.03741
0.04022
0.18181
0.04065
0.09949
0.10773
0.04613
0.0379
0.14624
0.09988
0.06552
0.04059
0.03721
0.0392
0.03334
0.16354
0.18024
0.05411
0.04069
0.03916
0.05145
0.20698
0.04832
0.04516
0.04287
0.05308
0.15207
0.04777
0.03831
0.03707
0.03971
0.195
0.05757
0.04665
0.03201
0.04299
0.0421
0.17891
0.22333
0.08471
0.07571
0.03151
0.03324
0.13257
0.23101
0.0861
0.05433
0.0475
0.03621
0.03734
0.05718
0.16909
0.04068
0.03174
0.07071
0.02965
0.03839
0.03759
0.26144
0.1479
0.0557
0.04481
0.03485
0.03847
0.0742
0.03015
0.04182
0.18244
0.13377
0.06694
0.04272
0.03935
0.02846
0.0363
0.03782
0.32925
0.11923
0.07789
0.0519
0.15172
0.02968
0.05136
0.21661
0.04733
0.03386
0.02783
0.03968
0.0401
0.04684
0.24881
0.05719
0.0424
0.03343
0.068
0.19041
0.04285
0.0375
0.03158
0.03231
0.14135
0.22075
0.06669
0.0482
0.05335
0.02819
0.05684
0.26618
0.09384
0.05345
0.03853
0.03544
0.09913
0.25407
0.06387
0.05586
0.10097
0.03516
0.03391
0.22785
0.08303
0.05189
0.04408
0.03823
0.03933
0.0592
0.04743
0.03374
0.05014
0.0648
0.31529
0.24539
0.08114
0.05752
0.06482
0.0438
0.03522
0.04687
0.05316
0.03478
0.04207
0.06792
0.13842
0.04189
0.03225
0.09812
0.16878
0.06755
0.05424
0.17516
0.19617
0.05434
0.03664
0.04314
0.03488
0.03867
0.13811
0.16662
0.06933
0.0367
0.03209
0.03373
0.03478
0.15495
0.15765
0.06962
0.03931
0.03599
0.03535
0.03444
0.03349
0.19441
0.19511
0.08676
0.06537
0.02175
0.04533
0.03233
0.03427
0.03338
0.03333
0.17757
0.05434
0.03369
0.02922
0.0283
0.0431
0.03441
0.03756
0.13119
0.20395
0.08702
0.05857
0.14836
0.04094
0.02743
0.10102
0.02921
0.02424
0.03066
0.03743
0.03185
0.14044
0.2159
0.06121
0.03996
0.03781
0.02853
0.03907
0.19532
0.33497
0.1268
0.06326
0.03825
0.04462
0.2412
0.04916
0.03199
0.05502
0.02834
0.0326
0.03929
0.16521
0.03937
0.02772
0.03482
0.03195
0.15761
0.09724
0.057
0.04012
0.03958
0.03454
0.03307
0.10259
0.21849
0.07976
0.05349
0.03847
0.04704
0.02443
0.03346
0.02987
0.05607
0.22891
0.08241
0.05263
0.03626
0.02877
0.02998
0.02438
0.04151
0.03072
0.03457
0.31393
0.21518
0.06439
0.03926
0.03252
0.03187
0.03227
0.13756
0.27789
0.09156
0.0329
0.03921
0.03959
0.03371
0.0365
0.03677
0.03393
0.29927
0.06496
0.0424
0.05433
0.06397
0.01917
0.03324
0.1842
0.11459
0.06992
0.04609
0.03396
0.03699
0.03086
0.03417
0.04448
0.03395
0.10032
0.179
0.12636
0.05771
0.04566
0.04869
0.02941
0.03639
0.06098
0.02897
0.04982
0.31278
0.05307
0.03457
0.0268
0.03034
0.049
0.03996
0.02603
0.04529
0.339
0.16319
0.04301
0.02934
0.03111
0.02982
0.03238
0.03255
0.12864
0.1947
0.07217
0.05423
0.03554
0.03321
0.03311
0.03309
0.21261
0.27718
0.11139
0.10202
0.05995
0.06326
0.04523
0.04254
0.23134
0.06358
0.04195
0.03323
0.04674
0.0335
0.03142
0.27524
0.08661
0.05036
0.03634
0.03265
0.16094
0.09377
0.03854
0.03094
0.02758
0.18982
0.05039
0.03438
0.14766
0.06117
0.02672
0.02464
0.03699
0.02468
0.06016
0.20812
0.04645
0.03126
0.0466
0.02578
0.03135
0.02873
0.11887
0.18305
0.05691
0.03874
0.03433
0.02828
0.02957
0.04149
0.03079
0.03228
0.10033
0.16235
