0.20791
0.18925
0.27799
0.16035
0.2778
0.19209
0.32452
2.90131
0.44251
0.46017
0.3363
0.53799
0.21892
0.22526
0.63085
0.21741
0.20412
0.37211
2.23548
1.31826
0.83023
0.26435
0.27134
0.30418
0.87739
0.2496
0.22544
0.23777
0.44385
0.27516
0.17665
0.19197
0.18052
0.34904
0.25254
0.18176
0.251
1.29502
0.24863
0.23692
0.22377
0.21959
0.24654
1.66701
0.47677
0.64186
0.21984
0.20154
0.20762
0.20445
0.18392
0.19268
0.8433
1.87214
0.32401
0.30699
0.22643
0.20935
0.37587
1.31215
0.33308
0.9894
0.21509
0.21224
0.1976
0.19066
0.35251
1.21104
0.26669
0.23151
0.18688
0.18615
0.33571
1.16948
0.27637
0.20851
0.18022
0.21011
0.95714
0.33481
0.2356
0.27705
0.17802
0.28639
1.16728
0.27452
0.22883
0.32004
0.15745
0.19085
1.08384
0.25591
0.19548
0.27448
0.34462
0.1496
0.17087
0.17929
1.70897
1.65166
0.30178
0.35575
0.25164
0.2208
0.27519
0.98899
0.22025
0.17325
0.1999
0.74929
0.21384
0.19358
0.19267
0.24866
0.77958
0.19097
0.16037
0.17446
1.04141
0.27089
0.26828
0.16687
0.17046
0.41885
2.3587
0.54828
0.27803
0.32745
0.18029
0.14649
0.46092
1.13699
0.2382
0.2414
0.16183
0.23016
0.17435
0.37368
0.16505
0.14962
0.2054
1.75737
0.37149
0.19615
0.17234
0.19296
0.15206
0.25252
1.22821
0.33087
0.17257
0.16403
0.17223
0.15605
0.15185
0.17907
1.66044
0.8837
0.3057
0.45716
0.1596
0.16073
0.60833
1.79188
0.57332
0.94536
0.34401
0.20726
0.44918
0.305
0.18286
0.23714
0.29282
0.1863
0.57664
0.21045
0.16075
1.178
1.21491
0.21983
0.25123
0.21701
0.18356
0.21861
0.16667
0.36156
1.25515
0.26657
0.19748
0.20693
1.12076
0.26035
0.19389
0.18223
0.60991
0.60837
0.23253
0.17022
1.17273
0.53671
0.24285
0.15557
0.27586
0.84873
0.2305
0.31391
0.22284
0.17958
1.97446
2.2036
0.54943
0.61366
1.79162
0.523
0.5188
0.26478
0.24588
0.2701
0.17234
0.18316
0.37604
0.32132
0.18137
0.18056
0.59616
0.18826
0.15825
0.35836
0.9656
0.25432
0.50493
0.30742
0.47405
0.19488
0.17741
0.25469
0.69653
0.21855
0.16405
0.18
1.03929
0.34763
0.17705
0.68458
0.41884
0.17012
0.29591
1.92568
0.67055
0.30972
0.47781
0.23769
0.19778
0.56901
0.41091
0.17326
0.15548
0.15688
1.04311
0.71667
0.23455
0.29329
0.14764
0.17949
0.17545
0.2206
0.28888
0.1221
0.33107
1.73927
0.27626
0.29175
1.41982
0.25005
0.24208
0.46588
0.16793
0.27841
0.16707
0.94763
0.69099
0.23161
0.16555
0.17243
1.30582
0.38114
0.23785
0.21088
0.51254
0.14502
0.14322
0.95424
1.1804
0.33669
0.22215
0.20472
0.16132
0.15964
1.24006
1.14578
0.29741
0.20685
0.1827
0.20284
0.74508
0.21186
0.16203
0.16901
0.83766
0.27438
0.16906
0.45751
0.19083
0.14045
0.45108
0.62808
0.18604
0.14336
0.23005
3.32999
1.29597
0.4545
0.32445
0.19498
0.16145
0.81556
0.4695
0.22968
0.16968
0.18331
1.27258
0.95524
0.26277
0.18584
0.24716
2.8961
1.29351
0.97861
0.85873
0.29931
0.23632
0.19843
1.10303
0.33285
0.23218
0.30276
0.33416
0.13286
0.19779
1.39807
0.43665
0.23922
0.17636
0.20481
0.24502
0.2586
1.26643
0.26806
0.16972
0.17019
0.32794
0.94067
0.23403
0.15735
0.2379
1.23501
0.41111
0.27422
0.18198
0.16656
0.3815
1.8392
0.3425
0.2217
0.19321
0.18108
0.67223
0.21382
0.15285
0.1575
0.17773
1.3865
0.75456
0.24601
0.1762
0.33174
0.45151
0.12838
0.16555
0.95302
0.89262
0.30123
0.18908
0.13138
0.16639
0.36363
0.97382
0.2747
0.14633
0.16631
0.91518
0.3239
0.17023
0.15939
0.19342
0.1683
1.88784
0.5678
0.31729
0.20175
0.18242
0.15694
1.34137
0.54942
0.2248
0.1664
0.31402
2.549
0.82995
0.42797
0.25638
0.20181
0.39492
0.17732
0.18468
0.20414
1.09243
0.45234
0.21508
0.13428
0.74826
1.0108
0.26278
0.18293
0.14822
0.66192
0.26156
0.16772
0.14732
0.17328
1.44618
0.70142
0.25055
0.18864
0.28987
0.45147
0.1426
0.14325
0.21961
1.5827
0.40713
0.25256
0.17071
0.15626
0.14416
1.12676
0.64191
0.28963
0.1926
0.17658
1.16443
0.51825
0.23179
0.14029
0.1514
0.17593
0.23596
0.133
0.26714
3.08422
1.75768
0.71797
0.41689
0.2701
0.55063
0.86639
0.24752
0.17007
1.20118
0.67545
0.37013
0.25056
0.19428
0.32295
0.1265
0.13466
0.36616
0.87465
0.27202
0.16662
0.19423
0.15403
0.13856
1.53456
0.9813
0.37288
0.25877
0.19255
0.19274
0.339
0.15024
0.16976
0.21409
0.14652
1.07905
0.65116
0.28146
0.15525
0.4608
0.43207
0.14087
0.14581
1.04466
0.35456
0.21695
0.1314
0.14254
0.12299
0.15888
0.14916
1.26223
0.84322
0.26673
0.18587
0.15657
0.17007
0.14122
0.14942
1.86107
0.7441
0.31144
0.22559
0.20657
0.16127
0.14139
1.43258
1.05023
0.30253
0.22662
0.17987
0.15841
0.27308
0.30713
0.12256
0.1408
0.1704
3.41767
1.3604
0.60512
0.40679
0.32501
0.18754
0.19497
0.29693
0.13443
0.17915
0.2229
0.14553
1.08674
1.05714
0.41106
0.26376
0.57796
2.11247
0.62094
0.27726
0.76917
0.24616
0.18826
0.17478
0.34741
0.15885
0.14197
0.62227
0.67208
0.23118
0.21019
0.1902
0.12799
0.24813
1.30979
0.27119
0.16176
0.1305
0.15358
1.34748
1.07648
0.25723
0.19857
0.15135
0.1626
0.15877
0.21119
1.16108
0.52919
0.57198
0.17666
0.60486
0.16265
0.13375
0.14535
0.19654
1.65299
0.38815
0.22941
0.15575
0.15713
0.15843
0.14952
0.61082
1.6826
0.3971
0.19586
0.14678
0.45953
0.19527
0.13978
0.14009
1.2492
1.20662
0.50565
0.30068
0.19605
0.16106
0.14578
0.91316
0.24931
0.24421
0.83343
0.18084
0.13616
0.34357
1.05565
0.29082
0.19293
0.13381
0.13237
0.11671
0.62512
1.42599
0.26171
0.20698
0.15253
0.14606
1.2161
0.19264
0.16587
0.13557
0.1811
0.75359
0.18929
0.13218
0.12302
0.15059
0.93397
0.23843
0.17523
0.10997
0.15036
0.13095
1.18252
1.08742
0.43787
0.32318
0.17182
0.13257
0.25646
1.89486
0.40532
0.27087
0.36207
0.14342
0.14981
0.22246
0.8441
0.19498
0.12511
0.28989
0.11274
0.15001
0.13905
1.58934
0.77372
0.24027
0.17509
0.1503
0.15079
0.29737
0.1146
0.12229
0.43371
1.34533
0.31385
0.19264
0.15647
0.12841
0.11696
0.11509
1.83582
0.87006
0.34688
0.25544
0.61477
0.19959
0.15136
1.15884
0.26647
0.14554
0.10945
0.14794
0.1299
0.19565
1.51062
0.27397
0.20575
0.13883
0.28515
1.02985
0.18861
0.14858
0.11814
0.11485
0.95726
1.02903
0.29713
0.21049
0.17258
0.13712
0.13556
1.66222
0.41476
0.24077
0.16407
0.14197
0.41699
1.61135
0.36368
0.31132
0.56429
0.14325
0.14567
1.27215
0.35656
0.21524
0.22047
0.13175
0.13506
0.22414
0.19004
0.091
0.15926
0.24626
2.01616
1.41416
0.35237
0.24486
0.26091
0.16565
0.12956
0.17986
0.24617
0.11831
0.13912
0.25222
0.6535
0.14546
0.11248
0.18844
1.23848
0.28487
0.18215
0.8812
0.98929
0.3517
0.15931
0.18116
0.12722
0.13157
0.35734
1.38794
0.31175
0.17241
0.13219
0.12688
0.1238
0.56825
1.07705
0.29664
0.22183
0.17864
0.13482
0.16648
0.11553
1.12493
1.20705
0.37224
0.35381
0.15966
0.23251
0.13973
0.12695
0.11808
0.13263
0.883
0.23015
0.14531
0.11452
0.10934
0.14851
0.11089
0.12772
0.15887
1.85304
0.41152
0.27786
0.55212
0.39947
0.14063
0.52774
0.21817
0.11924
0.11687
0.1364
0.11844
0.49828
1.70852
0.27055
0.19549
0.15725
0.13395
0.12929
0.63149
2.60764
0.63386
0.35712
0.22792
0.22705
1.30343
0.35908
0.1649
0.32287
0.10985
0.13333
0.18502
0.81447
0.18687
0.11914
0.12445
0.13035
0.60692
0.67826
0.22283
0.16336
0.13
0.13608
0.11316
0.19144
1.93928
0.37036
0.25207
0.20131
0.20306
0.10372
0.12345
0.14627
0.24206
1.55734
0.40766
0.27586
0.19243
0.13582
0.10821
0.10483
0.15845
0.10119
0.11329
1.51268
2.21356
0.34327
0.22609
0.1866
0.14795
0.13994
0.51707
1.97234
0.47302
0.21209
0.19499
0.17
0.14374
0.12317
0.12865
0.14498
1.69332
0.48871
0.23177
0.17364
0.41569
0.08658
0.12529
0.58239
1.12604
0.28405
0.21265
0.12435
0.12356
0.13189
0.10325
0.13767
0.1218
0.17049
1.69587
0.50553
0.26729
0.19007
0.1957
0.10669
0.10994
0.26836
0.10156
0.11854
1.64731
0.51282
0.18652
0.11433
0.11737
0.18403
0.20999
0.09206
0.16708
1.96594
0.92052
0.26229
0.17395
0.13853
0.11871
0.11137
0.12907
0.4474
1.27956
0.31146
0.22624
0.18043
0.12956
0.11864
0.11728
1.41326
1.22683
0.86293
0.49274
0.32884
0.31625
0.20439
0.17547
1.31125
0.3552
0.20486
0.17181
0.1767
0.16321
0.10257
1.58009
0.74099
0.25041
0.17064
0.12349
0.41382
0.749
0.15934
0.12085
0.13382
1.16794
0.21037
0.1547
0.42136
0.60815
0.1229
0.10538
0.12016
0.10064
0.22472
1.06125
0.19994
0.10912
0.14978
0.11201
0.09559
0.09731
0.43883
1.27198
0.23471
0.16223
0.11543
0.10166
0.09444
0.13667
0.13555
0.08589
0.36795
1.22711
