0.09439
0.08457
0.11013
0.07527
0.10811
0.09667
0.15125
0.40222
0.13856
0.17918
0.11265
0.19583
0.09135
0.10707
0.20211
0.08786
0.08596
0.11166
0.40264
0.32321
0.2172
0.1191
0.11856
0.14325
0.2142
0.11937
0.09945
0.10516
0.13207
0.1331
0.08231
0.08853
0.07656
0.12467
0.12129
0.08268
0.0894
0.28843
0.11935
0.09883
0.10003
0.10191
0.11587
0.35284
0.14945
0.19627
0.10717
0.09222
0.09591
0.09091
0.07977
0.08457
0.17399
0.39368
0.15093
0.1196
0.10181
0.09965
0.16343
0.27029
0.12395
0.27178
0.09548
0.09669
0.08634
0.08659
0.11266
0.30079
0.12269
0.10151
0.08187
0.08725
0.15579
0.25044
0.10573
0.09827
0.08355
0.09079
0.2304
0.15355
0.11366
0.09651
0.08873
0.13133
0.2473
0.12557
0.11058
0.10754
0.07866
0.07725
0.26498
0.10797
0.09044
0.12642
0.11012
0.07226
0.07891
0.08525
0.36854
0.30336
0.10631
0.1386
0.1098
0.09601
0.12542
0.26426
0.08511
0.0746
0.08354
0.21209
0.10537
0.08324
0.09262
0.11312
0.21916
0.07941
0.07948
0.07094
0.26915
0.11228
0.11376
0.07824
0.07741
0.17525
0.3666
0.16718
0.12526
0.11702
0.08984
0.06301
0.11154
0.30024
0.1001
0.11335
0.0687
0.09596
0.0874
0.13283
0.07468
0.06857
0.07882
0.3435
0.17297
0.09043
0.07949
0.08757
0.07075
0.08695
0.29718
0.12576
0.08123
0.07712
0.07672
0.07429
0.06707
0.06864
0.32467
0.26276
0.10176
0.16649
0.07399
0.07277
0.21054
0.33111
0.18325
0.27971
0.10444
0.09223
0.13743
0.1404
0.08066
0.09001
0.13182
0.08691
0.197
0.07777
0.06948
0.24923
0.32093
0.09098
0.11341
0.08351
0.08425
0.0928
0.0796
0.09993
0.32701
0.10323
0.09137
0.10226
0.25064
0.12343
0.0849
0.08275
0.12471
0.24733
0.10778
0.07245
0.23375
0.18462
0.11764
0.0703
0.09882
0.24083
0.11176
0.11567
0.10759
0.07448
0.30976
0.42832
0.17756
0.19706
0.38207
0.21579
0.1873
0.10403
0.11797
0.10801
0.07381
0.07795
0.12775
0.14477
0.07763
0.08845
0.17679
0.08898
0.07268
0.15984
0.21602
0.11917
0.18008
0.10466
0.16302
0.08868
0.08446
0.11697
0.20187
0.0986
0.07486
0.08832
0.26384
0.11904
0.08063
0.18808
0.17462
0.07725
0.1044
0.34113
0.26595
0.13254
0.13462
0.12063
0.09114
0.14158
0.17625
0.08213
0.07252
0.07131
0.19758
0.2544
0.09687
0.12751
0.06808
0.08458
0.07879
0.10378
0.09703
0.06185
0.1547
0.27814
0.1216
0.14134
0.28971
0.11191
0.09887
0.16762
0.08073
0.10972
0.08336
0.2401
0.18548
0.10763
0.08004
0.08649
0.29627
0.13907
0.11348
0.08719
0.18027
0.06728
0.06609
0.20621
0.27513
0.15668
0.10845
0.08345
0.07634
0.07909
0.26658
0.24712
0.13785
0.09067
0.08404
0.08273
0.22539
0.0897
0.07588
0.07194
0.22517
0.12539
0.07964
0.14837
0.09831
0.06806
0.17741
0.14892
0.0922
0.07083
0.11238
0.44187
0.28543
0.18279
0.14126
0.08426
0.07888
0.23247
0.14677
0.10767
0.07269
0.08567
0.31647
0.17312
0.12421
0.08362
0.09113
0.37071
0.39504
0.2872
0.27437
0.13476
0.11161
0.09671
0.27939
0.13212
0.09944
0.11177
0.1438
0.06114
0.08356
0.28183
0.17823
0.11271
0.0836
0.09842
0.09112
0.12587
0.25675
0.12609
0.07858
0.08221
0.1513
0.21435
0.11035
0.07268
0.1135
0.27162
0.17591
0.12015
0.08755
0.07733
0.1697
0.30375
0.14927
0.1021
0.0864
0.09029
0.21046
0.08657
0.06875
0.07485
0.0754
0.26743
0.2415
0.10848
0.085
0.10984
0.1757
0.05775
0.08005
0.22658
0.23578
0.14305
0.08461
0.06423
0.07894
0.15045
0.21728
0.13036
0.07026
0.08282
0.22234
0.14597
0.07714
0.07879
0.07935
0.06845
0.32102
0.23054
0.1413
0.09228
0.09068
0.07567
0.3172
0.15039
0.10776
0.07595
0.0997
0.39081
0.31128
0.17952
0.12292
0.08124
0.15219
0.07449
0.0822
0.07707
0.23796
0.20123
0.10561
0.06646
0.13005
0.29843
0.11676
0.08922
0.07398
0.19184
0.10065
0.07589
0.07275
0.08897
0.29567
0.186
0.11446
0.08935
0.09979
0.17565
0.06317
0.06435
0.08305
0.32926
0.18068
0.10771
0.08433
0.07435
0.06801
0.23133
0.2077
0.13369
0.08807
0.08739
0.23378
0.17657
0.10931
0.06453
0.06851
0.08486
0.09732
0.05901
0.08813
0.39039
0.41992
0.23556
0.14823
0.13532
0.20952
0.18888
0.1225
0.07805
0.17631
0.25949
0.16156
0.1174
0.09198
0.13451
0.05141
0.06329
0.15903
0.21352
0.10463
0.07416
0.09824
0.06363
0.06667
0.23064
0.30899
0.13795
0.11281
0.09399
0.08428
0.1394
0.06836
0.08472
0.08982
0.06414
0.17344
0.24908
0.12056
0.07528
0.17872
0.1198
0.06797
0.06367
0.24529
0.16762
0.09823
0.06276
0.06657
0.05983
0.07708
0.05986
0.21493
0.26968
0.12115
0.08811
0.07514
0.07319
0.07134
0.07532
0.27401
0.26354
0.13565
0.10042
0.09617
0.07583
0.07002
0.24139
0.27647
0.14446
0.10266
0.08302
0.07168
0.10323
0.1285
0.05698
0.06727
0.08639
0.4113
0.32962
0.21229
0.17653
0.11158
0.09295
0.09407
0.11571
0.06249
0.07301
0.10192
0.07101
0.25909
0.25368
0.17965
0.11711
0.20659
0.40865
0.15627
0.12134
0.2303
0.09882
0.08538
0.08051
0.12839
0.0777
0.06926
0.1366
0.24516
0.10208
0.10387
0.07294
0.05709
0.11932
0.27156
0.12966
0.07968
0.06175
0.07449
0.26632
0.25238
0.11844
0.09301
0.07272
0.07836
0.07639
0.10087
0.26949
0.18679
0.21264
0.07518
0.18387
0.07813
0.066
0.06644
0.1032
0.29252
0.1566
0.10169
0.07349
0.07389
0.07985
0.06161
0.20354
0.28539
0.16587
0.0909
0.07255
0.1725
0.06468
0.06637
0.06378
0.21041
0.35044
0.20656
0.14005
0.08747
0.0802
0.06629
0.18161
0.12699
0.08805
0.23578
0.08132
0.06535
0.09226
0.2684
0.12443
0.09257
0.06204
0.06176
0.0577
0.20292
0.22663
0.11021
0.09262
0.07094
0.0624
0.28233
0.09546
0.07663
0.06068
0.07702
0.20395
0.09738
0.06545
0.06062
0.07718
0.23534
0.10581
0.08227
0.05855
0.07053
0.05746
0.17174
0.3106
0.19439
0.12723
0.08846
0.06612
0.07443
0.35222
0.17529
0.11463
0.14953
0.06197
0.07195
0.11034
0.19698
0.0981
0.06162
0.10652
0.05101
0.07101
0.06802
0.2916
0.20545
0.10894
0.08345
0.0755
0.07407
0.10736
0.05946
0.05749
0.09186
0.31046
0.14244
0.08643
0.07251
0.06651
0.04934
0.05382
0.25547
0.28255
0.14328
0.11564
0.18064
0.0951
0.06769
0.27203
0.12365
0.07145
0.05469
0.07327
0.05239
0.10434
0.27231
0.12673
0.09131
0.06996
0.13436
0.22558
0.08568
0.0722
0.05908
0.05248
0.19522
0.25624
0.13834
0.10241
0.07289
0.07014
0.05187
0.32419
0.18864
0.11007
0.0832
0.06879
0.16409
0.28884
0.14766
0.14443
0.15078
0.0704
0.07246
0.26743
0.13616
0.1021
0.09995
0.0606
0.06255
0.10037
0.0684
0.04401
0.07443
0.10859
0.3456
0.28157
0.15074
0.11001
0.122
0.06569
0.06164
0.07243
0.10634
0.05525
0.06405
0.12326
0.1675
0.06938
0.05778
0.07193
0.29757
0.10964
0.07488
0.22138
0.27678
0.1355
0.07487
0.08549
0.05783
0.05993
0.09236
0.31757
0.1234
0.08529
0.06466
0.0603
0.05859
0.19404
0.20376
0.12568
0.09788
0.08444
0.05662
0.07825
0.053
0.17639
0.31675
0.15533
0.13474
0.08534
0.10861
0.05634
0.05552
0.0553
0.06499
0.20815
0.0989
0.07043
0.05255
0.05911
0.06393
0.0507
0.05966
0.05286
0.3328
0.17565
0.11505
0.20284
0.08876
0.06752
0.18703
0.06344
0.05903
0.05273
0.06344
0.05681
0.1812
0.25212
0.12038
0.0848
0.07048
0.06748
0.05921
0.15828
0.41395
0.24525
0.15827
0.10481
0.11734
0.27013
0.14571
0.0741
0.11549
0.06115
0.06275
0.09227
0.19723
0.0889
0.05744
0.05377
0.06444
0.09963
0.24751
0.10338
0.08064
0.05793
0.06488
0.0519
0.06459
0.35806
0.14625
0.10728
0.09325
0.09108
0.04872
0.05753
0.06851
0.12161
0.26258
0.17351
0.13075
0.08951
0.06396
0.05131
0.05548
0.0715
0.04215
0.05229
0.20758
0.39683
0.14988
0.10574
0.09219
0.06725
0.06604
0.18562
0.31732
0.18291
0.0975
0.08811
0.07662
0.06966
0.05892
0.05902
0.0787
0.25497
0.20501
0.10478
0.07175
0.14562
0.04283
0.05569
0.09057
0.30895
0.12294
0.09946
0.05992
0.05405
0.06796
0.04491
0.05808
0.06389
0.05654
0.31013
0.18304
0.12551
0.0869
0.08532
0.05579
0.04886
0.10325
0.05296
0.05071
0.27013
0.18858
0.09057
0.05617
0.05405
0.09095
0.07315
0.04389
0.08442
0.36906
0.21215
0.11343
0.08395
0.06493
0.05976
0.05192
0.06267
0.17632
0.23545
0.13504
0.09539
0.08502
0.06361
0.05393
0.0558
0.18111
0.33284
0.29134
0.18807
0.14252
0.13958
0.07866
0.08791
0.30744
0.12841
0.09085
0.08161
0.07263
0.08003
0.04241
0.21087
0.26497
0.11872
0.08129
0.05827
0.09465
0.232
0.08244
0.06022
0.06849
0.26731
0.08448
0.07271
0.09767
0.2152
0.05312
0.05268
0.05129
0.05102
0.10889
0.22261
0.10747
0.04912
0.06597
0.05471
0.04809
0.04978
0.17103
0.23025
0.10584
0.07389
0.05513
0.05456
0.04595
0.05302
0.0663
0.03806
0.1606
0.21058
