3.29544
3.42053
3.85596
3.62501
3.4771
3.58875
3.97123
3.53256
3.27333
3.80597
3.16868
3.91836
3.27216
3.47615
3.74156
3.50996
3.35347
3.26255
3.41104
3.94812
3.40532
3.67536
3.20437
3.31557
3.23558
3.49504
3.41446
3.26969
3.45155
3.58835
3.49897
3.34914
3.28499
3.30008
3.54666
3.38053
3.22628
3.85482
3.74895
3.26223
3.33089
3.38294
3.6309
3.4608
2.99814
4.00993
3.66414
3.49985
3.40014
3.33952
3.38035
3.42744
3.59597
3.53544
3.88435
3.40911
3.41921
3.43938
4.04128
3.04873
3.27968
4.03212
3.52814
3.30601
3.25462
3.33722
3.33937
3.87764
3.69929
3.64712
3.47941
3.37827
4.03771
2.87803
3.36465
3.74582
3.59265
3.25696
3.6498
3.60253
3.69276
3.48142
3.64921
3.67681
3.13959
3.50564
3.56856
3.45768
3.56955
3.33942
3.82669
3.46323
3.4783
3.69018
3.2949
3.5337
3.40842
3.58418
3.99385
3.51489
3.40524
3.96357
3.57913
3.40946
3.41857
3.57643
3.72641
3.50949
3.3521
3.72741
4.00637
3.4174
3.45681
3.63079
3.40118
3.4924
3.73186
3.30144
3.90154
3.39758
3.77171
3.59085
3.48313
4.0736
3.03472
3.92929
3.72189
3.67176
3.80437
3.64148
3.52029
4.07869
3.55414
3.70468
3.70308
3.43101
3.73436
3.42069
3.60833
3.45699
3.24713
3.44587
3.32542
3.48977
3.51891
3.31455
3.58705
3.39986
3.76797
3.46028
3.86105
3.72022
3.60443
3.6246
3.6243
3.60498
3.62474
3.74471
3.65657
4.26981
3.81589
3.59657
4.20428
2.71913
3.95001
4.26326
3.92843
3.85464
3.81893
3.93609
3.51415
3.39707
3.56232
3.53775
3.5279
3.47468
3.50698
3.34798
3.18776
3.6
3.60377
3.29167
3.42178
3.35323
3.48417
3.33115
3.53503
3.37132
3.84719
3.98823
2.86083
3.32194
3.77762
3.43481
3.53946
3.06883
3.43458
3.52971
3.98021
3.01297
3.65285
3.63364
3.37189
3.8659
3.67383
3.73092
3.92477
3.41609
3.50614
3.09294
3.52959
3.57453
4.20072
3.01271
4.02616
3.75859
3.5432
3.49487
3.48692
3.44619
3.50303
3.76786
3.37756
3.61154
3.31191
3.57113
3.47257
4.15504
2.33838
3.39784
3.76607
3.40266
4.0306
3.39748
3.41626
3.57902
3.26998
3.57798
3.48047
3.53063
3.57663
3.51963
3.66377
3.7541
4.07253
3.60889
3.67895
3.8995
2.89067
3.75917
4.0779
3.91807
3.54308
3.51273
3.4417
3.72384
3.64467
3.60686
3.73876
2.83326
3.43815
3.85327
3.65636
3.52875
3.4896
3.73352
3.36336
3.83277
4.27349
2.50001
3.32733
4.03427
3.08119
3.39058
3.50911
4.17534
3.71935
3.66256
3.83124
4.11646
3.03452
3.54048
3.92606
3.82509
3.40198
3.04554
3.52594
3.39674
4.21329
3.74028
3.69377
3.96094
2.6113
3.1608
3.76322
3.88056
3.6731
3.86914
3.81656
3.2081
3.70335
3.51333
3.54107
3.48729
3.82253
3.51371
3.60223
3.48113
3.53921
3.08226
3.4725
3.65956
3.67761
3.65222
3.96966
2.98741
3.51945
3.6317
3.67649
3.17393
2.23798
2.84934
3.40767
3.51562
3.68063
3.97311
3.14862
3.61209
4.02725
3.89283
4.53618
2.93634
3.52373
3.65264
3.47706
3.80026
2.18
2.2967
2.99782
3.50232
3.6304
3.79035
3.7186
3.37149
3.31692
3.55445
3.75862
3.67576
3.40294
3.631
2.89049
3.30886
3.50752
3.75393
3.70432
4.15576
3.09087
3.38277
3.52871
3.58782
4.09074
2.71332
3.45147
3.68568
3.97003
3.12691
2.90405
3.16059
3.45831
3.47914
4.29773
2.72056
3.06073
3.41291
3.38571
3.7447
3.73867
3.55108
3.58014
3.61576
3.39485
3.52405
3.25263
3.35611
3.51609
3.50327
4.10347
3.77404
3.89381
4.08224
2.57106
3.18742
3.4853
3.77055
3.70929
4.29677
2.98402
3.48153
3.64146
3.86953
3.24968
3.12547
3.51217
3.65937
3.54258
3.47251
3.81743
2.70746
3.01115
3.36841
3.54935
3.67434
3.88374
3.04807
3.45025
3.60619
3.58302
3.89037
2.4718
3.05352
3.52219
3.92978
4.28656
3.61901
3.97399
3.85211
3.89815
3.17898
3.60676
3.75582
3.87552
3.29995
3.23015
3.52429
3.853
4.07779
3.49161
3.55395
3.6924
3.98831
3.2813
3.24784
3.40931
3.55046
3.76155
4.22442
3.88387
3.61812
3.43346
3.66722
2.98292
3.41764
3.71145
3.87124
3.62523
3.97419
2.46405
3.1271
3.45591
3.69092
3.98641
2.98934
3.46881
3.92848
3.65736
3.64881
3.5164
3.5095
3.41946
4.09784
2.61942
2.96594
3.57347
4.1352
4.36471
3.56295
4.27777
3.66672
4.36069
2.50827
2.95246
3.30884
3.458
3.49525
3.78973
3.64999
4.19479
2.95616
3.38904
3.49261
3.72364
3.66906
3.73124
3.68977
2.8946
3.00694
3.39731
3.50664
3.38578
3.97023
3.46294
3.66296
3.64687
3.47825
4.09798
3.08327
3.22089
3.7665
4.0515
3.65215
3.66418
3.70256
3.71221
2.96124
3.51602
3.78729
3.68627
3.79651
3.66659
3.51066
3.58046
3.11991
3.18837
3.418
3.5472
3.61909
3.69879
3.8856
3.53759
2.97404
3.13464
3.39873
3.59507
3.7185
3.70766
4.17459
2.85201
3.35882
3.542
3.68676
3.60526
3.84963
4.16806
3.78668
3.67185
3.99131
3.81492
2.46315
2.35974
3.35616
3.53591
3.62286
3.6454
3.69731
3.79506
3.46157
3.87574
3.63658
3.86714
2.42454
2.80554
3.44912
4.57368
3.63894
3.22954
3.58003
3.74093
3.59448
3.55221
3.61534
3.78255
3.53664
3.54598
3.45138
3.32675
3.50326
4.31377
3.89536
3.84631
4.28417
2.76527
3.29309
3.69744
3.79092
3.71725
3.94988
2.66571
3.23402
3.37852
3.66421
3.57828
3.63953
3.96031
3.36103
2.71046
3.86034
3.80305
3.97768
3.65931
3.85516
3.61085
4.03879
3.15606
3.1883
3.58783
3.786
3.73851
3.83327
3.61562
4.32972
2.90086
3.32421
3.65835
3.80042
4.09611
4.0742
4.0432
3.75811
3.71302
2.8495
2.73037
3.40889
3.76574
3.90094
3.83327
4.15155
3.95511
3.58457
3.91615
3.67498
3.86519
3.80038
4.10708
3.33499
3.93926
3.86003
3.73008
3.92772
4.67732
2.94321
3.55484
3.80818
3.82542
3.79768
4.89961
3.79156
3.62318
3.70803
3.7734
4.17157
3.67074
3.78339
3.80847
4.01512
3.52203
3.45345
3.63012
3.97875
3.75856
3.73801
4.28278
2.6312
3.05401
3.50824
4.11687
3.95725
3.77541
4.46608
3.03462
3.58726
4.74199
4.02079
3.94192
4.27765
3.41104
3.80728
4.06896
3.95151
4.18563
3.97107
3.86832
3.88627
3.06452
3.46268
3.6669
3.94383
3.96966
3.88265
4.08348
3.70512
3.86742
3.80045
3.30428
3.84741
3.98544
4.26365
3.86145
3.83846
3.86089
3.11501
3.00086
3.51397
3.89454
4.45851
3.75685
4.36074
3.97962
3.9533
4.12073
3.89604
3.83227
4.49164
3.76991
3.58028
3.82366
3.97707
4.54706
2.98513
3.77438
3.82387
3.98648
3.99208
4.12531
3.0508
3.25481
3.586
3.47269
4.12048
3.71552
3.84461
2.94852
3.46153
3.80059
3.94568
4.5552
3.77241
3.55927
4.28025
3.90736
3.98919
3.91566
3.96266
3.14077
3.53813
4.09645
3.8044
3.79313
3.94743
3.84955
3.92939
3.70537
3.95727
3.95496
2.74085
3.16714
3.44733
3.717
3.73585
3.95923
3.95636
4.08836
3.95537
3.81283
4.08104
3.35133
3.76893
3.92207
3.30545
3.33655
3.31215
3.649
4.27624
3.71145
4.08911
4.03818
3.8571
3.90246
3.78841
3.78977
4.08418
3.37962
3.92128
3.99412
3.90131
3.88314
4.49777
2.62497
3.21467
3.88631
4.18709
4.04579
4.26855
3.98535
4.61342
3.45721
2.98616
3.8155
4.5919
4.43021
4.25529
3.97686
3.87975
3.98689
4.15333
3.91646
3.98363
4.1843
4.10591
3.9025
3.88888
3.84641
3.4824
3.98554
3.1267
3.41178
4.5096
4.43551
4.26557
4.91536
4.54538
4.45602
4.05771
3.97626
4.02244
4.95656
3.25687
3.52639
3.79379
3.87592
4.22447
3.90627
4.26574
3.85882
2.65293
3.30294
3.914
4.59559
3.58952
4.02656
4.16082
4.57394
4.38146
4.05574
4.47864
3.80076
3.97327
4.2143
3.94551
3.99717
4.06917
3.3332
3.40961
3.78722
3.75644
3.94727
3.89588
3.58242
3.89664
3.25757
3.49467
3.82923
3.97755
4.36129
4.00523
4.30493
5.11101
2.83256
3.08204
3.4736
3.94127
4.17297
4.12517
4.35075
4.05531
4.03206
3.94353
3.99809
3.32632
3.42406
3.81516
4.01246
3.98728
4.01269
4.77117
3.00902
2.95462
4.04239
3.88024
3.96688
3.99571
3.86001
3.87758
4.39632
3.57591
3.49179
3.79586
3.82524
5.16009
4.58594
4.07862
4.18122
3.65161
3.20524
3.70743
4.07235
4.08307
4.29377
3.92929
3.89897
3.98643
3.69058
4.07596
3.10987
3.46673
3.67829
3.94038
4.09303
3.91751
4.25585
4.11898
3.82532
4.20801
4.1903
4.02496
4.20233
4.10861
4.19413
4.33795
4.19972
4.3129
4.06314
2.97352
4.00318
4.20804
4.06024
4.05015
3.9689
4.02584
4.72571
2.43767
3.13591
3.45556
4.40359
4.0672
3.92951
4.03349
4.42956
2.24635
3.07257
2.77613
3.36126
3.92906
4.01722
4.07637
4.37
3.71108
3.83708
4.07582
4.02952
4.32744
4.01738
4.33292
3.68076
3.54919
3.90666
4.01293
3.88733
3.83783
3.84496
4.07602
4.44908
3.97626
3.63557
3.95427
4.14731
4.26757
4.29681
4.34411
3.90494
4.1991
4.43577
3.41354
3.65809
4.07256
4.05194
4.30768
3.98863
4.08569
4.42487
3.08426
3.44433
3.83149
3.94161
4.13824
4.07641
4.14805
4.21777
4.119
4.93713
2.69666
