0.90888
0.91455
0.88314
0.9301
0.87842
0.92734
0.90062
0.55937
0.81577
0.858
0.84704
0.84304
0.8984
0.90771
0.79922
0.89791
0.90481
0.83847
0.60122
0.76116
0.74408
0.89431
0.88392
0.88213
0.73601
0.90303
0.90211
0.89625
0.81603
0.90809
0.9222
0.91554
0.91331
0.85163
0.91246
0.91852
0.88007
0.69168
0.91805
0.89306
0.90507
0.9088
0.90732
0.64557
0.7976
0.78641
0.91887
0.91342
0.91049
0.90789
0.91375
0.91345
0.7452
0.63358
0.8978
0.87365
0.90382
0.91322
0.8861
0.65851
0.86001
0.7515
0.90678
0.90712
0.90865
0.91475
0.84761
0.71236
0.89947
0.9052
0.91446
0.91914
0.89947
0.68935
0.87433
0.91855
0.92044
0.90361
0.7161
0.89535
0.91067
0.87517
0.929
0.89619
0.68436
0.89682
0.91272
0.86221
0.93498
0.90847
0.73
0.89095
0.91608
0.90327
0.85294
0.93481
0.92296
0.92359
0.71776
0.64057
0.85905
0.86938
0.89807
0.90221
0.89332
0.73012
0.89813
0.91863
0.90722
0.76264
0.92676
0.91079
0.91942
0.90337
0.75558
0.91031
0.93464
0.91422
0.73217
0.88669
0.89492
0.92759
0.92315
0.88562
0.57002
0.82288
0.89163
0.86427
0.92881
0.92906
0.81454
0.76258
0.89445
0.90785
0.92498
0.89876
0.93226
0.85013
0.92611
0.9307
0.9
0.60449
0.88632
0.9161
0.92413
0.91394
0.93096
0.87913
0.73106
0.85859
0.92919
0.92937
0.92269
0.93162
0.92837
0.91154
0.62699
0.78999
0.86689
0.87327
0.92959
0.92738
0.85692
0.60002
0.81425
0.7707
0.85284
0.91248
0.81785
0.90431
0.91549
0.88882
0.8965
0.92043
0.81735
0.89928
0.92368
0.69417
0.73511
0.90005
0.90379
0.89678
0.91815
0.90177
0.92852
0.84038
0.74637
0.87637
0.91997
0.92466
0.68569
0.90145
0.91508
0.91825
0.79114
0.84785
0.90277
0.91991
0.7343
0.81049
0.90972
0.92927
0.87572
0.75234
0.91699
0.86886
0.92155
0.91292
0.6263
0.63104
0.81303
0.79977
0.64599
0.81408
0.81799
0.88002
0.90405
0.88412
0.91833
0.91431
0.84097
0.89339
0.91375
0.9251
0.79406
0.92035
0.92852
0.89996
0.70573
0.89651
0.84133
0.86365
0.82966
0.91653
0.92345
0.90098
0.7598
0.90905
0.92511
0.92573
0.73686
0.85069
0.92219
0.77285
0.87954
0.92365
0.87047
0.61815
0.79506
0.87539
0.81882
0.92643
0.91596
0.79069
0.88156
0.92691
0.93064
0.92888
0.74765
0.77599
0.89381
0.89485
0.9329
0.92335
0.92072
0.91543
0.87089
0.94889
0.91703
0.61027
0.8891
0.90836
0.65804
0.89385
0.89258
0.84823
0.92881
0.88405
0.93224
0.78548
0.75765
0.90454
0.93128
0.9308
0.69285
0.83026
0.9047
0.90172
0.83777
0.93447
0.93542
0.78095
0.69275
0.87353
0.91561
0.91012
0.93033
0.93442
0.72243
0.70445
0.88889
0.90759
0.91937
0.90554
0.78427
0.90576
0.92923
0.91978
0.76311
0.8866
0.92643
0.82309
0.93224
0.93832
0.86492
0.77628
0.92524
0.93934
0.91325
0.5978
0.62005
0.81771
0.87392
0.91162
0.93229
0.80723
0.81722
0.9065
0.92293
0.92449
0.76403
0.71363
0.89864
0.91817
0.88526
0.55481
0.69198
0.6858
0.73221
0.88288
0.90544
0.92083
0.71955
0.85768
0.89566
0.86947
0.88796
0.93835
0.90719
0.67979
0.83174
0.90064
0.9234
0.91919
0.89226
0.91284
0.65549
0.89788
0.92475
0.92734
0.90583
0.72196
0.90257
0.92895
0.91137
0.66482
0.83931
0.88483
0.92283
0.92517
0.90136
0.60375
0.86187
0.90542
0.91358
0.92889
0.78493
0.90075
0.92903
0.93145
0.91553
0.66411
0.80422
0.89335
0.92595
0.85534
0.86947
0.93964
0.93175
0.7722
0.7179
0.8857
0.91551
0.9424
0.92939
0.88207
0.70558
0.89954
0.93637
0.93255
0.73911
0.87503
0.92283
0.93408
0.91046
0.91794
0.59892
0.82266
0.87037
0.91161
0.92727
0.93245
0.72074
0.7754
0.90975
0.9254
0.86172
0.55877
0.75869
0.84282
0.89993
0.90687
0.86662
0.91638
0.92151
0.90252
0.68522
0.87206
0.91518
0.94236
0.7786
0.76887
0.8873
0.92406
0.9386
0.80221
0.8855
0.92389
0.93769
0.93468
0.66098
0.79158
0.89583
0.91931
0.87147
0.86389
0.93475
0.93274
0.89608
0.63871
0.85876
0.89001
0.93259
0.93335
0.93495
0.76495
0.76351
0.88261
0.91532
0.92884
0.74442
0.80676
0.90559
0.93656
0.93067
0.92618
0.89661
0.93557
0.87513
0.54075
0.68391
0.74537
0.82698
0.915
0.85886
0.70781
0.92738
0.92529
0.74477
0.78137
0.85243
0.89765
0.91773
0.88037
0.93523
0.93877
0.89609
0.73765
0.88038
0.92272
0.92696
0.92461
0.93905
0.69784
0.73699
0.83106
0.8887
0.92055
0.91209
0.87637
0.93055
0.93033
0.90601
0.92931
0.73554
0.8228
0.87783
0.9336
0.86636
0.82644
0.93821
0.93126
0.71086
0.86943
0.90615
0.94151
0.93569
0.94576
0.93257
0.92451
0.6724
0.81328
0.88948
0.92042
0.93179
0.92025
0.94115
0.93882
0.60737
0.81237
0.86898
0.90053
0.91488
0.9299
0.93963
0.72012
0.70234
0.8901
0.90354
0.92157
0.92786
0.88149
0.8896
0.94414
0.93742
0.93501
0.58146
0.64971
0.74992
0.85049
0.86215
0.92485
0.91997
0.88045
0.93878
0.91228
0.91288
0.93668
0.76999
0.67919
0.83784
0.887
0.83804
0.62906
0.78252
0.88513
0.77733
0.8877
0.91655
0.92283
0.85935
0.93336
0.9382
0.78163
0.82605
0.89831
0.9274
0.91605
0.93897
0.91676
0.64873
0.89553
0.93269
0.94098
0.93384
0.71613
0.70594
0.89227
0.91456
0.93407
0.9297
0.93106
0.91878
0.68977
0.79193
0.83441
0.91774
0.80458
0.93166
0.9431
0.93253
0.93014
0.64392
0.83891
0.90053
0.93117
0.93054
0.93562
0.92647
0.87607
0.5966
0.84825
0.91549
0.93829
0.86609
0.90273
0.93973
0.93513
0.68303
0.73846
0.79886
0.88153
0.91325
0.9348
0.93274
0.73351
0.92887
0.8894
0.79352
0.92033
0.93976
0.85037
0.77548
0.87667
0.92247
0.93937
0.93948
0.94916
0.87285
0.66468
0.88439
0.90912
0.93304
0.93059
0.71055
0.92846
0.926
0.9359
0.9166
0.7566
0.9314
0.9437
0.94642
0.9411
0.73759
0.89701
0.92386
0.95561
0.93386
0.93664
0.73959
0.7002
0.85335
0.86011
0.93746
0.94386
0.8779
0.64147
0.84687
0.88435
0.88859
0.93286
0.93794
0.9243
0.73708
0.92461
0.94623
0.88246
0.94851
0.93759
0.9405
0.70295
0.74255
0.89806
0.9253
0.93954
0.93782
0.87488
0.95334
0.94372
0.8282
0.74366
0.87453
0.91565
0.93357
0.94937
0.94095
0.94632
0.65017
0.77664
0.85007
0.89231
0.81185
0.92856
0.93095
0.69532
0.90899
0.93907
0.95295
0.93838
0.93351
0.93807
0.64706
0.89432
0.91163
0.94324
0.91947
0.70633
0.91816
0.93626
0.94916
0.94582
0.78251
0.71797
0.88612
0.91561
0.91736
0.94526
0.93027
0.62618
0.85594
0.89933
0.93468
0.93936
0.87563
0.64
0.85803
0.89595
0.80323
0.94075
0.93881
0.71943
0.84802
0.91228
0.91448
0.93956
0.93765
0.91011
0.90691
0.9577
0.93068
0.90633
0.6965
0.63986
0.85697
0.89516
0.90118
0.91894
0.94236
0.91504
0.90439
0.94609
0.93755
0.91914
0.78384
0.93639
0.95285
0.90585
0.71788
0.86677
0.91189
0.76381
0.75279
0.87326
0.9324
0.92461
0.94089
0.93854
0.84483
0.71297
0.86563
0.93153
0.94353
0.94287
0.94355
0.88507
0.70362
0.86872
0.90192
0.92811
0.93443
0.93184
0.94618
0.73962
0.74824
0.84815
0.85397
0.94841
0.91636
0.93499
0.93917
0.94518
0.9422
0.75597
0.90372
0.93846
0.94798
0.95757
0.93011
0.94688
0.94147
0.91573
0.65195
0.84605
0.8745
0.88052
0.84679
0.94019
0.85622
0.89536
0.95089
0.94517
0.93954
0.94649
0.89206
0.62113
0.89224
0.91075
0.92833
0.94662
0.94067
0.77609
0.587
0.79598
0.85875
0.90595
0.92784
0.67335
0.87144
0.92672
0.87123
0.961
0.94068
0.93152
0.75891
0.92356
0.94779
0.93969
0.94513
0.80393
0.83777
0.90583
0.93235
0.93839
0.93973
0.94599
0.90244
0.65162
0.84327
0.88537
0.91306
0.91693
0.95293
0.94422
0.93926
0.93776
0.63093
0.84159
0.89144
0.91843
0.94109
0.95081
0.95853
0.93
0.94823
0.94733
0.6602
0.68306
0.86791
0.90853
0.92627
0.93295
0.9382
0.87784
0.58506
0.8113
0.91152
0.9164
0.92563
0.93904
0.94524
0.94013
0.94792
0.61488
0.87558
0.90304
0.92057
0.88156
0.96233
0.94064
0.80956
0.77075
0.87835
0.91228
0.94674
0.94178
0.94948
0.94851
0.93361
0.95167
0.91167
0.6655
0.82101
0.89586
0.91698
0.91522
0.95668
0.94677
0.88816
0.9585
0.94266
0.63686
0.87971
0.92413
0.9505
0.94664
0.93346
0.907
0.95749
0.93764
0.61723
0.74166
0.89158
0.9286
0.93883
0.95003
0.94867
0.94403
0.89686
0.65373
0.86778
0.89517
0.92918
0.9456
0.94412
0.94746
0.74588
0.66787
0.77372
0.79682
0.86489
0.87823
0.90931
0.93251
0.72102
0.8495
0.9109
0.92772
0.92003
0.93769
0.94772
0.65204
0.83211
0.90045
0.92694
0.94423
0.83841
0.81772
0.93786
0.94909
0.94829
0.70722
0.90074
0.93289
0.83918
0.85973
0.94063
0.95493
0.94074
0.95671
0.92589
0.68517
0.93277
0.9485
0.93449
0.95265
0.95822
0.95817
0.89051
0.66491
0.90155
0.92697
0.94807
0.95967
0.95707
0.93215
0.94672
0.95721
0.92888
0.69402
