0.00605
0.00604
0.00565
0.00539
0.00466
0.00473
0.00428
0.00439
0.00394
0.00421
0.00475
0.00389
0.00394
0.00374
0.13138
0.0684
0.04536
0.02853
0.01981
0.07014
0.01964
0.01728
0.00974
0.00887
0.00758
0.00691
0.006
0.00538
0.00541
0.00628
0.00522
0.0045
0.00582
0.00476
0.00443
0.00429
0.0036
0.00354
0.00349
0.0034
0.00339
0.07608
0.09239
0.04153
0.02598
0.01743
0.02946
0.01465
0.0089
0.00724
0.09481
0.0316
0.05218
0.01745
0.00773
0.00619
0.00613
0.00553
0.00563
0.00526
0.00518
0.00418
0.00475
0.00427
0.00415
0.00373
0.00411
0.00377
0.00359
0.00343
0.00379
0.00312
0.0032
0.00291
0.00315
0.0027
0.0029
0.0032
0.00287
0.00251
0.00269
0.00251
0.00259
0.00278
0.00226
0.00228
0.00236
0.00241
0.00201
0.00203
0.00199
0.00225
0.00193
0.00188
0.00198
0.00209
0.00205
0.09612
0.15119
0.06713
0.04785
0.04722
0.02726
0.06538
0.02934
0.03178
0.01775
0.01068
0.00848
0.00758
0.00692
0.00582
0.00596
0.00598
0.00498
0.00477
0.00474
0.00443
0.00397
0.00412
0.00363
0.00481
0.00299
0.00376
0.00286
0.00331
0.00295
0.00318
0.07674
0.20594
0.10022
0.05659
0.03928
0.04764
0.02382
0.08883
0.03938
0.0213
0.0158
0.01309
0.01154
0.01054
0.00882
0.00797
0.00638
0.00598
0.00584
0.15983
0.07393
0.04276
0.0266
0.02273
0.0139
0.00949
0.00852
0.00752
0.08292
0.03847
0.01739
0.00992
0.00815
0.00658
0.00626
0.00592
0.00557
0.00565
0.0046
0.00467
0.00541
0.00481
0.00448
0.00448
0.0044
0.00418
0.00462
0.00403
0.00384
0.00385
0.00364
0.00402
0.00343
0.00327
0.00335
0.00387
0.00302
0.00326
0.00307
0.00321
0.0027
0.00301
0.00279
0.00242
0.00286
0.00224
0.00253
0.00266
0.00229
0.00245
0.00267
0.00243
0.00221
0.00229
0.00209
0.00216
0.00185
0.00209
0.20947
0.18009
0.12054
0.11407
0.08414
0.03802
0.06821
0.03892
0.01828
0.029
0.03989
0.01302
0.01
0.00825
0.00831
0.09254
0.01967
0.01209
0.00794
0.00705
0.00672
0.00605
0.00596
0.00582
0.00603
0.00532
0.00496
0.00503
0.00528
0.00435
0.0048
0.0049
0.00404
0.00379
0.00477
0.00322
0.07364
0.05843
0.02334
0.00802
0.00662
0.00502
0.00494
0.0049
0.00428
0.00424
0.00417
0.00359
0.00364
0.00333
0.00348
0.0031
0.00329
0.00325
0.00296
0.00308
0.00297
0.0031
0.0026
0.00244
0.00282
0.00242
0.00265
0.00261
0.0024
0.00265
0.00213
0.14463
0.17975
0.11855
0.08184
0.09343
0.0693
0.05403
0.07052
0.04732
0.11541
0.05779
0.02941
0.04614
0.02405
0.04355
0.06683
0.0459
0.0207
0.01338
0.00997
0.10411
0.04705
0.01782
0.01242
0.00993
0.00767
0.00794
0.0075
0.00667
0.00598
0.00651
0.00689
0.0062
0.00587
0.00563
0.00522
0.00503
0.00476
0.00429
0.00579
0.00416
0.00443
0.00487
0.20078
0.08125
0.06208
0.04198
0.03345
0.02714
0.02249
0.09867
0.04352
0.02374
0.01815
0.01323
0.01222
0.01074
0.00756
0.00831
0.00663
0.00745
0.00537
0.00599
0.00493
0.00616
0.14365
0.08274
0.06143
0.02946
0.02035
0.017
0.01319
0.01056
0.01046
0.00812
0.00756
0.00728
0.00617
0.00586
0.00587
0.00524
0.00582
0.00533
0.00506
0.00485
0.00471
0.15782
0.06131
0.02233
0.01372
0.00951
0.00879
0.00798
0.01052
0.00619
0.00532
0.00636
0.00617
0.00557
0.00491
0.00485
0.00419
0.16773
0.06605
0.03888
0.02979
0.02329
0.23312
0.11139
0.06283
0.02914
0.02028
0.01731
0.0144
0.01348
0.01183
0.01085
0.00937
0.00868
0.0075
0.0078
0.00724
0.00629
0.00642
0.00543
0.00577
0.00581
0.00443
0.00484
0.00422
0.0048
0.0047
0.0046
0.00465
0.00459
0.00406
0.00411
0.00369
0.00362
0.15123
0.06492
0.03965
0.03307
0.01813
0.01143
0.01004
0.00796
0.00776
0.00694
0.0065
0.00573
0.00599
0.00565
0.00525
0.00523
0.00515
0.00457
0.00477
0.00533
0.00415
0.00371
0.00341
0.15053
0.03615
0.03379
0.05218
0.01731
0.00856
0.0062
0.00589
0.0054
0.00475
0.00539
0.00489
0.00419
0.07275
0.03422
0.01566
0.00844
0.00606
0.00587
0.00459
0.00481
0.00435
0.00452
0.00383
0.00403
0.00338
0.0032
0.00356
0.00332
0.00322
0.00359
0.00304
0.00302
0.00291
0.00334
0.0026
0.0032
0.00266
0.0024
0.00231
0.0026
0.00239
0.00246
0.00227
0.00227
0.00221
0.00234
0.00211
0.00256
0.00236
0.0257
0.14228
0.0362
0.061
0.01728
0.01008
0.00823
0.00651
0.00554
0.00579
0.00513
0.00487
0.00476
0.0042
0.09154
0.01929
0.00896
0.1379
0.08025
0.0395
0.07728
0.03333
0.01433
0.01115
0.00987
0.00791
0.00755
0.00677
0.00666
0.00563
0.00558
0.00525
0.00493
0.0043
0.00508
0.00436
0.00437
0.0046
0.00397
0.00349
0.15011
0.08433
0.04612
0.03423
0.06846
0.05562
0.02831
0.01445
0.01126
0.00973
0.00826
0.0074
0.00687
0.00693
0.00599
0.00588
0.00541
0.00516
0.00561
0.00488
0.00489
0.00423
0.00432
0.00408
0.00429
0.00389
0.00325
0.00391
0.00364
0.0036
0.00332
0.00296
0.00335
0.003
0.00271
0.00343
0.00287
0.0027
0.00278
0.19343
0.0617
0.03187
0.03509
0.01911
0.01103
0.00934
0.00724
0.00684
0.00711
0.00603
0.00569
0.00508
0.14573
0.04934
0.02672
0.01641
0.06964
0.04037
0.02118
0.0109
0.00789
0.00649
0.00584
0.00546
0.00552
0.00558
0.00509
0.00555
0.00592
0.00437
0.00498
0.0045
0.00403
0.00462
0.00378
0.00403
0.00414
0.00392
0.00352
0.00376
0.00356
0.00368
0.00316
0.00323
0.00347
0.00292
0.00298
0.00304
0.00284
0.00335
0.00283
0.0027
0.00253
0.00261
0.00255
0.00276
0.00209
0.0027
0.00256
0.00239
0.00228
0.09624
0.07011
0.04827
0.01796
0.07002
0.03951
0.0167
0.01064
0.00748
0.00648
0.00572
0.00601
0.00519
0.00469
0.00446
0.00409
0.00436
0.00363
0.0042
0.00396
0.00424
0.00323
0.00335
0.00357
0.00308
0.00277
0.00311
0.00309
0.003
0.00309
0.0025
0.00285
0.00262
0.00238
0.0027
0.00269
0.00277
0.00219
0.00217
0.00234
0.00229
0.00213
0.09109
0.17793
0.08084
0.05739
0.03451
0.01302
0.05522
0.01487
0.03558
0.01116
0.00611
0.00586
0.00561
0.00504
0.00524
0.00487
0.00481
0.00434
0.00418
0.00428
0.00401
0.00403
0.00344
0.00416
0.00356
0.00309
0.00408
0.00313
0.00342
0.00329
0.00279
0.00319
0.00259
0.00291
0.07693
0.15807
0.07054
0.04512
0.02585
0.05565
0.03311
0.01453
0.0291
0.00959
0.00708
0.00544
0.00535
0.00455
0.00493
0.00538
0.00436
0.00451
0.00425
0.00401
0.004
0.00343
0.00322
0.00371
0.00304
0.00342
0.00358
0.0034
0.00284
0.00312
0.00284
0.00275
0.00274
0.00278
0.00253
0.00216
0.00264
0.0026
0.00281
0.00217
0.0022
0.00226
0.00228
0.00167
0.00225
0.00185
0.00191
0.00195
0.17705
0.09053
0.06189
0.04495
0.03651
0.07299
0.02708
0.01929
0.06494
0.02398
0.01441
0.0121
0.01018
0.00868
0.00895
0.00761
0.00743
0.00683
0.00656
0.00607
0.0061
0.00489
0.00601
0.00467
0.00473
0.00478
0.00432
0.00444
0.00416
0.00443
0.00403
0.00336
0.00345
0.00361
0.00311
0.00341
0.00298
0.00279
0.00288
0.16641
0.06787
0.03697
0.02181
0.00885
0.00772
0.00582
0.00587
0.00487
0.0047
0.0041
0.0041
0.00419
0.00394
0.00346
0.00375
0.00378
0.00345
0.00353
0.00339
0.00316
0.00322
0.00323
0.00315
0.00298
0.00287
0.00277
0.11093
0.10484
0.05407
0.03458
0.059
0.02192
0.01131
0.00718
0.00709
0.00546
0.00518
0.00497
0.00459
0.00474
0.00415
0.00689
0.00275
0.00325
0.00445
0.00317
0.00286
0.00328
0.00316
0.00283
0.00307
0.00245
0.0029
0.00258
0.00269
0.00238
0.00261
0.00255
0.00205
0.0022
0.002
0.00209
0.00242
0.00245
0.00201
0.00211
0.00172
0.00186
0.00182
0.19992
0.15587
0.06583
0.03126
0.01352
0.07299
0.01463
0.00957
0.00728
0.00755
0.00668
0.00566
0.04691
0.00881
0.0048
0.00386
0.00451
0.00435
0.00412
0.00385
0.0038
0.00416
0.00368
0.00369
0.00315
0.00332
0.00321
0.0033
0.00279
0.00332
0.00319
0.00282
0.00292
0.18467
0.0766
0.04698
0.08996
0.03457
0.02711
0.01815
0.01519
0.00777
0.00761
0.08618
0.02376
0.00987
0.00701
0.00632
0.00559
0.00506
0.00551
0.00478
0.00449
0.00458
0.00439
0.0041
0.00389
0.00364
0.07087
0.03046
0.00935
0.00594
0.00573
0.00433
0.00445
0.00437
0.00408
0.00382
0.00332
0.00362
0.00338
0.00333
0.00305
0.00331
0.00297
0.00272
0.00299
0.0034
0.00251
0.00363
0.00247
0.0028
0.0025
0.00285
0.00266
0.00246
0.00196
0.00229
0.14333
0.01925
0.07586
0.02914
0.11416
0.03467
0.01863
0.01508
0.00778
0.00525
0.00524
0.00563
0.00497
0.00506
0.00477
0.00446
0.00459
0.0038
0.00426
0.00401
0.00369
0.0036
0.00356
0.00334
0.00306
0.00351
0.00291
0.00281
0.00302
0.00296
0.00274
0.00285
0.11541
0.09559
0.04571
0.02978
0.03411
0.01705
0.01201
0.10963
0.04192
0.01555
0.01127
0.04382
0.02107
0.00788
0.00715
0.00596
0.0058
0.00558
0.0059
0.00581
0.00538
