0.00341
0.00378
0.00348
0.00317
0.00322
0.00274
0.00262
0.00273
0.00266
0.00304
0.0022
0.00212
0.0021
0.00208
0.05137
0.03139
0.02167
0.0137
0.01092
0.05222
0.00775
0.00952
0.00394
0.00403
0.00436
0.00475
0.00419
0.00383
0.00313
0.00233
0.00249
0.00295
0.00297
0.00306
0.00249
0.0031
0.00232
0.00243
0.00232
0.00214
0.00276
0.05422
0.04843
0.02114
0.01194
0.00787
0.01923
0.00576
0.00396
0.0045
0.02798
0.0094
0.01449
0.0052
0.00376
0.0036
0.00313
0.00339
0.00327
0.00303
0.00298
0.00297
0.00289
0.00262
0.0031
0.00262
0.00283
0.00226
0.00256
0.00205
0.00224
0.0022
0.00191
0.00206
0.00164
0.00142
0.00216
0.00163
0.00189
0.00185
0.00167
0.00262
0.00157
0.0014
0.00142
0.00163
0.00151
0.00144
0.00135
0.0016
0.00125
0.00109
0.00128
0.00107
0.00121
0.00108
0.00126
0.11894
0.0948
0.02366
0.01271
0.01186
0.0199
0.01727
0.00728
0.0069
0.0069
0.00381
0.00458
0.00389
0.0037
0.00325
0.00275
0.00239
0.00312
0.00242
0.00274
0.00254
0.00228
0.00258
0.00338
0.00202
0.00212
0.00224
0.00238
0.00187
0.00206
0.00188
0.20345
0.15593
0.04864
0.02417
0.01355
0.01823
0.00781
0.04722
0.01691
0.0088
0.00712
0.00653
0.0069
0.00664
0.00672
0.00604
0.00408
0.00351
0.00301
0.19944
0.03562
0.02186
0.0175
0.00884
0.00738
0.0048
0.00443
0.00457
0.09275
0.02054
0.00732
0.00566
0.00424
0.00439
0.00481
0.00406
0.00373
0.00354
0.00326
0.0031
0.00598
0.00282
0.00374
0.00278
0.0028
0.0033
0.0033
0.00284
0.00265
0.00303
0.00232
0.00237
0.00222
0.00223
0.00213
0.00239
0.00178
0.0018
0.00228
0.00219
0.0017
0.002
0.00171
0.00166
0.00183
0.00154
0.00145
0.00197
0.00189
0.00142
0.00151
0.00131
0.00146
0.00134
0.00163
0.00106
0.0013
0.00146
0.19964
0.17629
0.0725
0.05024
0.04116
0.01121
0.01875
0.00974
0.00585
0.01311
0.00529
0.00559
0.00451
0.00398
0.00575
0.03222
0.0062
0.00502
0.00474
0.00423
0.00479
0.0035
0.00386
0.00365
0.00349
0.00397
0.00327
0.00284
0.00316
0.00263
0.00298
0.00226
0.00212
0.00264
0.00247
0.0023
0.02618
0.04663
0.01036
0.0031
0.00316
0.00289
0.00283
0.00337
0.0029
0.00254
0.00314
0.00284
0.00294
0.00297
0.00183
0.0024
0.00183
0.0017
0.00201
0.00189
0.00192
0.00169
0.00205
0.00138
0.00271
0.00149
0.00142
0.00188
0.00191
0.00121
0.00129
0.18925
0.13795
0.09741
0.06002
0.04849
0.04601
0.02482
0.01779
0.03967
0.03822
0.02372
0.00932
0.01662
0.01048
0.01367
0.03232
0.02213
0.01207
0.00654
0.005
0.0355
0.0176
0.00776
0.00618
0.00618
0.00445
0.00466
0.00469
0.0049
0.0035
0.00377
0.00501
0.00378
0.00384
0.00331
0.00314
0.00309
0.00353
0.00263
0.00362
0.00277
0.00285
0.00263
0.11297
0.05393
0.02685
0.02369
0.01988
0.01525
0.01144
0.11249
0.0145
0.0117
0.0092
0.00827
0.00578
0.00565
0.005
0.00513
0.00386
0.0055
0.00334
0.00353
0.00257
0.00358
0.0983
0.04465
0.02328
0.01206
0.01253
0.00624
0.00876
0.00617
0.00685
0.00576
0.00476
0.00448
0.00475
0.00356
0.0037
0.00451
0.00414
0.00369
0.00378
0.00329
0.0033
0.13318
0.03058
0.01029
0.00608
0.00517
0.0053
0.00537
0.00593
0.00349
0.00432
0.00376
0.00362
0.00363
0.00325
0.0034
0.00299
0.12822
0.03901
0.02188
0.01684
0.01899
0.19522
0.05483
0.01675
0.01068
0.00939
0.00987
0.00793
0.0089
0.00648
0.00592
0.00687
0.00595
0.00658
0.00476
0.00609
0.00506
0.00585
0.00373
0.00366
0.00385
0.00266
0.00385
0.00305
0.00301
0.00278
0.00262
0.00237
0.00263
0.00216
0.00223
0.00234
0.00251
0.10281
0.02658
0.01329
0.00897
0.00681
0.00588
0.00607
0.00421
0.0034
0.00417
0.00546
0.00413
0.00398
0.0033
0.00387
0.00342
0.00604
0.00295
0.00482
0.00291
0.00399
0.0022
0.00235
0.0895
0.01904
0.00834
0.01375
0.0063
0.00332
0.0034
0.00266
0.00285
0.00309
0.00348
0.00308
0.00297
0.11382
0.01594
0.00697
0.00397
0.00401
0.00396
0.00299
0.00269
0.00298
0.00307
0.00285
0.00299
0.00296
0.00193
0.00243
0.00248
0.00235
0.00258
0.00167
0.00192
0.00241
0.00194
0.00189
0.00136
0.00142
0.00176
0.00158
0.00166
0.0018
0.00156
0.00168
0.00187
0.00173
0.00172
0.00167
0.00187
0.00144
0.17762
0.0777
0.03208
0.01308
0.00616
0.00328
0.00501
0.00297
0.00332
0.00308
0.00316
0.00229
0.00346
0.00464
0.04655
0.00853
0.00664
0.12471
0.02785
0.013
0.03627
0.01464
0.00695
0.00545
0.00534
0.00496
0.00382
0.00414
0.0048
0.00326
0.00389
0.00333
0.00333
0.0033
0.00318
0.00284
0.00326
0.00248
0.00318
0.00278
0.06014
0.05833
0.03733
0.01333
0.0256
0.03344
0.01527
0.00689
0.00605
0.00513
0.00471
0.00445
0.00454
0.00497
0.00296
0.00393
0.00338
0.00296
0.00395
0.00342
0.00272
0.0032
0.00319
0.00275
0.00189
0.00275
0.00234
0.00192
0.00227
0.00204
0.00278
0.00209
0.00215
0.00206
0.00194
0.00188
0.0027
0.00143
0.00217
0.09776
0.02991
0.01526
0.00701
0.00722
0.0051
0.00375
0.00372
0.00339
0.00451
0.00343
0.00303
0.00284
0.06057
0.02684
0.01113
0.00796
0.03792
0.02412
0.01125
0.00556
0.00436
0.00406
0.0036
0.0041
0.00341
0.00425
0.00323
0.00336
0.00338
0.00294
0.00345
0.00292
0.00362
0.00303
0.00232
0.00261
0.00278
0.00367
0.00262
0.00286
0.00255
0.00224
0.00185
0.00228
0.00232
0.002
0.00144
0.00195
0.00163
0.00186
0.00144
0.00212
0.00214
0.00164
0.00149
0.00171
0.0014
0.00139
0.00151
0.00152
0.00165
0.13754
0.03108
0.00986
0.00649
0.02345
0.01011
0.00684
0.00425
0.00316
0.0042
0.00302
0.00443
0.00292
0.00327
0.0027
0.00289
0.00272
0.00259
0.0026
0.00241
0.0042
0.00232
0.00236
0.00269
0.00206
0.00193
0.00187
0.00258
0.00223
0.00222
0.00185
0.00247
0.00166
0.00153
0.00224
0.00132
0.00142
0.00171
0.00154
0.00103
0.00179
0.00135
0.037
0.13685
0.03376
0.03768
0.01416
0.0046
0.09933
0.00494
0.0067
0.00303
0.00339
0.00294
0.00316
0.00351
0.00298
0.00255
0.00267
0.00273
0.00232
0.00316
0.00294
0.00278
0.0024
0.00272
0.00223
0.00193
0.00216
0.00153
0.00187
0.00243
0.002
0.00188
0.00205
0.00167
0.13959
0.14483
0.03239
0.02503
0.01413
0.01594
0.01254
0.01543
0.01066
0.00387
0.00314
0.00319
0.00316
0.00345
0.00276
0.00374
0.00233
0.0024
0.00246
0.00224
0.0026
0.00212
0.00258
0.00285
0.00216
0.00283
0.00214
0.00184
0.00179
0.00334
0.00184
0.00183
0.00179
0.00159
0.00131
0.00181
0.0016
0.00161
0.00208
0.00121
0.00157
0.00133
0.00078
0.00098
0.00125
0.00107
0.00124
0.00143
0.20564
0.05358
0.03714
0.01997
0.01659
0.01698
0.01089
0.01069
0.02858
0.00984
0.00769
0.00561
0.00389
0.00516
0.00377
0.00435
0.00434
0.00369
0.00429
0.0039
0.00294
0.00319
0.00265
0.00298
0.00296
0.00281
0.00316
0.00259
0.00274
0.00296
0.00199
0.00229
0.00209
0.00241
0.00194
0.00227
0.00168
0.0022
0.00197
0.1588
0.03852
0.01147
0.00746
0.00445
0.00437
0.00367
0.00282
0.00265
0.00326
0.00233
0.00261
0.00324
0.00276
0.00239
0.00248
0.00359
0.0026
0.00203
0.00317
0.00228
0.00202
0.00197
0.00238
0.00254
0.00217
0.0016
0.1146
0.07983
0.0227
0.0223
0.01598
0.0087
0.00324
0.00318
0.00359
0.00289
0.00316
0.00249
0.00266
0.00342
0.00217
0.00615
0.00199
0.0024
0.00229
0.00195
0.0018
0.00226
0.00171
0.00178
0.00211
0.00173
0.00205
0.00218
0.0016
0.00159
0.00211
0.00154
0.00139
0.0015
0.00153
0.00108
0.00114
0.00144
0.00116
0.00143
0.00087
0.00113
0.00129
0.25786
0.06948
0.0376
0.01612
0.0036
0.02972
0.00529
0.00436
0.0035
0.00352
0.00289
0.00343
0.08369
0.00441
0.00307
0.0026
0.00245
0.00268
0.00265
0.00343
0.00252
0.00228
0.00294
0.0023
0.00227
0.00202
0.00223
0.00208
0.00212
0.00225
0.00217
0.00217
0.00755
0.09997
0.05307
0.02473
0.03158
0.0135
0.01178
0.00715
0.00717
0.0033
0.00411
0.03314
0.01269
0.00378
0.00272
0.00345
0.0036
0.00356
0.0032
0.00299
0.003
0.0029
0.00309
0.00339
0.00257
0.00267
0.03541
0.01697
0.00472
0.00337
0.00388
0.00332
0.00306
0.00321
0.00263
0.00292
0.00243
0.00215
0.00176
0.00264
0.00209
0.00306
0.00221
0.00171
0.00243
0.00139
0.00135
0.00139
0.00162
0.00167
0.00196
0.00243
0.00173
0.00163
0.00128
0.00252
0.12908
0.00918
0.08023
0.01418
0.03715
0.01248
0.00593
0.00516
0.00376
0.00288
0.00329
0.00289
0.00329
0.00258
0.00235
0.00315
0.00207
0.00289
0.00334
0.0025
0.00293
0.00229
0.00221
0.0019
0.00333
0.00253
0.00208
0.0015
0.0019
0.00186
0.0016
0.00178
0.15691
0.06575
0.02586
0.01867
0.01319
0.00631
0.00541
0.03956
0.01378
0.00946
0.00599
0.05509
0.00716
0.00377
0.00457
0.00397
0.00399
0.00353
0.00495
0.00324
0.00243
