0.24924
0.19851
0.20438
1.39507
0.46954
0.22727
0.25198
1.08977
0.77183
0.2258
0.19272
0.72138
0.83638
0.21357
0.23027
0.84386
1.10749
0.23894
0.20299
0.48123
1.04512
0.22634
0.19405
0.43898
1.10658
0.25309
0.21426
0.57886
1.16874
0.24205
0.19336
0.30886
1.32827
0.38215
0.19879
0.34702
1.0831
0.28316
0.20851
0.61446
0.87078
0.18923
0.19042
0.89737
0.59788
0.19845
0.19636
1.08489
0.46952
0.20699
0.27778
1.13759
0.58737
0.19711
0.19586
0.88408
0.71113
0.21129
0.17377
0.40167
1.19017
0.22427
0.17756
0.25353
1.53926
0.47714
0.20984
0.18223
0.86744
0.89065
0.21113
0.17624
0.27061
1.44353
0.30218
0.20594
0.36216
1.13055
0.33958
0.18777
0.41463
0.93645
0.29864
0.17801
0.34145
1.11574
0.30156
0.18858
0.3328
1.33252
0.33288
0.19421
0.26663
0.94953
0.52685
0.18715
0.21746
1.03769
0.5682
0.19586
0.17038
0.90598
0.90575
0.20154
0.17591
0.27427
1.13936
0.32068
0.18338
0.41324
1.01912
0.33499
0.17657
0.27035
1.02214
0.23008
0.17122
0.58276
1.11457
0.20295
0.20612
0.32663
1.35024
0.6938
0.18832
0.17157
0.31515
1.01973
0.35719
0.17848
0.15114
0.52465
1.55241
0.24423
0.18794
0.24626
0.77675
0.60959
0.16115
0.16817
1.13906
1.16332
0.20626
0.17817
0.50241
0.57838
0.17159
0.24888
1.15182
0.2433
0.15965
0.2666
1.41463
0.32591
0.17437
0.19673
0.82765
0.96801
0.19014
0.1669
0.48519
1.02001
0.20324
0.16617
0.29182
1.18449
0.28583
0.17455
0.13893
0.54974
1.34964
0.23826
0.17375
0.31569
1.03663
0.29359
0.17247
0.2382
1.09094
0.37321
0.17302
0.15691
0.91164
0.62509
0.1816
0.14573
0.18592
1.21511
0.27719
0.19517
0.41476
1.24635
0.25351
0.16478
0.16393
0.95043
0.42479
0.16435
0.19185
0.94605
0.70898
0.17428
0.19897
1.00176
0.26816
0.15382
0.2808
1.05678
0.33817
0.1558
0.21942
1.04366
0.2464
0.14987
0.26476
1.06223
0.36011
0.16235
0.16841
0.81742
0.76247
0.16695
0.14701
0.40328
1.2192
0.24922
0.15159
0.36882
1.07883
0.29728
0.16103
0.17147
0.86184
0.66705
0.1618
0.14582
0.40489
1.12078
0.20589
0.15201
0.24731
1.19141
0.24369
0.16912
0.26976
0.80347
0.71056
0.16334
0.14754
0.39259
1.0133
0.19055
0.16423
0.24145
1.10171
0.21067
0.15309
0.12517
0.35361
1.80233
0.28927
0.15255
0.13253
0.26698
1.1393
0.19825
0.14641
0.35265
1.00846
0.16896
0.13718
0.44663
1.04233
0.18368
0.14436
0.22243
1.27191
0.34742
0.1643
0.1542
0.4016
0.97581
0.25578
0.1477
0.16246
0.905
0.40672
0.15118
0.17616
1.04972
0.41979
0.1545
0.12606
0.12792
1.39264
0.25439
0.15336
0.13872
0.89794
0.57926
0.15705
0.13943
0.62994
0.64916
0.15224
0.14688
0.71031
0.65232
0.15194
0.1413
0.44092
0.91565
0.16988
0.15198
0.4603
0.98871
0.2187
0.13775
0.14896
1.05087
0.46268
0.16518
0.1359
0.36228
1.03066
0.1811
0.1406
0.28883
1.03263
0.19224
0.14583
0.16986
0.98281
0.25628
0.14512
0.13141
1.11612
0.47028
0.16146
0.13399
0.48482
0.88797
0.16074
0.13729
0.18957
1.28931
0.4124
0.15965
0.14168
0.38103
0.83645
0.20691
0.12792
0.25051
1.272
0.18886
0.14239
0.11749
0.75026
0.94024
0.15229
0.13189
0.16507
1.09192
0.27545
0.14615
0.14099
0.7653
0.74733
0.14749
0.13206
0.22514
0.95223
0.29417
0.14263
0.11776
0.82669
0.73721
0.15227
0.16325
0.34384
0.84435
0.52065
0.13892
0.11558
0.10216
1.17819
0.58121
0.15761
0.15122
0.26532
0.83822
0.78348
0.13156
0.13491
0.3978
1.11454
0.21502
0.132
0.11946
0.43031
1.05025
0.16514
0.12395
0.13583
0.95205
0.36177
0.13631
0.12527
0.75953
0.56034
0.13145
0.12023
0.44505
0.91575
0.15791
0.12676
0.26075
1.07333
0.24882
0.12701
0.1153
0.69684
0.4983
0.137
0.1148
0.41481
1.11676
0.17499
0.13796
0.10904
0.42748
0.90296
0.14829
0.15692
0.5404
0.79297
0.18136
0.12255
0.10852
1.03777
0.35551
0.13911
0.10737
0.43741
0.77302
0.12326
0.12546
0.40974
0.7542
0.1569
0.11763
0.10503
1.11805
0.6371
0.14902
0.12247
0.2186
0.83186
0.2975
0.12456
0.10495
0.09403
1.194
0.38296
0.13017
0.10827
0.11281
1.08325
0.23544
0.12764
0.11033
0.41843
1.00502
0.1572
0.12021
0.11095
0.72804
0.76177
0.12857
0.1132
0.25079
0.93431
0.14249
0.11751
0.27496
1.0396
0.18871
0.11481
0.11423
0.81991
0.53963
0.13152
0.11513
0.37863
0.89388
0.15834
0.1123
0.10075
0.82972
0.43179
0.1349
0.13327
0.48868
0.70956
0.11904
0.1044
0.11887
1.06142
0.86873
0.15388
0.11831
0.10031
0.57345
0.83061
0.14587
0.11612
0.10522
0.8576
0.55183
0.14033
0.11487
0.26541
0.74921
0.11761
0.10514
0.36849
1.13915
0.24463
0.12331
0.12605
0.50051
0.51865
0.11243
0.10848
0.38617
1.00212
0.13175
0.1073
0.1085
0.75624
0.68906
0.13426
0.10449
0.10558
0.87104
0.28933
0.11419
0.10357
0.67358
0.56778
0.11654
0.12173
0.40182
0.71169
0.12391
0.10958
0.1526
1.00726
0.45378
0.11951
0.10042
0.08817
0.64608
0.85793
0.13041
0.10387
0.16378
0.57527
0.67826
0.11532
0.10403
0.19218
0.94244
0.18778
0.10579
0.10276
0.72837
0.4022
0.11024
0.10187
0.36841
0.99078
0.1332
0.11248
0.09555
0.3997
0.77039
0.11659
0.10371
0.08395
0.67506
0.7875
0.11936
0.10576
0.22262
0.7093
0.11851
0.09967
0.19211
1.07671
0.22363
0.11491
0.09381
0.09783
1.37348
0.40524
0.12971
0.10938
0.09098
0.24735
0.96115
0.141
0.10286
0.0866
0.18693
1.33595
0.17364
0.1099
0.09741
0.08131
0.96506
0.52124
0.11836
0.09948
0.11324
1.07167
0.22955
0.11354
0.09013
0.40198
0.57287
0.1051
0.09685
0.28525
1.06072
0.15147
0.09984
0.09048
0.58781
0.65245
0.12693
0.10011
0.14402
0.90395
0.33405
0.10951
0.09034
0.12754
1.0766
0.27033
0.12213
0.09736
0.24369
1.08239
0.15252
0.1143
0.10727
0.10162
0.84816
0.34944
0.11457
0.09413
0.37003
0.83787
0.11756
0.09816
0.15557
0.9535
0.17012
0.09876
0.08511
0.26338
1.24531
0.19531
0.11161
0.09288
0.11052
0.71418
0.29357
0.10355
0.09466
0.40695
0.865
0.12608
0.10258
0.08536
0.20891
0.96876
0.11902
0.10227
0.10704
0.91535
0.19751
0.09899
0.08288
0.13207
1.00699
0.14411
0.09335
0.08607
0.40542
0.92359
0.1331
0.10083
0.09672
0.278
0.93382
0.1246
0.09551
0.08433
0.58526
0.6874
0.10983
0.09053
0.37663
0.30615
0.08333
0.07646
0.61475
0.69008
0.10963
0.08636
0.09575
0.79752
0.38395
0.09854
0.08381
0.11302
0.87476
0.22208
0.10318
0.07978
0.10617
1.46858
0.421
0.11902
0.09075
0.08247
0.2455
0.87552
0.12657
0.09705
0.0867
0.42323
0.73171
0.1089
0.09522
0.09072
0.84052
0.58176
0.12387
0.09802
0.07597
0.23222
0.99623
0.12093
0.10066
0.08333
0.3312
0.87892
0.1211
0.09537
0.09324
0.31311
0.8202
0.10939
0.09153
0.08065
0.06359
0.45404
0.99257
0.12705
0.09591
0.07803
0.40739
0.76236
0.10484
0.08333
0.07666
0.83602
0.56661
0.11119
0.08646
0.11114
0.10252
1.12901
0.15172
0.09742
0.08327
0.08135
0.96
0.4306
0.10314
0.08914
0.20572
0.75101
0.10845
0.08317
0.16478
0.8653
0.19523
0.09254
0.07489
0.10281
1.14633
0.12337
0.09225
0.07688
0.08171
1.09516
0.21053
0.10366
0.07699
0.08407
0.86514
0.28284
0.09487
0.08127
0.11459
1.08661
0.16825
0.09632
0.08048
0.42065
0.65379
0.09597
0.08276
0.07508
0.18277
1.35511
0.13931
0.10861
0.08084
0.12605
0.84664
0.12934
0.08495
0.08631
0.676
0.30121
0.09289
0.07897
0.08318
1.19486
0.19025
0.11078
0.08064
0.1046
0.88743
0.15162
0.08934
0.07286
0.1343
1.05458
0.16924
0.09034
0.08027
0.35999
0.62761
0.09929
0.08191
0.08984
0.78608
0.19024
0.0854
0.09859
0.49892
0.91056
0.11833
0.09017
0.07449
0.26553
0.68727
0.09227
0.08487
0.07575
0.65869
0.57382
0.10227
0.0887
0.07924
0.5191
0.7189
0.10342
0.08694
0.06939
0.19109
0.78989
0.1121
0.07966
0.0803
0.4857
0.78062
0.11275
0.0872
0.07106
0.07271
1.00021
0.15196
0.09054
0.08372
0.16986
0.94108
0.11231
0.08429
0.07206
0.06472
0.77763
0.34394
0.09497
0.07608
0.0762
0.5381
0.83692
0.10876
0.079
0.07218
0.47366
0.52731
0.09162
0.07532
0.09452
0.769
0.20912
0.08283
0.07451
0.12026
0.96414
0.09785
0.08078
0.06803
0.12094
0.78121
0.09437
0.0916
0.07861
0.66608
0.52169
0.086
0.07615
0.09035
0.51758
0.7359
0.11939
0.08707
0.06449
0.11557
0.72525
0.08476
0.07736
0.14849
0.89516
0.24453
0.08788
0.07495
0.05923
0.06965
1.24797
0.13548
0.09169
0.07095
0.07938
0.46919
0.64894
0.08905
0.0756
0.06009
0.05684
0.97338
0.25426
0.09384
0.0738
0.21362
0.55312
0.12328
0.07165
0.06373
0.13945
0.88377
0.10333
0.07446
0.06751
0.43761
0.79343
0.09526
0.07872
0.06533
0.05741
0.80923
0.28908
0.09301
0.07116
0.06192
0.33853
0.73404
0.09418
0.0762
0.05961
0.13717
