0.10682
0.09054
0.10371
0.36364
0.15847
0.10657
0.11622
0.3047
0.22658
0.10515
0.09145
0.23289
0.24724
0.09879
0.10893
0.26052
0.27854
0.10744
0.093
0.15712
0.29948
0.11465
0.08893
0.11774
0.3274
0.12114
0.09174
0.17338
0.3429
0.11923
0.08805
0.10614
0.32731
0.18176
0.0929
0.11033
0.31245
0.13911
0.09268
0.16257
0.30978
0.09168
0.09089
0.26407
0.18385
0.09404
0.09577
0.30874
0.16215
0.0954
0.12375
0.32153
0.18813
0.0921
0.08199
0.21016
0.25752
0.10348
0.07957
0.1079
0.33023
0.1137
0.08296
0.12111
0.35046
0.16758
0.1005
0.07871
0.2213
0.30986
0.10274
0.0818
0.12793
0.33292
0.1306
0.09676
0.12033
0.31122
0.15832
0.0914
0.16426
0.29036
0.10923
0.08437
0.14678
0.29689
0.11011
0.08841
0.14244
0.34002
0.11936
0.08994
0.09951
0.26861
0.21509
0.08946
0.0826
0.26935
0.22467
0.0959
0.08249
0.26643
0.2643
0.09134
0.0833
0.12179
0.32845
0.11507
0.08385
0.13398
0.29871
0.15146
0.08421
0.12533
0.29531
0.09372
0.08172
0.20685
0.29492
0.08566
0.09692
0.13497
0.3841
0.17938
0.08982
0.07972
0.131
0.30301
0.12799
0.08315
0.07172
0.18121
0.33884
0.10859
0.08954
0.10928
0.2605
0.18457
0.07681
0.08259
0.315
0.24149
0.09655
0.07854
0.15811
0.22221
0.08594
0.08889
0.31001
0.12085
0.07615
0.12081
0.33767
0.1287
0.08271
0.07633
0.23276
0.29854
0.09345
0.07199
0.13428
0.32677
0.10005
0.07723
0.09177
0.32631
0.13667
0.08137
0.06349
0.13002
0.358
0.11952
0.07905
0.10173
0.30958
0.13732
0.07962
0.08571
0.27817
0.16875
0.08048
0.06945
0.20651
0.24425
0.0896
0.06781
0.06598
0.30468
0.13393
0.08365
0.14218
0.34039
0.12043
0.07636
0.06877
0.23584
0.19549
0.07871
0.07484
0.25695
0.22315
0.08105
0.07407
0.27483
0.13589
0.07281
0.08894
0.30501
0.14748
0.0738
0.07899
0.29275
0.12144
0.07239
0.1182
0.30677
0.1213
0.07707
0.07189
0.19765
0.26817
0.08042
0.07197
0.15742
0.3187
0.10876
0.07477
0.14884
0.3251
0.10226
0.0715
0.07026
0.24582
0.23173
0.07758
0.0694
0.15169
0.30778
0.08435
0.07231
0.11255
0.3118
0.10383
0.08297
0.11435
0.27039
0.19865
0.07654
0.07019
0.15215
0.27491
0.08185
0.07966
0.10676
0.29755
0.08614
0.07159
0.05893
0.0897
0.37539
0.14802
0.07365
0.06202
0.12421
0.26972
0.08835
0.07146
0.14224
0.26771
0.07493
0.06404
0.10604
0.32848
0.09445
0.06673
0.07854
0.31887
0.16158
0.08174
0.0739
0.15839
0.28932
0.09518
0.07115
0.07979
0.25665
0.15147
0.07467
0.08588
0.29707
0.13849
0.07649
0.05917
0.05225
0.27466
0.1306
0.07487
0.06942
0.261
0.18363
0.07637
0.06692
0.21456
0.1817
0.07269
0.07395
0.2249
0.18456
0.07589
0.06872
0.16895
0.25646
0.07661
0.07416
0.17019
0.29744
0.07698
0.06447
0.07469
0.28052
0.14609
0.08017
0.06645
0.14243
0.2819
0.07635
0.06798
0.12255
0.28239
0.08387
0.07066
0.08049
0.27918
0.09888
0.06949
0.0661
0.28641
0.15673
0.08007
0.06361
0.17002
0.24835
0.07227
0.06337
0.07002
0.2981
0.17548
0.07775
0.0621
0.1248
0.26286
0.11139
0.06229
0.11232
0.30926
0.08431
0.06758
0.0563
0.15623
0.29395
0.07259
0.06444
0.08377
0.28748
0.10481
0.07288
0.06808
0.24295
0.20634
0.07182
0.06068
0.0703
0.2509
0.14408
0.06869
0.05248
0.19268
0.23946
0.07333
0.06725
0.1237
0.25118
0.19552
0.06842
0.05434
0.04598
0.18112
0.24002
0.07758
0.06463
0.10406
0.23955
0.22343
0.0625
0.05998
0.1187
0.29412
0.1179
0.06451
0.05812
0.15597
0.27834
0.07482
0.05881
0.05283
0.24882
0.15511
0.06555
0.06224
0.22668
0.16939
0.06536
0.05353
0.11935
0.30112
0.08011
0.05997
0.08022
0.29552
0.12135
0.06108
0.05185
0.17491
0.20295
0.06754
0.05321
0.09565
0.29786
0.08971
0.06699
0.05099
0.10119
0.25898
0.07254
0.06558
0.16128
0.2681
0.08938
0.05801
0.0544
0.25557
0.12373
0.07008
0.05244
0.16046
0.20952
0.0615
0.05566
0.13564
0.24516
0.08375
0.05493
0.04734
0.2556
0.21629
0.07162
0.05626
0.07321
0.23037
0.14754
0.06099
0.051
0.04071
0.25708
0.1743
0.06176
0.05055
0.05839
0.28055
0.09078
0.0627
0.05109
0.0995
0.28669
0.08253
0.05788
0.05439
0.2255
0.19724
0.06556
0.05485
0.11014
0.24962
0.06478
0.05677
0.07504
0.30145
0.09624
0.05557
0.04842
0.21335
0.20583
0.06273
0.05399
0.09632
0.28672
0.08466
0.05533
0.0453
0.15157
0.19428
0.06861
0.06183
0.17431
0.18871
0.05959
0.04963
0.0515
0.25454
0.21483
0.0747
0.05632
0.04471
0.12574
0.28811
0.07438
0.05565
0.05211
0.24397
0.16772
0.06914
0.05539
0.11529
0.21841
0.05577
0.05111
0.08914
0.30126
0.11885
0.06118
0.06215
0.17629
0.16938
0.05294
0.05118
0.10152
0.28688
0.0705
0.0516
0.04812
0.19055
0.23994
0.06744
0.04956
0.05419
0.23459
0.1125
0.05784
0.05216
0.20224
0.17399
0.0605
0.05233
0.11798
0.25374
0.06332
0.05098
0.05968
0.26375
0.1828
0.05814
0.04789
0.0396
0.14339
0.27072
0.06431
0.05015
0.06097
0.16906
0.23794
0.05665
0.04943
0.06427
0.26343
0.09897
0.05163
0.04542
0.17675
0.17949
0.05502
0.051
0.13396
0.26038
0.06355
0.05612
0.04263
0.10818
0.2591
0.06162
0.05171
0.03772
0.16415
0.2583
0.06178
0.05221
0.09798
0.21403
0.05439
0.05048
0.08953
0.27954
0.08911
0.05666
0.04505
0.05137
0.31345
0.1343
0.06414
0.05054
0.042
0.05768
0.27501
0.07599
0.04953
0.04149
0.09266
0.29694
0.07685
0.05406
0.04724
0.03981
0.21331
0.1566
0.06003
0.04778
0.04658
0.25263
0.11543
0.05675
0.04272
0.0931
0.22431
0.05459
0.04533
0.07084
0.29315
0.07395
0.0483
0.04286
0.10636
0.2427
0.06563
0.04877
0.05241
0.22089
0.16096
0.05657
0.0425
0.04454
0.26371
0.13916
0.05872
0.04589
0.05987
0.31768
0.07827
0.05328
0.0508
0.0425
0.22466
0.15603
0.05718
0.04296
0.09111
0.24661
0.06235
0.04881
0.07725
0.26649
0.06865
0.04924
0.04144
0.10984
0.30954
0.06708
0.05421
0.04506
0.05543
0.19301
0.11208
0.05229
0.04449
0.09781
0.28851
0.06418
0.05133
0.04037
0.09138
0.24708
0.0572
0.04937
0.04166
0.23725
0.10453
0.04963
0.04026
0.06859
0.23843
0.06439
0.04538
0.04091
0.08845
0.27704
0.06776
0.0515
0.04827
0.10838
0.24702
0.06122
0.0464
0.03936
0.14006
0.23
0.0539
0.0463
0.12375
0.1066
0.04152
0.03619
0.11858
0.2381
0.05558
0.04373
0.04844
0.22142
0.12339
0.04903
0.04163
0.05716
0.24033
0.08609
0.05023
0.03761
0.03765
0.30037
0.19473
0.06062
0.04306
0.04069
0.1003
0.24514
0.05736
0.04915
0.0426
0.15103
0.21294
0.05267
0.04527
0.03935
0.18661
0.22014
0.06247
0.04761
0.03706
0.0995
0.24696
0.05874
0.04861
0.04207
0.1319
0.24536
0.0549
0.04739
0.04601
0.12624
0.2308
0.05105
0.04483
0.03839
0.0303
0.1483
0.24253
0.06134
0.04752
0.03926
0.14747
0.20099
0.05262
0.04128
0.038
0.21164
0.17028
0.05595
0.04236
0.04371
0.05093
0.25648
0.0666
0.05041
0.03986
0.03376
0.23801
0.1666
0.05092
0.04144
0.0646
0.24459
0.05964
0.03999
0.05378
0.24222
0.0914
0.04732
0.03644
0.05579
0.26034
0.05897
0.04736
0.0386
0.04203
0.26576
0.0829
0.05347
0.03858
0.04292
0.25084
0.09283
0.04844
0.03855
0.03917
0.2852
0.08765
0.04727
0.04062
0.14757
0.17783
0.04957
0.03939
0.03645
0.08579
0.29032
0.06444
0.05344
0.04039
0.06096
0.23431
0.05663
0.04242
0.03817
0.16389
0.1374
0.04748
0.03851
0.04497
0.28203
0.07936
0.05625
0.03853
0.03829
0.23917
0.08217
0.04481
0.03537
0.06722
0.26236
0.07251
0.0453
0.04063
0.13313
0.17541
0.04904
0.04127
0.04494
0.2191
0.07731
0.04234
0.04121
0.10548
0.26419
0.06274
0.04402
0.03501
0.06501
0.23234
0.04834
0.04
0.03529
0.12284
0.21953
0.05061
0.04266
0.03569
0.13039
0.25
0.05217
0.04114
0.0347
0.0851
0.21618
0.04977
0.03836
0.03636
0.11944
0.25275
0.05552
0.04176
0.03456
0.03887
0.26019
0.06206
0.04585
0.03792
0.0542
0.26467
0.06211
0.04123
0.0351
0.02948
0.15985
0.15098
0.05021
0.03629
0.03432
0.12763
0.24421
0.05441
0.03748
0.03275
0.1211
0.1998
0.04667
0.03577
0.03796
0.19895
0.11148
0.0413
0.0376
0.05841
0.2241
0.04697
0.04131
0.03296
0.06183
0.22105
0.04638
0.04129
0.03747
0.14387
0.19601
0.04382
0.03832
0.0445
0.17522
0.18852
0.0592
0.04105
0.03155
0.03549
0.2004
0.04562
0.0378
0.04932
0.25173
0.10562
0.04278
0.03651
0.02824
0.02679
0.2498
0.07623
0.04636
0.03391
0.03526
0.12079
0.20835
0.04527
0.03733
0.029
0.02471
0.2081
0.13073
0.04966
0.03591
0.07189
0.18173
0.06805
0.03497
0.03128
0.07239
0.20656
0.05323
0.03697
0.03089
0.08136
0.24729
0.05019
0.0393
0.03202
0.02958
0.22602
0.09721
0.04537
0.03658
0.03071
0.1258
0.17405
0.04901
0.03757
0.02975
0.0357
