0.88227
0.90623
0.92136
0.66765
0.80659
0.89913
0.89898
0.71863
0.74034
0.89908
0.91287
0.78961
0.73844
0.90355
0.90366
0.76206
0.68991
0.8898
0.90561
0.80483
0.72039
0.91077
0.91218
0.81556
0.72343
0.89757
0.89814
0.78393
0.70789
0.90286
0.90853
0.86024
0.64573
0.8874
0.90892
0.84251
0.70399
0.9005
0.90125
0.75879
0.80392
0.9161
0.9161
0.74432
0.79783
0.91032
0.91783
0.73054
0.81095
0.90466
0.89237
0.72199
0.77944
0.90967
0.90254
0.7129
0.81331
0.90947
0.91726
0.83619
0.71484
0.91203
0.91739
0.91504
0.61949
0.82161
0.90745
0.91035
0.71283
0.78726
0.90928
0.91752
0.91436
0.62625
0.86961
0.90772
0.83889
0.69286
0.89069
0.91749
0.85323
0.72356
0.86452
0.91875
0.8891
0.69309
0.85999
0.91392
0.8849
0.66884
0.85035
0.90982
0.87431
0.71642
0.84725
0.91627
0.89143
0.69486
0.82964
0.91499
0.92393
0.7628
0.73105
0.90573
0.91915
0.90113
0.70135
0.85142
0.91355
0.82603
0.72744
0.88178
0.91965
0.90072
0.71067
0.89013
0.92272
0.83582
0.69158
0.90126
0.9112
0.87357
0.70053
0.73878
0.9154
0.91984
0.88376
0.71293
0.84726
0.91701
0.92926
0.85796
0.62232
0.89019
0.91628
0.89972
0.78344
0.78148
0.92602
0.92764
0.74019
0.70379
0.907
0.91366
0.79864
0.81807
0.9277
0.88055
0.7009
0.91098
0.9266
0.90553
0.64933
0.86208
0.92028
0.9019
0.73327
0.77894
0.91857
0.91697
0.80251
0.75243
0.91563
0.92196
0.86396
0.69073
0.9023
0.91875
0.93211
0.79889
0.70862
0.908
0.91746
0.85378
0.72248
0.89967
0.91912
0.88463
0.69497
0.89698
0.91932
0.92329
0.70884
0.84617
0.9214
0.93038
0.90238
0.69352
0.89791
0.90626
0.83201
0.71101
0.90198
0.9222
0.91714
0.68869
0.88926
0.92538
0.90933
0.72298
0.85542
0.91876
0.89887
0.7056
0.91847
0.92858
0.86895
0.70859
0.88324
0.92806
0.89198
0.71945
0.91181
0.93168
0.90569
0.70403
0.84626
0.92561
0.91764
0.73338
0.82674
0.92507
0.93429
0.86578
0.66882
0.89246
0.93311
0.86515
0.71773
0.85885
0.92073
0.91529
0.73898
0.8252
0.92652
0.9323
0.86801
0.70936
0.8999
0.9299
0.91009
0.6824
0.89153
0.92618
0.89311
0.78008
0.75529
0.92439
0.93216
0.86903
0.72301
0.90801
0.92705
0.90551
0.70084
0.89938
0.92814
0.9402
0.85159
0.66915
0.90676
0.93052
0.9365
0.92347
0.67899
0.90838
0.93396
0.87956
0.71303
0.9184
0.93457
0.817
0.74825
0.92694
0.93107
0.89003
0.67163
0.88547
0.92897
0.93154
0.85758
0.71998
0.88481
0.93249
0.93342
0.73045
0.84882
0.93312
0.92839
0.72354
0.83952
0.9321
0.93985
0.93227
0.65999
0.91944
0.93155
0.93981
0.7591
0.80709
0.92976
0.93621
0.82742
0.77257
0.93053
0.93817
0.78492
0.78578
0.93389
0.9366
0.85855
0.72466
0.92063
0.93324
0.85122
0.73707
0.88814
0.93461
0.93788
0.73718
0.82689
0.92661
0.93853
0.87486
0.72688
0.91137
0.93613
0.90273
0.70653
0.9103
0.93388
0.92836
0.7386
0.88486
0.93342
0.94312
0.72089
0.82626
0.92998
0.93733
0.85401
0.74112
0.92341
0.93423
0.90547
0.66741
0.88611
0.92915
0.92966
0.8372
0.7524
0.93223
0.9414
0.91295
0.67095
0.91181
0.93395
0.94481
0.76746
0.80532
0.93061
0.93996
0.93618
0.70603
0.88069
0.93642
0.93778
0.79726
0.7605
0.93403
0.93627
0.90344
0.72016
0.91325
0.93493
0.9411
0.74834
0.85983
0.93118
0.91873
0.8536
0.74552
0.85844
0.93817
0.94466
0.9483
0.70232
0.86955
0.93091
0.92552
0.88361
0.74896
0.85393
0.93837
0.93365
0.83241
0.69492
0.93579
0.9401
0.94528
0.86518
0.71519
0.92273
0.94167
0.92802
0.72479
0.90713
0.93735
0.94474
0.79231
0.80277
0.94187
0.93996
0.81288
0.77991
0.93494
0.94079
0.8791
0.72008
0.91866
0.94125
0.94247
0.75961
0.87637
0.9392
0.94422
0.83085
0.73728
0.92923
0.93757
0.94719
0.83139
0.79179
0.93427
0.92286
0.79256
0.79104
0.92632
0.94197
0.95158
0.74502
0.86164
0.93971
0.95041
0.85995
0.76854
0.94543
0.93784
0.83399
0.77407
0.94209
0.94346
0.94759
0.70435
0.86714
0.93243
0.94072
0.89274
0.73472
0.92348
0.94354
0.95105
0.95083
0.68899
0.90267
0.93916
0.94746
0.95346
0.72225
0.897
0.94284
0.94641
0.84138
0.74876
0.93793
0.94462
0.94965
0.80424
0.77074
0.94492
0.94781
0.91807
0.72407
0.93356
0.94566
0.87406
0.73542
0.93242
0.94684
0.94074
0.74041
0.86687
0.93911
0.94497
0.83708
0.77148
0.94356
0.94895
0.94905
0.72385
0.90128
0.94232
0.94612
0.85399
0.78587
0.94721
0.95026
0.95069
0.79194
0.76457
0.93191
0.94446
0.94936
0.77799
0.814
0.93962
0.94566
0.95227
0.78422
0.81584
0.93828
0.94662
0.91089
0.75589
0.94514
0.95155
0.8486
0.70711
0.93136
0.94533
0.94609
0.83367
0.81352
0.94666
0.94898
0.83045
0.76203
0.94789
0.9498
0.94639
0.75193
0.85127
0.94206
0.95022
0.95514
0.74678
0.88963
0.95026
0.95416
0.79921
0.81435
0.95072
0.93856
0.82881
0.81566
0.94747
0.94778
0.92387
0.72609
0.87753
0.94549
0.95221
0.95513
0.77154
0.82157
0.94217
0.95164
0.91933
0.79858
0.83038
0.94787
0.95077
0.90342
0.7302
0.94043
0.95138
0.94838
0.7461
0.90687
0.95091
0.95427
0.87851
0.73049
0.93968
0.94972
0.95147
0.82733
0.80585
0.9524
0.95336
0.95721
0.77443
0.83137
0.94974
0.95216
0.91563
0.76828
0.94458
0.95579
0.9299
0.71057
0.90438
0.9483
0.95551
0.96015
0.70146
0.84896
0.94259
0.94942
0.95753
0.88531
0.7548
0.94672
0.95168
0.95872
0.94752
0.6675
0.91938
0.94999
0.95447
0.96168
0.76479
0.83389
0.94885
0.95321
0.94211
0.71866
0.93342
0.94961
0.95699
0.83232
0.85909
0.95534
0.95349
0.86867
0.76889
0.93635
0.95335
0.95632
0.80345
0.83069
0.94744
0.9536
0.92557
0.71439
0.93037
0.9533
0.95609
0.9308
0.70296
0.93296
0.94447
0.95386
0.8839
0.74454
0.94175
0.94567
0.94993
0.94762
0.74079
0.91445
0.9494
0.95314
0.8311
0.81015
0.95243
0.95553
0.94598
0.73109
0.92226
0.95541
0.95994
0.9206
0.69965
0.90033
0.94911
0.9565
0.95428
0.77379
0.89904
0.9545
0.95496
0.83018
0.79074
0.94725
0.95419
0.95874
0.93037
0.73924
0.94577
0.95252
0.94282
0.72875
0.94131
0.95577
0.96078
0.9532
0.72602
0.93471
0.95655
0.95863
0.83521
0.79772
0.94412
0.95587
0.95746
0.89579
0.75145
0.9448
0.95547
0.95861
0.79463
0.86331
0.95034
0.96041
0.88078
0.87961
0.96181
0.96273
0.80132
0.85093
0.95227
0.96127
0.95945
0.77322
0.87546
0.9556
0.96145
0.95542
0.76103
0.90192
0.95262
0.96105
0.94126
0.64819
0.89843
0.94902
0.95656
0.96198
0.91043
0.74854
0.94039
0.95711
0.96036
0.86849
0.7792
0.95021
0.95475
0.95358
0.72975
0.87386
0.94671
0.95468
0.96407
0.92425
0.71975
0.94639
0.95332
0.96259
0.89153
0.75637
0.94277
0.95673
0.95804
0.89396
0.75851
0.9488
0.9578
0.96132
0.96883
0.90089
0.74581
0.94314
0.95647
0.96473
0.87372
0.77789
0.95385
0.96166
0.96478
0.79654
0.83719
0.95149
0.96009
0.95726
0.95805
0.71299
0.92883
0.95823
0.96009
0.95664
0.72258
0.8841
0.95349
0.95662
0.89543
0.79562
0.95892
0.96057
0.91447
0.7753
0.93018
0.95959
0.96459
0.96344
0.69561
0.94466
0.95986
0.96504
0.96521
0.72979
0.90533
0.95575
0.96485
0.96398
0.78348
0.88553
0.95854
0.9608
0.93661
0.73578
0.94225
0.956
0.96393
0.87668
0.79627
0.95897
0.9604
0.96432
0.94412
0.69171
0.9367
0.95122
0.96321
0.94913
0.76214
0.9402
0.96149
0.95647
0.77827
0.92145
0.9596
0.96293
0.96766
0.71885
0.92038
0.95221
0.96137
0.94321
0.74652
0.9482
0.96014
0.96547
0.95364
0.73053
0.92652
0.95947
0.96419
0.88598
0.80103
0.95558
0.96325
0.96092
0.77951
0.91578
0.96104
0.95485
0.81515
0.79939
0.95267
0.95843
0.96349
0.87771
0.83109
0.96119
0.95945
0.96339
0.77801
0.87613
0.95444
0.95842
0.96049
0.80654
0.83543
0.95494
0.95882
0.96802
0.93741
0.7694
0.94564
0.96238
0.96014
0.81732
0.83424
0.94993
0.95934
0.96634
0.97021
0.74182
0.928
0.96017
0.95851
0.91239
0.77303
0.95935
0.96109
0.96598
0.96716
0.75416
0.91901
0.96077
0.9635
0.9619
0.8125
0.86898
0.9526
0.96205
0.96357
0.81707
0.86751
0.96021
0.96377
0.95048
0.75716
0.95171
0.96272
0.96649
0.95213
0.74543
0.95498
0.96458
0.96755
0.95879
0.77706
0.95774
0.95706
0.96351
0.76884
0.89642
0.96235
0.96587
0.96057
0.84696
0.80661
0.94827
0.95841
0.96946
0.93552
0.80377
0.9654
0.96411
0.92199
0.76509
0.92317
0.95953
0.96463
0.97092
0.96074
0.70372
0.95483
0.95989
0.96612
0.96048
0.8243
0.86185
0.96104
0.96507
0.97107
0.96983
0.70834
0.94228
0.9615
0.9654
0.90145
0.82131
0.96306
0.96636
0.96996
0.96396
0.73957
0.95632
0.96561
0.96628
0.82449
0.83595
0.96052
0.96452
0.96914
0.97436
0.79821
0.88968
0.95739
0.9685
0.97107
0.90015
0.78831
0.96032
0.96495
0.97222
0.92426
