0.08956
0.06911
0.0682
0.29082
0.11677
0.07693
0.07781
0.23251
0.16737
0.08105
0.06337
0.16123
0.19384
0.07392
0.07759
0.19827
0.21498
0.08853
0.07478
0.16114
0.17917
0.07143
0.06567
0.15285
0.20487
0.07737
0.07791
0.18698
0.20059
0.07342
0.06905
0.11276
0.26311
0.08432
0.06997
0.11409
0.23807
0.07287
0.08141
0.16254
0.1776
0.06482
0.0658
0.18575
0.1513
0.0706
0.06295
0.25394
0.12324
0.07048
0.07994
0.23127
0.14495
0.06982
0.08215
0.19015
0.12195
0.07362
0.06271
0.14662
0.19537
0.07211
0.06178
0.07727
0.27029
0.13475
0.07277
0.07661
0.23415
0.15751
0.07319
0.05943
0.08591
0.27777
0.10154
0.07393
0.11821
0.24995
0.07718
0.06411
0.11275
0.21006
0.0897
0.0628
0.09313
0.22765
0.08072
0.06559
0.09133
0.28208
0.09824
0.06925
0.09423
0.24475
0.0891
0.06387
0.08709
0.23601
0.11321
0.06609
0.05515
0.20637
0.21007
0.07204
0.05949
0.08047
0.26196
0.09298
0.06688
0.13152
0.22269
0.07457
0.05861
0.08842
0.21814
0.07676
0.05859
0.14835
0.23086
0.06889
0.06799
0.08709
0.3127
0.12797
0.06586
0.06067
0.09022
0.22224
0.10041
0.06244
0.04988
0.13075
0.27194
0.08512
0.06632
0.07312
0.19249
0.15027
0.05634
0.05431
0.25288
0.21516
0.07121
0.06336
0.14739
0.13156
0.05686
0.09665
0.22825
0.0639
0.05714
0.0776
0.25651
0.10164
0.06427
0.08361
0.24129
0.14192
0.06405
0.0624
0.15255
0.19928
0.06432
0.05858
0.10475
0.23849
0.07274
0.06111
0.04977
0.17669
0.2193
0.07307
0.06204
0.11174
0.22821
0.06777
0.06024
0.08446
0.23363
0.07355
0.06215
0.06153
0.21627
0.11435
0.06491
0.04853
0.0893
0.21641
0.07537
0.07595
0.13129
0.26398
0.06476
0.05657
0.07456
0.22609
0.0811
0.0601
0.07569
0.2803
0.07787
0.05998
0.07987
0.21479
0.06324
0.0543
0.11845
0.21198
0.07389
0.05486
0.0798
0.21639
0.06334
0.05047
0.08265
0.22914
0.08841
0.05891
0.0672
0.22293
0.1088
0.05803
0.04845
0.10662
0.2504
0.08549
0.04676
0.10884
0.23833
0.08383
0.05742
0.07159
0.23849
0.1013
0.05718
0.04699
0.10931
0.24732
0.06703
0.05154
0.07385
0.23826
0.08124
0.05783
0.07811
0.20301
0.15213
0.05605
0.04845
0.10983
0.21007
0.06476
0.05304
0.07012
0.23155
0.06984
0.05349
0.04068
0.15813
0.24065
0.07915
0.05451
0.04527
0.08053
0.21899
0.06991
0.04818
0.08969
0.21416
0.06195
0.04958
0.13533
0.19687
0.0592
0.05204
0.08767
0.24072
0.08922
0.05811
0.04876
0.10995
0.22214
0.0765
0.05106
0.05418
0.18811
0.12179
0.05177
0.05583
0.23187
0.10502
0.05592
0.04193
0.06684
0.20848
0.06516
0.05349
0.04703
0.19572
0.154
0.05371
0.04687
0.14387
0.14094
0.05545
0.04543
0.17136
0.13839
0.0553
0.04774
0.11372
0.18846
0.05777
0.05136
0.12069
0.22644
0.06287
0.04659
0.04647
0.22553
0.10933
0.05766
0.04344
0.09619
0.21966
0.0613
0.04755
0.08038
0.21118
0.0655
0.04931
0.05286
0.21177
0.07689
0.05128
0.04035
0.2194
0.11038
0.05392
0.04646
0.12086
0.18338
0.05579
0.04788
0.08087
0.23073
0.07546
0.05692
0.0507
0.13531
0.14236
0.05758
0.04264
0.07807
0.23345
0.06689
0.05038
0.04071
0.20545
0.15049
0.05286
0.04332
0.05191
0.22577
0.08125
0.0514
0.04729
0.18345
0.15182
0.05329
0.04725
0.07623
0.19015
0.06511
0.04945
0.04253
0.26301
0.08249
0.05244
0.06143
0.10712
0.21493
0.07443
0.04805
0.04037
0.03759
0.21515
0.09596
0.05635
0.05921
0.08438
0.26196
0.07095
0.04643
0.04972
0.13072
0.1835
0.05742
0.04732
0.04153
0.10811
0.22521
0.05692
0.04232
0.06101
0.21752
0.05754
0.0459
0.03864
0.16247
0.12468
0.04884
0.04599
0.1667
0.15017
0.05051
0.04433
0.08701
0.23289
0.05084
0.04454
0.04355
0.1893
0.08408
0.04788
0.0375
0.11326
0.17697
0.06209
0.04766
0.03795
0.14275
0.12162
0.0538
0.05937
0.14973
0.16236
0.05068
0.04215
0.03528
0.19139
0.10016
0.05164
0.03544
0.11778
0.17332
0.04426
0.04779
0.12916
0.14894
0.04677
0.04008
0.04616
0.29915
0.07155
0.0506
0.04288
0.07283
0.18286
0.05733
0.04443
0.0354
0.04122
0.24846
0.06299
0.04672
0.0385
0.03733
0.20082
0.07101
0.04426
0.04076
0.13964
0.16426
0.05169
0.03928
0.03683
0.16789
0.14605
0.04684
0.0371
0.06211
0.18881
0.04937
0.04203
0.09543
0.19687
0.05186
0.04
0.04925
0.22057
0.08164
0.04507
0.03957
0.11421
0.18051
0.04742
0.03914
0.03704
0.17458
0.07191
0.047
0.04012
0.11987
0.15706
0.0445
0.03333
0.0349
0.21372
0.18591
0.05371
0.04041
0.03909
0.17085
0.14723
0.04759
0.04009
0.03366
0.18727
0.13218
0.04843
0.03843
0.07391
0.16736
0.04254
0.03512
0.11438
0.21681
0.05322
0.04217
0.03917
0.12739
0.13287
0.03953
0.03684
0.13954
0.14213
0.04471
0.0394
0.04333
0.23847
0.09438
0.04526
0.03748
0.03256
0.1709
0.08957
0.03997
0.03088
0.14603
0.14342
0.04048
0.04814
0.13768
0.14
0.04297
0.0373
0.05978
0.2555
0.06694
0.04226
0.03337
0.033
0.22352
0.10129
0.04718
0.03666
0.05486
0.17214
0.10582
0.04117
0.0371
0.06999
0.19692
0.04567
0.03665
0.0405
0.1783
0.06908
0.0397
0.03081
0.08888
0.2094
0.04855
0.0381
0.03654
0.14325
0.12522
0.04258
0.03467
0.03015
0.2216
0.10373
0.0414
0.03393
0.06466
0.1611
0.04512
0.03205
0.05633
0.19303
0.05738
0.0407
0.03314
0.03319
0.24132
0.10125
0.04506
0.03887
0.03153
0.08688
0.1553
0.04612
0.03587
0.02883
0.06055
0.22861
0.05871
0.03789
0.03332
0.02728
0.16206
0.12854
0.04213
0.03515
0.04786
0.23
0.0483
0.03998
0.0319
0.13774
0.09436
0.0372
0.03419
0.12019
0.17227
0.04049
0.03502
0.03145
0.12357
0.12415
0.04308
0.03528
0.05174
0.22761
0.05621
0.03814
0.03112
0.0565
0.19506
0.05428
0.04385
0.03344
0.0855
0.2186
0.04404
0.03886
0.03496
0.04352
0.22005
0.05219
0.03834
0.03364
0.11938
0.12452
0.04205
0.03287
0.04625
0.20204
0.04996
0.03489
0.02768
0.06767
0.24311
0.05167
0.0386
0.03135
0.03737
0.14559
0.085
0.03625
0.03174
0.12991
0.15654
0.04229
0.03474
0.02904
0.06155
0.19513
0.04155
0.03446
0.05398
0.17181
0.04701
0.03482
0.02692
0.04767
0.17831
0.04817
0.03333
0.02964
0.15767
0.11691
0.04718
0.03598
0.03149
0.07307
0.20335
0.04398
0.03313
0.03172
0.17598
0.10347
0.03747
0.02928
0.07191
0.07368
0.02868
0.02624
0.16549
0.10491
0.03848
0.0304
0.03291
0.15564
0.10246
0.03628
0.02728
0.03938
0.15886
0.06137
0.03474
0.02848
0.05014
0.25887
0.08102
0.04228
0.03108
0.02642
0.06964
0.16875
0.04515
0.03181
0.02945
0.10425
0.15083
0.03939
0.03365
0.03913
0.20545
0.08542
0.0431
0.03485
0.0245
0.06145
0.19526
0.04317
0.03605
0.02609
0.0883
0.1909
0.04027
0.03211
0.03115
0.08315
0.1738
0.03745
0.03178
0.02537
0.02058
0.12701
0.17364
0.04553
0.03488
0.02526
0.09906
0.15874
0.03806
0.02985
0.02481
0.15757
0.13294
0.03806
0.02995
0.03037
0.0354
0.19481
0.05082
0.03334
0.02822
0.04599
0.18969
0.06993
0.03812
0.03103
0.08779
0.13902
0.03404
0.02952
0.06026
0.17869
0.03842
0.0321
0.02607
0.03537
0.21502
0.04529
0.03249
0.02563
0.02962
0.19729
0.0657
0.0361
0.02724
0.02713
0.19149
0.0762
0.03317
0.02855
0.05283
0.21113
0.0435
0.03281
0.02571
0.10308
0.14492
0.03376
0.02701
0.0242
0.05395
0.24271
0.04656
0.03723
0.02594
0.03953
0.17901
0.04207
0.02855
0.03398
0.16278
0.04974
0.03137
0.02486
0.02769
0.23127
0.05791
0.03877
0.02856
0.05098
0.15678
0.04116
0.03036
0.02376
0.03863
0.20964
0.05212
0.03169
0.02467
0.08261
0.13355
0.03635
0.02736
0.0284
0.14592
0.05676
0.02956
0.03104
0.13945
0.10634
0.04396
0.03144
0.0266
0.10175
0.10856
0.03389
0.03129
0.02513
0.14445
0.09499
0.03354
0.0318
0.0303
0.16655
0.08816
0.03735
0.03074
0.02214
0.04875
0.16191
0.03868
0.02818
0.03119
0.16364
0.1125
0.03986
0.02816
0.02341
0.02379
0.202
0.04839
0.03194
0.03013
0.06446
0.17865
0.03548
0.03011
0.02422
0.02383
0.17508
0.06379
0.03384
0.02718
0.02887
0.21514
0.07358
0.03815
0.027
0.02653
0.14772
0.07268
0.03289
0.0262
0.03665
0.18221
0.03648
0.02857
0.02262
0.03694
0.18465
0.03433
0.02769
0.02285
0.03812
0.17428
0.03271
0.03168
0.02603
0.18403
0.06736
0.03153
0.02523
0.02977
0.12927
0.14518
0.0393
0.02982
0.02127
0.06317
0.1187
0.03074
0.02708
0.06164
0.18674
0.04061
0.02994
0.02655
0.01955
0.04373
0.17926
0.04238
0.03357
0.02491
0.02839
0.14188
0.08922
0.03169
0.02528
0.02089
0.02469
0.20151
0.05324
0.0315
0.0281
0.07398
0.12028
0.02833
0.02481
0.02068
0.04338
0.17304
0.03601
0.02619
0.02419
0.12688
0.11187
0.03621
0.02775
0.02188
0.01667
0.17194
0.07352
0.0332
0.02466
0.01995
0.09496
0.13926
0.03364
0.02649
0.01854
0.07018
