0.00098
0.00281
0.19784
0.22525
0.15189
0.03824
0.06266
0.06116
0.06528
0.12255
0.15478
0.08872
0.07736
0.06504
0.10171
0.10326
0.07619
0.06183
0.05545
0.04633
0.05212
0.0626
0.06609
0.05373
0.05188
0.09064
0.06514
0.04387
0.06736
0.05085
0.05658
0.0478
0.04066
0.08365
0.05401
0.04747
0.04657
0.04513
0.05762
0.04079
0.04167
0.04327
0.04936
0.04854
0.03995
0.04296
0.04171
0.04616
0.0334
0.02616
0.03956
0.03973
0.03401
0.03148
0.02914
0.03636
0.03214
0.02775
0.03994
0.02966
0.03017
0.02379
0.03392
0.03209
0.03081
0.02751
0.02143
0.03625
0.02357
0.02583
0.03028
0.02311
0.02262
0.04165
0.02206
0.04192
0.02393
0.02305
0.02808
0.034
0.03106
0.02534
0.02242
0.04404
0.02313
0.03013
0.03112
0.03208
0.03211
0.05439
0.03539
0.02841
0.03277
0.02322
0.03158
0.03675
0.02458
0.02526
0.03286
0.02633
0.0235
0.02512
0.02301
0.02956
0.03262
0.03397
0.02444
0.03352
0.03375
0.0304
0.02791
0.02827
0.02619
0.03226
0.03904
0.03789
0.05064
0.04529
0.06934
0.04973
0.05077
0.05226
0.06408
0.0618
0.05382
0.06143
0.06747
0.06074
0.06845
0.06882
0.11319
0.07311
0.06474
0.07759
0.06333
0.12947
0.06837
0.09525
0.06879
0.08217
0.08762
0.06923
0.13232
0.08686
0.08576
0.09491
0.08095
0.0905
0.07322
0.08986
0.08356
0.07033
0.11528
0.07534
0.08898
0.07274
0.07597
0.10239
0.07876
0.08054
0.06733
0.07054
0.07413
0.07632
0.06982
0.07334
0.15423
0.08931
0.09487
0.08499
0.06391
0.09756
0.06128
0.08213
0.08956
0.07239
0.06604
0.07303
0.06905
0.06994
0.14035
0.06794
0.0699
0.0884
0.06632
0.06791
0.08515
0.05584
0.05149
0.11028
0.0708
0.05431
0.0768
0.06622
0.09548
0.06275
0.07285
0.09328
0.07678
0.04846
0.10514
0.07324
0.08941
0.07557
0.06878
0.06678
0.0702
0.08345
0.05614
0.13053
0.06967
0.07164
0.07997
0.05243
0.06606
0.058
0.10447
0.06019
0.10633
0.05603
0.09548
0.05978
0.05612
0.05698
0.07461
0.09564
0.06228
0.06225
0.07577
0.07822
0.08748
0.08507
0.0507
0.05004
0.09693
0.06095
0.07478
0.04495
0.11557
0.06705
0.07104
0.09552
0.08862
0.05094
0.09088
0.04978
0.05694
0.09742
0.05104
0.07902
0.06306
0.07012
0.06191
0.06252
0.07955
0.07587
0.09779
0.04907
0.04479
0.08229
0.10598
0.0428
0.06693
0.0567
0.03731
0.10964
0.05235
0.07894
0.05143
0.09517
0.05119
0.08745
0.03844
0.07718
0.03827
0.09815
0.12848
0.10176
0.05751
0.04635
0.09793
0.0682
0.03893
0.10015
0.08195
0.09165
0.06685
0.09607
0.06347
0.05261
0.12071
0.07986
0.06602
0.10499
0.05689
0.04079
0.09638
0.04537
0.04652
0.07563
0.15949
0.05634
0.092
0.05959
0.09604
0.08881
0.04898
0.05489
0.0894
0.09413
0.08206
0.04217
0.0677
0.09226
0.0628
0.03304
0.06048
0.05646
0.08351
0.06714
0.06633
0.10064
0.05216
0.05867
0.06258
0.04111
0.08003
0.08606
0.0631
0.05134
0.04735
0.07285
0.10421
0.05032
0.10745
0.12777
0.05459
0.06096
0.05162
0.0872
0.10289
0.08815
0.09497
0.06068
0.05737
0.07515
0.03598
0.09878
0.03049
0.08416
0.04445
0.08822
0.07012
0.03246
0.07502
0.08334
0.13058
0.05778
0.06879
0.08951
0.03902
0.0661
0.03055
0.0919
0.10736
0.07606
0.03819
0.13295
0.06374
0.03473
0.0455
0.06481
0.02704
0.10156
0.07259
0.0276
0.08326
0.07711
0.05219
0.05765
0.0367
0.09806
0.05644
0.03542
0.05202
0.08604
0.08835
0.04432
0.03109
0.06169
0.0586
0.07182
0.02792
0.08214
0.02775
0.05447
0.03073
0.0833
0.02381
0.08301
0.04639
0.01862
0.07438
0.06876
0.02765
0.08235
0.06475
0.03114
0.13758
0.04155
0.03797
0.08639
0.0737
0.12604
0.0711
0.02865
0.03184
0.10458
0.02719
0.05896
0.08193
0.0331
0.16032
0.03774
0.06295
0.06538
0.0575
0.06758
0.05069
0.04458
0.05189
0.02928
0.06189
0.06049
0.06094
0.04312
0.02309
0.08934
0.08149
0.06686
0.02094
0.05884
0.02149
0.1013
0.05985
0.04563
0.02784
0.07769
0.02087
0.08852
0.06147
0.04174
0.08765
0.10587
0.03612
0.05754
0.03369
0.02121
0.02165
0.03001
0.01934
0.17066
0.03907
0.08083
0.0241
0.07033
0.04673
0.07174
0.02144
0.08514
0.02128
0.06002
0.01954
0.09072
0.07394
0.08158
0.02209
0.09945
0.06375
0.02558
0.05847
0.02712
0.10041
0.02053
0.10824
0.05106
0.04437
0.06194
0.02605
0.13997
0.05154
0.04076
0.0204
0.08533
0.0192
0.02208
0.15007
0.0494
0.08842
0.01986
0.02101
0.09555
0.03376
0.07257
0.03067
0.1474
0.07685
0.0995
0.05148
0.06914
0.02976
0.0721
0.02375
0.03304
0.07634
0.02065
0.03176
0.07431
0.03314
0.0915
0.08657
0.1691
0.0312
0.03975
0.04874
0.03648
0.04152
0.07639
0.02132
0.06414
0.02307
0.10039
0.04422
0.0634
0.0312
0.02283
0.07391
0.02239
0.10511
0.01941
0.08266
0.05219
0.01719
0.06895
0.03835
0.01855
0.12518
0.04723
0.0534
0.02269
0.05344
0.04563
0.0355
0.03226
0.05365
0.04399
0.03812
0.10829
0.01723
0.01915
0.07736
0.02373
0.23006
0.05589
0.03498
0.02979
0.04859
0.1631
0.06614
0.09715
0.05743
0.06465
0.06101
0.02868
0.04256
0.04204
0.04165
0.08315
0.03013
0.01753
0.09436
0.02477
0.11056
0.02275
0.06247
0.01882
0.10251
0.05369
0.02241
0.06321
0.01923
0.08749
0.03957
0.01731
0.03574
0.16937
0.10923
0.05768
0.04307
0.05951
0.07184
0.01936
0.10461
0.02991
0.019
0.2295
0.17678
0.09986
0.04074
0.06539
0.03279
0.10638
0.03913
0.02172
0.1237
0.03559
0.02404
0.09864
0.06201
0.08014
0.07196
0.04688
0.08282
0.06984
0.08189
0.02586
0.06719
0.04151
0.02134
0.08484
0.0219
0.07291
0.0397
0.02298
0.05538
0.0171
0.07705
0.01952
0.01766
0.09625
0.03012
0.02365
0.01744
0.10304
0.0337
0.03041
0.06384
0.17115
0.10109
0.02742
0.0741
0.02169
0.02558
0.05153
0.0566
0.04516
0.03996
0.13923
0.02598
0.1218
0.02409
0.05917
0.0332
0.0199
0.07699
0.07465
0.07404
0.06722
0.02091
0.02163
0.0222
0.11749
0.02196
0.0986
0.0291
0.08643
0.08543
0.03003
0.07687
0.04292
0.08472
0.0192
0.0263
0.12985
0.03199
0.04933
0.01876
0.05587
0.01898
0.02026
0.06836
0.01784
0.01657
0.12928
0.0395
0.02322
0.01767
0.11173
0.0555
0.05683
0.03174
0.06774
0.0459
0.04076
0.01563
0.05763
0.01679
0.05003
0.06138
0.04931
0.05947
0.02742
0.01521
0.01767
0.13855
0.04562
0.07376
0.02183
0.09058
0.065
0.02743
0.05758
0.05028
0.01571
0.01751
0.01704
0.01649
0.0917
0.08619
0.01892
0.17771
0.07802
0.0286
0.06833
0.01839
0.03725
0.15169
0.0633
0.0282
0.02156
0.01802
0.13904
0.04274
0.02138
0.02152
0.11032
0.07396
0.03346
0.01832
0.0909
0.02284
0.01824
0.09369
0.08569
0.13488
0.0841
0.03629
0.05821
0.0199
0.07199
0.04537
0.01764
0.15232
0.05349
0.05392
0.03274
0.05913
0.0314
0.07188
0.02865
0.01997
0.05367
0.05382
0.02317
0.01609
0.12076
0.053
0.02443
0.0184
0.03607
0.06533
0.01559
0.01656
0.0147
0.1265
0.02598
0.19323
0.0323
0.02872
0.04689
0.01979
0.05986
0.02117
0.06296
0.02971
0.02511
0.01687
0.01762
0.05713
0.03096
0.06521
0.0203
0.05917
0.05276
0.0178
0.10819
0.08918
0.07196
0.03926
0.05155
0.01994
0.01655
0.06646
0.01792
0.02065
0.0169
0.16637
0.04703
0.04906
0.01966
0.04034
0.05462
0.03026
0.04937
0.01973
0.05062
0.01501
0.01719
0.15706
0.04256
0.0193
0.06441
0.04752
0.05312
0.02032
0.01391
0.01824
0.09113
0.07202
0.01547
0.0158
0.0927
0.01709
0.03818
0.01521
0.01498
0.01616
0.11069
0.04161
0.01684
0.14586
0.06876
0.09441
0.02148
0.13426
0.03759
0.02275
0.01938
0.07635
0.0328
0.01822
0.08155
0.02067
0.06803
0.08095
0.04762
0.02251
0.0141
0.01842
0.01609
0.12104
0.04582
0.01713
0.0852
0.01761
0.07221
0.03754
0.01664
0.01711
0.05672
0.02732
0.0146
0.03495
0.05227
0.01329
0.07173
0.02099
0.09965
0.09165
0.01908
0.02318
0.05302
0.0222
0.01724
0.08253
0.02864
0.08186
0.04917
0.03319
0.01275
0.0784
0.06162
0.01867
0.01401
0.06634
0.02677
0.01693
0.01583
0.09593
0.04728
0.01908
0.07674
0.03505
0.01885
0.07291
0.01966
0.01534
0.06184
0.01536
0.01462
0.04615
0.03015
0.01379
0.014
0.10189
0.05589
0.0239
0.07133
0.0457
0.018
0.01736
0.03667
0.01469
0.08974
0.0324
0.01478
0.04679
0.0143
0.05437
0.0134
0.05322
0.05126
0.01299
0.01482
0.05205
0.02791
0.01349
0.01253
0.01614
0.04003
0.01057
0.01522
0.04249
0.01029
0.01036
0.01018
0.10517
0.03879
0.01348
0.04261
0.02297
0.0131
0.06366
0.01469
0.01258
0.03459
0.01006
0.05532
0.09696
0.04544
0.0288
0.04494
0.02563
0.01272
0.01129
0.05627
0.02522
0.04457
0.01186
0.05012
0.01217
0.00991
0.0565
0.01189
0.02287
0.01231
0.07525
0.03056
0.01814
0.09992
0.02989
0.01579
0.05858
0.01454
0.06573
0.06507
0.03287
0.05502
0.02012
0.01268
