0.88774
0.8239
0.6265
0.62852
0.74649
0.80416
0.81492
0.79565
0.80165
0.76825
0.68064
0.7266
0.74444
0.74326
0.73971
0.72931
0.75527
0.77054
0.76955
0.7909
0.77985
0.7678
0.76027
0.78516
0.79037
0.75895
0.77899
0.80104
0.7878
0.80881
0.80257
0.80775
0.82889
0.75667
0.80606
0.81854
0.83305
0.83123
0.81615
0.83987
0.84092
0.83235
0.84007
0.84259
0.85999
0.83973
0.85244
0.86075
0.85045
0.86251
0.86105
0.85279
0.84624
0.84725
0.87136
0.86536
0.85983
0.88229
0.86471
0.86404
0.86574
0.88906
0.87347
0.87371
0.89303
0.86416
0.87691
0.84638
0.88595
0.89035
0.86513
0.88702
0.89046
0.85028
0.86482
0.86442
0.87634
0.89809
0.89554
0.87662
0.88006
0.89038
0.89821
0.87137
0.90175
0.87073
0.8556
0.89402
0.90038
0.85558
0.88281
0.88077
0.87569
0.87431
0.88383
0.89014
0.91073
0.89655
0.88301
0.88134
0.91283
0.8969
0.90231
0.89368
0.88816
0.89434
0.92212
0.89068
0.8951
0.8995
0.89543
0.90044
0.9005
0.88342
0.8719
0.87989
0.88181
0.88518
0.85214
0.87208
0.88387
0.88925
0.85866
0.84432
0.86195
0.85144
0.86252
0.87771
0.856
0.85614
0.81411
0.84971
0.8806
0.86596
0.88214
0.81796
0.87047
0.85745
0.88489
0.87311
0.86449
0.88481
0.81697
0.85481
0.87114
0.85744
0.86723
0.85854
0.88248
0.86215
0.87111
0.89004
0.83427
0.87943
0.86357
0.87606
0.90097
0.83668
0.86025
0.88167
0.89178
0.89185
0.88716
0.88067
0.8856
0.88283
0.80841
0.84267
0.86961
0.85793
0.89828
0.85394
0.9009
0.87122
0.86795
0.88145
0.88527
0.87864
0.88403
0.88886
0.81636
0.87898
0.88098
0.86732
0.89009
0.88788
0.85952
0.89938
0.9163
0.83234
0.88849
0.8963
0.89331
0.88693
0.86931
0.88974
0.88455
0.85771
0.87992
0.91246
0.84136
0.87266
0.87003
0.88438
0.88736
0.89641
0.88658
0.86769
0.90665
0.81843
0.88865
0.88797
0.87097
0.91576
0.89259
0.90754
0.85321
0.90374
0.84769
0.89102
0.86139
0.89844
0.91269
0.90681
0.88579
0.86925
0.89715
0.90709
0.88889
0.88395
0.86714
0.88229
0.91409
0.92013
0.85661
0.90304
0.88512
0.93241
0.83725
0.88738
0.89754
0.86674
0.87634
0.9154
0.8522
0.91222
0.91095
0.86074
0.92295
0.88948
0.89853
0.89433
0.89569
0.9114
0.87789
0.89009
0.85893
0.91915
0.93315
0.8841
0.84344
0.93451
0.89383
0.91629
0.93907
0.85336
0.91587
0.88379
0.92231
0.86208
0.92528
0.88452
0.93754
0.89591
0.93899
0.86568
0.82115
0.83903
0.89961
0.93417
0.87084
0.89686
0.9407
0.85407
0.87401
0.87762
0.89059
0.86844
0.90996
0.91349
0.83505
0.88123
0.90161
0.85692
0.91791
0.93495
0.88258
0.92129
0.9313
0.89262
0.77739
0.91188
0.87029
0.92092
0.84564
0.86495
0.91078
0.92469
0.8789
0.86326
0.88954
0.9311
0.89682
0.86193
0.89865
0.94481
0.90729
0.93514
0.87217
0.90502
0.90383
0.85641
0.91277
0.90812
0.90618
0.94083
0.88827
0.8841
0.89831
0.92416
0.92845
0.9039
0.85574
0.91467
0.83411
0.83724
0.89501
0.90889
0.91472
0.86986
0.85143
0.89037
0.84557
0.9172
0.91084
0.89022
0.94112
0.85609
0.94408
0.89449
0.92376
0.87369
0.89726
0.9496
0.89797
0.89825
0.81011
0.89841
0.90402
0.87891
0.93905
0.901
0.95799
0.86712
0.85305
0.88842
0.94186
0.79948
0.90374
0.9472
0.94701
0.89568
0.95866
0.85889
0.89222
0.95748
0.88229
0.89241
0.92281
0.90597
0.94737
0.87303
0.9208
0.94419
0.92812
0.87413
0.86372
0.92295
0.95044
0.90923
0.91304
0.89369
0.95309
0.87746
0.95485
0.91668
0.95354
0.87824
0.96117
0.88147
0.92515
0.96554
0.87726
0.89591
0.94326
0.90246
0.88502
0.95277
0.82323
0.93123
0.9478
0.89546
0.88746
0.81402
0.88642
0.95032
0.95991
0.84707
0.9555
0.91004
0.89228
0.94194
0.7938
0.93349
0.91332
0.90346
0.90399
0.89434
0.92451
0.925
0.92343
0.95352
0.90512
0.9113
0.92163
0.92062
0.96307
0.88082
0.88945
0.88775
0.96413
0.91811
0.96597
0.87599
0.89236
0.92612
0.96024
0.87943
0.96203
0.87997
0.90682
0.93331
0.87304
0.83029
0.93374
0.91973
0.9438
0.9685
0.96446
0.95086
0.96888
0.77285
0.92792
0.87824
0.95651
0.90772
0.92269
0.9006
0.95971
0.87976
0.96629
0.91836
0.96649
0.87912
0.89263
0.87241
0.95617
0.87737
0.89221
0.96186
0.92144
0.96071
0.86352
0.96576
0.84404
0.9111
0.94271
0.89888
0.96203
0.81891
0.91088
0.92731
0.96765
0.88326
0.96908
0.96643
0.81595
0.93
0.8623
0.96154
0.96314
0.86422
0.94416
0.89636
0.94898
0.82322
0.85942
0.85327
0.925
0.88589
0.95229
0.90065
0.96034
0.94798
0.89246
0.96958
0.95744
0.89728
0.9495
0.88483
0.86524
0.7791
0.93819
0.9344
0.93401
0.95577
0.9264
0.90165
0.96288
0.90585
0.96345
0.86879
0.92545
0.90803
0.94835
0.96816
0.89594
0.96709
0.86249
0.96965
0.88934
0.91836
0.97057
0.90841
0.9396
0.97138
0.84021
0.91466
0.91285
0.96835
0.91745
0.93422
0.94067
0.9486
0.91991
0.92831
0.95695
0.83865
0.9696
0.97308
0.89996
0.95743
0.71073
0.88725
0.94429
0.95538
0.9528
0.76732
0.90452
0.84862
0.91759
0.91742
0.90689
0.96063
0.93313
0.95522
0.93195
0.8886
0.95305
0.97139
0.87171
0.96057
0.83801
0.96646
0.9058
0.97074
0.87974
0.90893
0.96052
0.91025
0.96768
0.88952
0.93968
0.97333
0.96718
0.76975
0.85674
0.88208
0.92605
0.9226
0.88986
0.96889
0.86643
0.95154
0.97115
0.73718
0.74349
0.84338
0.92403
0.9057
0.95374
0.86114
0.94118
0.96925
0.83537
0.94056
0.96745
0.87575
0.9142
0.88433
0.89974
0.91475
0.87195
0.89266
0.88224
0.96017
0.90527
0.93354
0.96926
0.88467
0.96691
0.90904
0.93664
0.9641
0.91783
0.97342
0.8905
0.97132
0.97332
0.87023
0.94931
0.9645
0.97407
0.87676
0.93857
0.96742
0.8987
0.82079
0.82973
0.95446
0.89428
0.9685
0.96306
0.93959
0.91965
0.9349
0.95676
0.80873
0.95746
0.82569
0.95516
0.91968
0.94819
0.97059
0.90467
0.88795
0.91941
0.88254
0.96495
0.96851
0.97017
0.8454
0.9675
0.86375
0.95151
0.89279
0.87348
0.95114
0.88735
0.92983
0.88087
0.96828
0.96463
0.82318
0.94117
0.92759
0.97033
0.92256
0.96803
0.97411
0.90242
0.97449
0.97554
0.83203
0.9376
0.96369
0.97228
0.85192
0.92019
0.923
0.94647
0.8994
0.92637
0.9352
0.97681
0.92267
0.97069
0.93744
0.90273
0.93047
0.89628
0.9561
0.97505
0.97536
0.8179
0.92936
0.89158
0.96841
0.89865
0.90213
0.95203
0.91964
0.92246
0.97723
0.97554
0.97705
0.9766
0.89558
0.87749
0.96861
0.77517
0.87894
0.95244
0.90102
0.96959
0.96189
0.77787
0.90187
0.95562
0.9596
0.97361
0.82283
0.92905
0.96858
0.96971
0.87505
0.89665
0.94662
0.97113
0.88408
0.96478
0.97379
0.88822
0.87425
0.82594
0.8717
0.95182
0.90428
0.97183
0.90097
0.93668
0.97401
0.80117
0.92166
0.9276
0.94403
0.92462
0.9512
0.90012
0.95387
0.97164
0.92894
0.92463
0.96606
0.97667
0.84229
0.91504
0.95977
0.97474
0.96494
0.89658
0.97792
0.97689
0.97779
0.83282
0.95862
0.75775
0.94557
0.9585
0.93684
0.97078
0.91542
0.97052
0.91702
0.95464
0.96296
0.97736
0.97474
0.91913
0.96111
0.91206
0.97051
0.92793
0.92255
0.972
0.87146
0.86514
0.89761
0.92486
0.9207
0.96903
0.97317
0.90442
0.97069
0.97164
0.97777
0.79484
0.93801
0.93084
0.97228
0.93916
0.92708
0.95762
0.92563
0.97194
0.93074
0.97575
0.97611
0.79975
0.93268
0.97209
0.91
0.93839
0.92793
0.96575
0.98006
0.97565
0.89089
0.88965
0.97617
0.97699
0.87456
0.97334
0.94999
0.9744
0.97913
0.97744
0.86108
0.94073
0.97664
0.80095
0.9091
0.84933
0.9631
0.8269
0.93232
0.96566
0.97221
0.89682
0.94773
0.97505
0.88573
0.96871
0.90318
0.89165
0.92401
0.96651
0.97313
0.97236
0.97819
0.84585
0.92892
0.97366
0.88235
0.97012
0.89479
0.94502
0.97332
0.97581
0.92574
0.96007
0.97932
0.9502
0.92831
0.97931
0.8938
0.9692
0.87932
0.85209
0.9705
0.96602
0.92484
0.96794
0.97653
0.89196
0.96019
0.89303
0.91716
0.95181
0.97878
0.8977
0.91647
0.96639
0.9776
0.90579
0.95826
0.9758
0.97602
0.88238
0.92623
0.97287
0.89662
0.94635
0.97224
0.9023
0.96817
0.97891
0.91432
0.9758
0.97866
0.94223
0.94799
0.97942
0.98104
0.88347
0.91167
0.96192
0.90024
0.92643
0.97043
0.97704
0.94764
0.97945
0.88595
0.94614
0.97691
0.9342
0.97765
0.92642
0.97857
0.92439
0.92093
0.97866
0.97786
0.93365
0.94738
0.97806
0.98018
0.98064
0.94506
0.98466
0.97921
0.93618
0.98307
0.98265
0.98504
0.86952
0.93958
0.9776
0.94246
0.96062
0.98174
0.9167
0.97636
0.98136
0.95188
0.98395
0.93094
0.87841
0.92152
0.95022
0.92612
0.95653
0.98036
0.98231
0.91801
0.96442
0.93582
0.97992
0.92907
0.97521
0.98422
0.92737
0.97977
0.96718
0.98051
0.89708
0.95068
0.97421
0.8698
0.95712
0.97743
0.91305
0.9778
0.92587
0.89867
0.95046
0.92179
0.97043
0.98157
