0.20207
0.16527
0.34802
0.35249
0.25295
0.17774
0.17794
0.1923
0.19289
0.22281
0.31352
0.26871
0.24656
0.2599
0.24123
0.26395
0.24476
0.2263
0.22379
0.20761
0.21761
0.21756
0.23909
0.20514
0.20832
0.24203
0.21475
0.19199
0.20852
0.18427
0.19838
0.17839
0.17323
0.24154
0.17881
0.18421
0.16138
0.16263
0.18043
0.15548
0.15072
0.17761
0.15074
0.15645
0.13973
0.15131
0.14749
0.13583
0.14928
0.13393
0.13677
0.14249
0.15858
0.14403
0.12771
0.13031
0.13899
0.11332
0.13579
0.13504
0.12359
0.11393
0.12487
0.12544
0.10434
0.13519
0.1255
0.14799
0.11102
0.10718
0.12944
0.11421
0.1073
0.14779
0.13117
0.13655
0.12134
0.10075
0.10283
0.12064
0.11843
0.11103
0.09892
0.12724
0.09532
0.13336
0.14353
0.10019
0.10077
0.13922
0.11212
0.12546
0.11939
0.12777
0.10966
0.11238
0.08664
0.10254
0.11422
0.10901
0.09276
0.10002
0.09876
0.10573
0.11008
0.10301
0.08063
0.10144
0.10724
0.09811
0.10413
0.105
0.09489
0.11614
0.13262
0.11288
0.11805
0.11011
0.15689
0.11971
0.11582
0.10734
0.14025
0.15592
0.13614
0.1491
0.13664
0.12078
0.14693
0.14137
0.18196
0.15734
0.11815
0.13038
0.11977
0.19278
0.12363
0.14278
0.11333
0.12512
0.14103
0.11406
0.18253
0.14671
0.12841
0.14177
0.12928
0.14046
0.11632
0.13802
0.12861
0.10984
0.16877
0.11786
0.13964
0.11992
0.09198
0.1631
0.15172
0.11675
0.10426
0.10376
0.11655
0.11897
0.11222
0.11812
0.19703
0.15606
0.13849
0.1379
0.09488
0.1456
0.09774
0.12741
0.1325
0.11647
0.1136
0.12304
0.11843
0.10868
0.18586
0.11945
0.11906
0.13013
0.10813
0.11349
0.13946
0.10037
0.08281
0.16808
0.11892
0.09558
0.11582
0.1045
0.13561
0.10666
0.11478
0.14162
0.11459
0.09061
0.16196
0.12692
0.12342
0.11483
0.11625
0.10346
0.11196
0.12934
0.09185
0.18852
0.11039
0.11051
0.12785
0.0836
0.10641
0.09233
0.14674
0.09277
0.16449
0.09837
0.13583
0.1055
0.08739
0.0918
0.1165
0.12944
0.10623
0.09165
0.11018
0.11372
0.1322
0.11578
0.09033
0.08113
0.13949
0.09762
0.11395
0.066
0.16289
0.10888
0.10321
0.13596
0.12023
0.08807
0.14528
0.08982
0.08861
0.13566
0.0785
0.10908
0.10106
0.11409
0.09837
0.0815
0.12628
0.10769
0.14453
0.08215
0.06449
0.11415
0.15057
0.07296
0.10773
0.0816
0.06085
0.1418
0.08901
0.11646
0.07732
0.13788
0.07413
0.11498
0.06475
0.10217
0.06147
0.13195
0.1806
0.17193
0.09018
0.06696
0.12804
0.10259
0.06122
0.14669
0.12404
0.1151
0.11783
0.13034
0.08567
0.08992
0.16243
0.12045
0.09528
0.14574
0.08691
0.06229
0.11782
0.07885
0.06736
0.10482
0.22469
0.08939
0.12853
0.06792
0.16603
0.13426
0.09066
0.07287
0.12003
0.1367
0.10773
0.07461
0.10099
0.13671
0.10112
0.0558
0.09042
0.05642
0.1356
0.09356
0.09717
0.14676
0.08744
0.09155
0.09475
0.0597
0.10989
0.11165
0.10656
0.0745
0.07115
0.09117
0.14544
0.09667
0.1596
0.15652
0.11205
0.07689
0.09937
0.12949
0.1431
0.12453
0.14696
0.08482
0.08914
0.10332
0.06368
0.13586
0.06177
0.1047
0.07652
0.1264
0.10061
0.05348
0.09638
0.09014
0.20202
0.10546
0.09475
0.11887
0.06414
0.09621
0.0444
0.1347
0.14451
0.10961
0.06781
0.19296
0.09663
0.05156
0.06463
0.09326
0.04216
0.1388
0.10862
0.04353
0.11579
0.11328
0.05616
0.1101
0.05178
0.12506
0.08051
0.05696
0.06745
0.12616
0.13965
0.07649
0.0511
0.09005
0.08217
0.1081
0.05019
0.11828
0.04812
0.08074
0.04844
0.12093
0.03884
0.11842
0.07537
0.0365
0.11815
0.10432
0.05962
0.08323
0.12653
0.04787
0.17289
0.07208
0.04876
0.10118
0.11452
0.19553
0.10825
0.05291
0.0473
0.14255
0.04845
0.08728
0.10295
0.06412
0.2018
0.07044
0.08509
0.09164
0.10177
0.10177
0.07836
0.07428
0.07543
0.05189
0.09251
0.08472
0.06886
0.09285
0.03786
0.11044
0.11623
0.11197
0.03686
0.08015
0.03578
0.11917
0.11412
0.07248
0.03838
0.12109
0.03741
0.11897
0.08831
0.06643
0.13788
0.16318
0.06863
0.07498
0.06096
0.03044
0.03702
0.04843
0.03164
0.22021
0.0804
0.11579
0.0467
0.08452
0.08596
0.09385
0.04633
0.11918
0.03419
0.07938
0.03572
0.11077
0.12109
0.12032
0.04741
0.1182
0.10999
0.03942
0.07687
0.04448
0.13147
0.03583
0.15829
0.08806
0.06427
0.09509
0.03851
0.17566
0.0985
0.06656
0.03408
0.11286
0.03414
0.03289
0.17963
0.0839
0.12691
0.04093
0.03767
0.12812
0.06284
0.10093
0.05495
0.16867
0.14493
0.14464
0.07818
0.11431
0.04929
0.09233
0.04382
0.05229
0.10537
0.03233
0.04127
0.09758
0.05513
0.11229
0.13266
0.22578
0.06532
0.06267
0.06388
0.05704
0.06369
0.09941
0.03511
0.09208
0.03911
0.12856
0.07563
0.08877
0.0549
0.03275
0.10173
0.03334
0.1378
0.03226
0.10841
0.07969
0.02987
0.08742
0.06271
0.02955
0.16203
0.08385
0.09064
0.03907
0.07516
0.05794
0.06977
0.04583
0.08402
0.07072
0.05046
0.15221
0.03247
0.02709
0.09433
0.04259
0.29385
0.11917
0.05311
0.04452
0.03941
0.23437
0.09767
0.15134
0.0847
0.08551
0.08924
0.03725
0.07066
0.03412
0.07816
0.10736
0.04969
0.0293
0.12477
0.04325
0.15388
0.03692
0.09724
0.02957
0.11373
0.09567
0.04111
0.08834
0.03349
0.10527
0.06606
0.02687
0.0285
0.22657
0.14178
0.12574
0.07492
0.07434
0.11153
0.03145
0.12828
0.05312
0.03028
0.25359
0.2605
0.15867
0.08372
0.09031
0.04487
0.13818
0.05924
0.03182
0.16318
0.05879
0.03302
0.12177
0.07417
0.13089
0.09512
0.09508
0.12498
0.10683
0.11763
0.04112
0.08601
0.0718
0.03246
0.1118
0.0355
0.07402
0.07905
0.03633
0.08025
0.02846
0.1067
0.03053
0.02711
0.12386
0.05458
0.03512
0.02527
0.11909
0.0629
0.0314
0.10315
0.18435
0.17826
0.04696
0.10274
0.03427
0.03545
0.04714
0.09275
0.06564
0.03156
0.20016
0.04881
0.16722
0.04961
0.07629
0.05355
0.03023
0.09179
0.11051
0.06913
0.13485
0.03554
0.0307
0.03134
0.1506
0.03425
0.13687
0.05194
0.09859
0.12925
0.04986
0.1048
0.08183
0.11275
0.03502
0.03388
0.17651
0.06143
0.07034
0.03094
0.07601
0.03172
0.02531
0.09804
0.0257
0.02479
0.162
0.06728
0.03679
0.02852
0.14348
0.08436
0.07318
0.05792
0.09706
0.06597
0.07194
0.02425
0.07441
0.03205
0.06338
0.09838
0.06022
0.10997
0.04742
0.02459
0.02462
0.17811
0.07157
0.10903
0.03234
0.09733
0.09015
0.06069
0.08017
0.07487
0.02418
0.0247
0.02301
0.02333
0.08645
0.13742
0.03406
0.21595
0.12205
0.05241
0.09903
0.03239
0.04919
0.20426
0.10115
0.04566
0.04127
0.02685
0.17084
0.07304
0.03255
0.02998
0.11755
0.11038
0.05345
0.02994
0.1146
0.03739
0.02552
0.10261
0.13282
0.17297
0.13089
0.04964
0.09595
0.02973
0.0904
0.07263
0.02621
0.19319
0.07959
0.06312
0.06411
0.07226
0.05274
0.09784
0.04842
0.02895
0.06793
0.07806
0.03684
0.02267
0.155
0.08275
0.0442
0.02588
0.02752
0.10667
0.02383
0.0236
0.02192
0.16338
0.04505
0.23796
0.06065
0.04128
0.06238
0.03102
0.08371
0.03242
0.07733
0.04711
0.0376
0.0239
0.02369
0.0801
0.04143
0.08473
0.03139
0.06353
0.08427
0.02842
0.12378
0.1327
0.10542
0.07859
0.07927
0.03334
0.027
0.09074
0.03215
0.02953
0.02234
0.19959
0.0663
0.06826
0.03314
0.05566
0.07133
0.04688
0.06939
0.03133
0.06917
0.02493
0.02326
0.1924
0.07288
0.02937
0.08501
0.06405
0.06936
0.03621
0.02087
0.02417
0.10496
0.11039
0.02751
0.02282
0.12079
0.02922
0.05017
0.02644
0.02095
0.0209
0.13942
0.06087
0.02272
0.19535
0.10323
0.13869
0.03931
0.16617
0.07211
0.0355
0.02936
0.09477
0.05679
0.02696
0.11245
0.03125
0.09701
0.10612
0.0795
0.03429
0.02924
0.02714
0.02241
0.1505
0.07132
0.02881
0.11445
0.03112
0.10249
0.05414
0.02902
0.02404
0.068
0.0455
0.02116
0.03759
0.08059
0.023
0.10351
0.0352
0.13367
0.12896
0.03251
0.03485
0.07176
0.03516
0.02478
0.10421
0.04299
0.10327
0.08111
0.04984
0.02228
0.09971
0.08486
0.03663
0.02297
0.08837
0.04337
0.02727
0.02357
0.10941
0.07992
0.03032
0.09654
0.05542
0.0292
0.09404
0.03479
0.02156
0.08461
0.02464
0.02123
0.04591
0.0629
0.02037
0.01932
0.1085
0.0964
0.04043
0.09637
0.0719
0.03262
0.0218
0.05295
0.02171
0.10928
0.05746
0.02397
0.06223
0.02435
0.07521
0.02198
0.07389
0.07995
0.02173
0.02222
0.06817
0.04897
0.02188
0.02059
0.0188
0.05474
0.01618
0.0205
0.06093
0.0181
0.01771
0.01481
0.12596
0.06506
0.02304
0.0543
0.03866
0.01979
0.08285
0.02474
0.01911
0.04826
0.01644
0.06755
0.11113
0.08933
0.05283
0.07262
0.04453
0.02072
0.01763
0.07789
0.03902
0.06157
0.02075
0.0684
0.02868
0.0157
0.06923
0.02154
0.03333
0.02048
0.09744
0.05354
0.02797
0.12118
0.04817
0.02407
0.08359
0.02285
0.06908
0.10407
0.04956
0.08033
0.03041
0.01964
