0.62001
0.96839
1.27713
1.10293
0.76493
0.5826
0.50667
0.60586
0.55457
0.70498
1.10965
0.79211
0.73707
0.80221
0.73305
0.80082
0.72444
0.66621
0.69505
0.61434
0.66376
0.69842
0.74315
0.5667
0.59707
0.83736
0.61929
0.51889
0.63849
0.51288
0.56607
0.5385
0.45891
0.89616
0.50022
0.492
0.42793
0.44672
0.53604
0.4154
0.45921
0.51997
0.43958
0.42956
0.36879
0.51792
0.39795
0.38221
0.48456
0.38224
0.37268
0.45612
0.4855
0.46587
0.33544
0.35223
0.42959
0.30031
0.4464
0.40859
0.37534
0.30314
0.35696
0.34664
0.27408
0.42902
0.38058
0.55459
0.31182
0.27776
0.50879
0.31311
0.29707
0.58532
0.40143
0.46815
0.35748
0.25568
0.28409
0.40674
0.37838
0.32773
0.28567
0.48988
0.25508
0.48831
0.55755
0.26745
0.26491
0.59564
0.35882
0.40858
0.36543
0.47916
0.33235
0.32374
0.21651
0.28998
0.43581
0.36691
0.23676
0.33591
0.27651
0.33343
0.34453
0.33737
0.19862
0.30432
0.33984
0.30208
0.33626
0.44475
0.33712
0.41235
0.52458
0.36844
0.35711
0.31729
0.6335
0.3555
0.34221
0.29689
0.53095
0.56856
0.41782
0.49627
0.4149
0.33397
0.48675
0.4396
0.72978
0.47631
0.3295
0.38558
0.31338
1.20119
0.31819
0.42683
0.29048
0.33915
0.44184
0.28759
0.85066
0.39062
0.33346
0.44001
0.38651
0.4089
0.30571
0.45757
0.40407
0.27494
0.75043
0.31268
0.44513
0.34267
0.23217
0.68255
0.45034
0.35211
0.26567
0.27504
0.32097
0.34781
0.31597
0.33321
0.97188
0.47106
0.44814
0.41872
0.24142
0.53795
0.24037
0.45226
0.41225
0.3356
0.32842
0.40143
0.33289
0.31801
0.84507
0.30341
0.32319
0.4293
0.29127
0.31664
0.54469
0.24694
0.19417
0.72942
0.32012
0.25257
0.29674
0.30439
0.48972
0.2808
0.34082
0.5257
0.33826
0.22076
0.68816
0.39312
0.47617
0.34804
0.31406
0.28224
0.32628
0.45809
0.24261
1.13132
0.29418
0.30099
0.38377
0.20089
0.29718
0.23235
0.53584
0.23356
0.58781
0.27596
0.61524
0.26787
0.20855
0.23546
0.39214
0.5479
0.27881
0.25587
0.37334
0.40338
0.47749
0.3676
0.21682
0.19215
0.48524
0.2648
0.35937
0.15051
0.85863
0.29542
0.29521
0.45317
0.44198
0.21289
0.48445
0.23068
0.23124
0.48684
0.18322
0.38985
0.32045
0.33815
0.31607
0.22136
0.44876
0.33062
0.53812
0.20375
0.15156
0.36313
0.58782
0.16172
0.34582
0.2391
0.13741
0.72459
0.22969
0.4003
0.1908
0.42728
0.18364
0.41382
0.14396
0.34373
0.14028
0.64281
0.72791
0.58046
0.25531
0.15233
0.46853
0.31252
0.13564
0.60148
0.41634
0.38875
0.36194
0.42737
0.30137
0.21095
0.74427
0.40967
0.31438
0.49722
0.22154
0.14614
0.46488
0.18239
0.16541
0.34577
1.06455
0.22519
0.46154
0.18846
0.61416
0.51682
0.23793
0.19078
0.4389
0.48907
0.39857
0.16375
0.31445
0.51021
0.28186
0.12746
0.2792
0.15341
0.56277
0.29823
0.33006
0.52012
0.21608
0.29263
0.28061
0.14516
0.37071
0.51409
0.28804
0.18938
0.19486
0.38635
0.62465
0.22318
0.53846
0.95162
0.27401
0.24235
0.2436
0.46186
0.50268
0.44586
0.5419
0.27058
0.22151
0.3905
0.14108
0.5894
0.13262
0.43642
0.18284
0.44397
0.32737
0.11829
0.35579
0.55757
0.69364
0.27975
0.28882
0.45143
0.14033
0.33768
0.09343
0.47348
0.59971
0.39373
0.14924
0.75914
0.28852
0.11709
0.15502
0.33554
0.09133
0.5572
0.3585
0.09482
0.40927
0.35537
0.22458
0.3368
0.12019
0.53167
0.23487
0.12857
0.18446
0.42274
0.45929
0.21479
0.11574
0.27774
0.32148
0.40366
0.10687
0.51072
0.10364
0.26815
0.10438
0.51062
0.08372
0.4754
0.23245
0.07651
0.46431
0.48882
0.13691
0.53865
0.38113
0.10635
0.9
0.17046
0.11539
0.46651
0.28387
0.69501
0.4256
0.1131
0.09991
0.59087
0.10301
0.30334
0.41053
0.13991
0.94231
0.16304
0.27862
0.29751
0.29223
0.33998
0.2251
0.21618
0.22794
0.10812
0.32718
0.31107
0.26645
0.26396
0.08237
0.46091
0.51995
0.32078
0.07826
0.2512
0.07447
0.70213
0.27382
0.20053
0.08524
0.43223
0.08512
0.4917
0.30584
0.23953
0.41718
0.67704
0.16859
0.30026
0.13133
0.06575
0.08151
0.11641
0.06766
1.05484
0.20145
0.46643
0.09991
0.38085
0.19186
0.34908
0.09689
0.43454
0.07333
0.24595
0.07533
0.51249
0.28399
0.48136
0.10313
0.59354
0.31244
0.0844
0.24576
0.09071
0.53687
0.07572
0.59622
0.29681
0.21112
0.31236
0.08606
0.68877
0.28381
0.2488
0.07102
0.43524
0.06986
0.07176
0.89219
0.18877
0.46624
0.0875
0.08292
0.58066
0.13415
0.35623
0.11729
1.04145
0.36136
0.62143
0.21257
0.38278
0.11143
0.34861
0.09153
0.12881
0.37623
0.06705
0.09467
0.40402
0.11803
0.55331
0.33448
1.08985
0.14645
0.17086
0.18177
0.12437
0.23036
0.34133
0.07906
0.34387
0.08333
0.52219
0.22195
0.32924
0.12308
0.06973
0.36087
0.07359
0.55238
0.06776
0.39553
0.27503
0.06393
0.35863
0.1694
0.06244
0.7796
0.2567
0.26796
0.08005
0.25688
0.19089
0.14946
0.19007
0.22315
0.27085
0.11438
0.60874
0.06695
0.05707
0.40176
0.09333
1.92228
0.30139
0.12489
0.09837
0.10024
0.99129
0.5054
0.45588
0.24577
0.3237
0.27612
0.0837
0.18679
0.09772
0.21447
0.41122
0.10795
0.06193
0.46368
0.09046
0.60897
0.07739
0.30981
0.06287
0.56591
0.22179
0.0919
0.30316
0.07142
0.50612
0.15887
0.05703
0.06647
0.92932
0.64535
0.3057
0.21589
0.34085
0.27446
0.06726
0.60602
0.11645
0.06303
1.71554
0.72913
0.51021
0.1886
0.26966
0.10036
0.48625
0.14178
0.06623
0.57729
0.15214
0.06961
0.4577
0.33148
0.31542
0.43567
0.23278
0.41182
0.33553
0.39471
0.08884
0.3535
0.15635
0.06738
0.42044
0.0757
0.32338
0.18677
0.0788
0.24433
0.05897
0.39837
0.06385
0.05733
0.55859
0.11737
0.08051
0.054
0.66241
0.14578
0.06928
0.33855
3.08634
0.54366
0.10189
0.32522
0.07055
0.0793
0.19077
0.25957
0.18844
0.10311
0.75736
0.10841
0.59579
0.10554
0.26327
0.1177
0.06369
0.39177
0.26258
0.39374
0.74633
0.07637
0.06663
0.06469
0.64019
0.07167
0.49325
0.11837
0.54294
0.31488
0.11452
0.4605
0.17973
0.55178
0.07211
0.07575
0.66548
0.13883
0.23068
0.06486
0.27049
0.06826
0.05415
0.37358
0.0546
0.05177
0.74997
0.14697
0.08367
0.06058
0.60075
0.23242
0.29463
0.12741
0.36361
0.23408
0.18433
0.05011
0.26272
0.06613
0.31297
0.26716
0.26604
0.31886
0.11282
0.05253
0.05239
0.76317
0.16186
0.45736
0.06932
0.61533
0.23853
0.14637
0.21284
0.25922
0.05008
0.05172
0.04824
0.04914
0.6765
0.37291
0.07116
0.85112
0.35369
0.1146
0.3338
0.06878
0.1428
0.79638
0.2691
0.1129
0.10208
0.05651
0.90329
0.16458
0.06918
0.0647
0.65886
0.28505
0.13405
0.06346
0.3886
0.08242
0.05505
0.54616
0.32128
0.8307
0.40952
0.1129
0.33815
0.06202
0.34795
0.15403
0.05521
0.8465
0.19304
0.28027
0.14897
0.28199
0.11308
0.41771
0.10875
0.0612
0.23327
0.20463
0.07648
0.04832
0.63467
0.24714
0.0929
0.05473
0.07453
0.44324
0.04847
0.04936
0.04646
0.82193
0.09672
2.01587
0.13134
0.09317
0.16316
0.0647
0.23151
0.06648
0.30969
0.10334
0.09745
0.04879
0.05164
0.28336
0.09672
0.28061
0.06703
0.37175
0.21737
0.06136
0.57647
0.32367
0.3755
0.24785
0.25651
0.06919
0.058
0.36433
0.06706
0.06354
0.04702
1.21795
0.15381
0.2023
0.06735
0.19004
0.22776
0.10609
0.25206
0.06451
0.20932
0.05273
0.05062
1.03628
0.16808
0.06158
0.34102
0.18626
0.25861
0.0769
0.04317
0.05141
0.5186
0.27171
0.0547
0.04858
0.61997
0.06013
0.14542
0.05705
0.04381
0.04626
0.57928
0.16357
0.04978
0.76343
0.30898
0.49889
0.085
1.33387
0.16147
0.07539
0.06152
0.42453
0.12402
0.05523
0.37951
0.06744
0.32993
0.44081
0.18298
0.07583
0.06245
0.05913
0.04645
0.71731
0.2014
0.05914
0.41209
0.06665
0.38515
0.15963
0.06005
0.05137
0.25409
0.09494
0.04402
0.19316
0.22038
0.04675
0.38265
0.07242
0.49233
0.57762
0.06689
0.07666
0.27817
0.07335
0.05156
0.40972
0.0979
0.45968
0.19067
0.13077
0.04622
0.4189
0.31782
0.07765
0.04821
0.43448
0.09278
0.05496
0.05098
0.60134
0.17981
0.06194
0.43205
0.12137
0.06382
0.36534
0.07277
0.04537
0.29826
0.05365
0.04562
0.22908
0.14136
0.04284
0.04014
0.82927
0.22556
0.0919
0.35411
0.21164
0.06736
0.04757
0.15796
0.04487
0.50202
0.13007
0.05026
0.22356
0.05004
0.25464
0.04665
0.23797
0.28619
0.04565
0.04693
0.26973
0.14095
0.04673
0.04372
0.04062
0.17797
0.03298
0.04474
0.21643
0.037
0.03692
0.03093
0.71503
0.171
0.05053
0.24246
0.08788
0.04061
0.32523
0.05289
0.04043
0.14204
0.03466
0.24488
0.48637
0.26684
0.14531
0.24569
0.117
0.04281
0.03703
0.30806
0.0817
0.22281
0.04352
0.23563
0.0606
0.03359
0.29511
0.04478
0.08306
0.04355
0.43238
0.11541
0.05908
0.72198
0.1047
0.04998
0.38657
0.04866
0.4377
0.26705
0.11785
0.25711
0.06451
0.04019
