14.08237
13.00549
2.62436
1.97376
2.5655
4.39923
3.60488
3.73479
3.66028
3.0356
2.94063
3.24891
3.62875
4.10208
3.09391
3.19503
3.4016
3.76414
4.04016
4.05318
4.01478
3.93382
3.91765
3.815
4.08053
4.05792
3.78398
4.0759
4.25048
4.14267
4.278
4.5932
4.44955
4.79868
3.86172
4.20021
4.2504
4.45884
4.44844
4.35564
4.82309
4.88339
4.568
4.32158
4.53696
5.17014
4.64378
4.63435
5.98081
5.7288
4.59766
5.26958
5.44566
5.3175
4.84852
4.77079
5.75069
5.01684
5.90861
5.77716
5.41635
5.47038
5.28764
5.19182
4.86979
5.95826
6.23535
6.48808
5.21206
5.07652
6.22885
5.59954
5.47623
6.44187
5.80509
6.08744
5.47401
5.0214
5.16972
5.90274
5.71667
5.60243
5.90127
6.4658
5.17284
7.19316
7.79519
4.90359
4.96151
6.46612
5.93796
5.63281
5.2403
7.02693
5.6439
5.10659
4.73256
5.53812
6.44328
6.01161
5.61396
5.80238
5.56169
5.67242
6.19555
5.77542
5.0088
5.43918
5.55151
5.98849
6.38408
6.39034
6.52996
7.49446
5.80553
5.83525
5.20585
5.07485
5.59865
4.65282
4.56892
4.55038
5.02381
4.97925
4.66996
4.72446
4.36419
4.25805
4.83626
4.15976
4.15669
4.24389
3.95416
3.98081
3.91357
3.95742
3.59603
3.76409
3.60823
3.63473
3.93655
3.63365
3.97805
3.45718
3.41677
3.59855
3.694
3.68176
3.65235
3.91004
3.68481
3.56496
3.65435
3.68709
3.93217
3.91722
3.60405
3.95987
4.25304
3.72679
3.66828
3.8257
4.00718
3.99443
4.10232
4.04063
4.16671
3.7974
3.77779
3.6708
3.62913
3.7496
3.67033
3.86895
3.79136
3.9713
4.0209
3.95898
4.16047
4.07239
4.29479
3.6959
3.87172
3.77619
3.8055
3.98657
4.15924
3.95665
3.81508
4.27994
4.06868
3.77593
3.90057
3.85348
4.13254
3.77543
3.94165
4.08748
3.98614
4.01242
4.26635
3.97503
3.86252
3.9094
4.00507
3.86233
4.02182
4.16797
3.99722
4.40786
3.77225
3.83655
3.90888
3.7939
4.04998
4.01361
4.18553
3.76056
4.30298
4.05609
4.04746
3.9357
3.81781
3.97264
4.06544
4.08204
4.01574
3.93282
3.87928
3.91583
3.98322
3.93809
4.0274
4.06189
4.12567
3.99793
4.10519
3.92854
4.18369
4.03802
3.89865
3.83514
3.82687
4.07541
4.25399
4.20274
4.10006
4.20231
3.92705
3.92474
4.27598
4.41459
4.11897
4.02671
4.10572
4.06138
4.20375
4.04289
4.0261
4.05759
4.28731
4.09284
4.17552
4.15539
4.17305
4.16201
4.18202
3.98608
4.14985
4.12484
4.00995
4.0881
4.11309
4.26229
4.19611
4.1951
4.04435
3.90252
3.91191
3.97884
3.80388
3.95143
4.10608
3.9556
3.9194
3.83773
3.79396
3.85373
4.05049
3.84746
3.67453
3.937
4.09138
3.85992
4.13813
3.98362
3.96696
3.98515
4.11528
3.89304
3.5582
3.92562
3.72425
4.05843
3.65516
3.95067
4.17065
4.13351
3.97166
3.83471
3.9981
4.01955
3.81711
4.14846
4.23108
4.38612
4.20809
4.21242
4.01517
4.09986
4.08281
3.87728
3.91357
4.08342
4.39268
4.25478
3.94036
4.10372
4.20387
4.26505
4.39031
4.27274
3.9
4.19688
3.31615
4.16396
3.92288
4.1739
3.92482
3.66687
3.68485
4.28676
3.58129
4.16717
3.73909
3.93552
4.21415
3.91208
4.31925
4.16015
3.94439
3.76019
4.02961
4.4042
3.89801
4.37307
3.27237
4.11523
3.69572
3.86525
4.09939
3.91559
4.23724
3.88849
3.89744
4.00165
4.40254
3.36619
4.17546
4.19248
4.3511
3.7567
4.47121
3.83206
4.07694
4.49528
3.85039
4.0973
4.47952
4.1236
4.371
4.03276
4.22205
4.28268
4.33178
4.13994
4.11993
4.32415
4.42603
4.05018
4.38836
4.25506
4.34877
4.40471
4.51105
4.44202
4.34356
4.37714
4.548
3.9853
4.40274
4.7913
4.17064
4.5871
4.72929
4.66494
4.00049
4.47359
3.69249
4.23593
4.32126
4.28523
3.57683
3.52243
4.17007
4.29029
4.47993
3.99523
4.48785
4.29817
4.26444
4.29749
3.34796
4.40513
4.25397
4.31782
4.30833
4.24629
4.40049
4.61213
4.30084
4.41049
4.33894
4.14071
4.43133
4.3817
4.74778
3.99668
4.46693
4.0875
4.62437
4.56887
4.61108
4.46438
3.95388
4.62565
4.59571
4.09006
4.93499
4.00634
4.86167
4.69687
3.80504
4.0115
4.71973
4.45847
4.18191
4.62454
4.89111
4.81667
4.77662
3.29429
4.79954
4.41033
4.62796
4.55903
4.08387
4.24879
4.89397
4.21579
4.73386
4.58986
4.8918
4.43524
3.75938
4.42472
4.90852
4.4663
4.07398
4.57988
4.29369
4.41697
3.78251
4.73883
3.89914
4.34958
4.83477
3.9446
4.78361
3.62358
4.34588
4.58563
4.66332
4.01868
4.77223
4.81454
3.63195
4.35927
3.80801
4.82658
4.8558
4.13369
4.40185
4.0741
4.30896
4.17243
3.52586
3.94749
4.31556
4.40172
4.70881
4.3956
4.54496
4.74147
4.05635
4.70944
4.63951
4.36883
4.35266
4.34509
3.32965
3.5791
4.41806
4.57089
4.40599
4.62075
4.46658
4.40763
4.81956
4.38818
4.80632
4.07741
4.72048
4.55377
4.64696
4.748
4.1352
4.95081
3.77525
4.89258
4.0705
4.67622
5.04527
4.47954
4.7771
4.95667
3.9239
4.58293
4.65051
4.91987
4.27879
4.77322
4.49165
5.0502
4.18097
4.59325
4.9189
4.0119
4.9425
4.83169
4.36082
4.66157
3.09807
4.11423
4.40955
4.44774
4.46129
2.92163
4.52399
3.62128
4.47593
4.55867
4.10004
4.53788
4.56802
4.61794
4.31461
4.07559
4.55766
4.96298
4.01719
4.65838
3.91604
4.89194
4.44851
4.96591
4.39524
3.99874
4.87602
4.35087
4.98943
4.37684
4.53454
4.97081
4.78664
3.00923
4.21851
3.8245
4.76343
4.68352
3.75391
4.90014
4.27157
4.55673
4.84976
3.42213
2.3839
3.766
4.20893
4.17672
4.43659
3.69981
4.4328
4.61823
3.48548
4.62209
4.55422
4.01161
4.43015
3.33171
4.53977
4.64919
3.79463
4.15577
4.01839
4.66551
4.47062
4.01837
4.68963
4.03365
4.90274
4.85881
4.27056
4.72243
4.44264
4.99013
4.22991
5.00599
4.98075
4.07162
4.48007
5.07098
4.97205
4.71814
4.6216
4.79429
4.19207
4.76918
3.74143
4.53594
4.32505
4.72826
4.6716
4.65701
4.20467
4.64023
4.85803
3.22503
5.19861
3.50528
4.84397
4.63518
4.34964
4.86428
4.4995
3.42719
4.78345
4.46198
4.74545
4.75558
4.66566
3.88859
4.72421
3.73699
4.68979
4.50347
3.30925
4.61118
4.47337
4.14434
4.44248
4.83711
4.72284
3.6651
4.52134
4.64276
4.89497
4.52767
4.84439
4.90202
4.33344
5.0271
4.96448
3.7866
4.20379
5.01396
5.1102
3.97218
4.58755
5.05978
4.50047
4.36892
4.8316
4.78032
5.13611
4.74904
5.03055
5.21422
3.99843
4.97397
4.17839
5.06353
5.17368
5.02592
3.5228
4.07657
4.40953
4.98168
4.90488
4.06451
4.71096
4.35759
4.62483
5.18622
4.95661
4.95876
5.08646
4.92139
3.66977
4.95541
3.09814
3.98478
4.78572
4.2762
5.04064
5.21731
2.79035
4.22249
5.0662
5.29897
4.93717
3.80157
4.1652
4.85383
4.87432
4.55565
3.84721
4.81528
5.00901
4.07589
5.05595
5.03595
4.70622
3.32121
3.98573
4.05554
4.81331
4.16373
4.87834
4.50636
3.96621
4.98456
3.31827
4.16938
4.70276
4.49695
4.71701
4.41878
4.65057
4.79481
4.88206
4.63262
4.28042
4.7987
5.07979
4.11709
4.37674
4.75744
5.06491
5.09852
4.24562
5.13954
5.08582
5.17629
4.06506
4.81016
4.06885
4.40657
4.69087
4.39721
4.87652
4.28171
4.84501
4.52982
4.52176
5.21076
4.96796
4.99135
4.61437
4.9813
4.71533
5.23996
5.14146
4.26664
5.1916
4.3371
3.18939
4.77667
4.84098
4.6011
4.89418
5.1824
4.57061
5.11013
5.19931
5.12942
3.79979
4.51502
4.51615
5.25202
4.88759
4.53434
4.80263
4.87135
5.08349
4.54241
5.27908
5.18272
3.7709
4.39009
5.0165
4.48289
4.80429
4.7914
4.99369
5.31524
5.04583
4.66403
3.79013
5.21913
5.20019
4.52844
5.17343
4.96854
5.40243
5.20849
5.26713
3.88599
4.84232
5.33669
3.37157
4.58445
3.61986
5.00375
4.6867
4.20853
4.77673
4.9888
4.69678
4.62509
4.98176
3.96792
5.01004
4.52344
4.4478
4.08725
4.93415
5.35152
5.33404
5.1424
4.13217
4.61279
5.06659
4.20146
5.16661
4.37633
4.91709
5.11934
5.09977
4.8543
4.70645
5.23876
5.2248
4.3373
5.38127
4.47505
5.15861
4.40916
3.71713
4.99561
4.98653
4.75432
4.95127
5.2568
4.43824
5.0155
4.62493
3.91232
5.04078
5.40835
4.58462
4.7444
5.22577
5.33789
4.77665
4.59042
5.14154
5.30174
4.80412
4.15708
5.18585
4.52866
4.26781
5.30884
4.63525
5.08686
5.40373
4.42307
5.41547
5.51624
5.38872
4.76833
5.19585
5.36139
5.23584
4.0791
5.2555
4.83366
4.75431
5.11874
5.32659
5.02504
5.3899
4.58117
4.79232
5.36422
4.91313
5.48485
4.81234
5.58103
4.9678
4.90102
5.48922
5.36005
5.2971
4.87699
5.46062
5.85433
5.57707
5.51711
5.65204
5.64618
5.35447
5.7154
5.65174
5.58493
4.97813
5.15612
5.85228
5.35367
5.0958
5.56745
5.11054
5.60564
5.70252
5.33433
5.82629
4.84515
4.59691
4.91497
5.39716
4.63032
5.2758
5.5492
5.64278
4.78384
4.79112
5.25995
5.59888
5.12394
5.78856
5.83877
5.30731
5.68462
5.58232
5.68644
4.93853
4.49778
5.40047
4.69933
4.71813
5.4076
5.02607
5.55085
5.30122
3.95134
4.78775
4.67749
5.01153
5.54287
