0.96475
0.99646
0.95101
0.96279
0.99414
0.96019
0.99784
0.9571
0.99825
0.95698
0.96563
0.99787
0.9549
0.96991
0.99803
0.96437
0.99793
0.96311
0.96605
0.96031
0.99666
0.97085
0.99688
0.97249
0.99682
0.97235
0.96808
0.97121
0.96971
0.99411
0.99943
0.96923
0.9591
0.9683
0.99534
0.95495
0.96157
0.99638
0.9549
0.97156
0.96829
0.96241
0.96972
0.99686
0.97016
0.97392
0.98058
0.96245
0.99547
0.96588
0.96493
0.99412
0.97163
0.96356
0.99725
0.96164
0.96585
0.9666
0.99638
0.96278
0.96033
0.99374
0.96505
0.9669
0.99716
0.96322
0.9706
0.99516
0.96556
0.9586
0.99573
0.96078
0.96908
0.99665
0.9646
0.97153
0.9963
0.96011
0.99498
0.95876
0.95944
0.99158
0.9684
0.99708
0.95921
0.96994
0.99618
0.96542
0.96373
0.99524
0.96813
0.96903
0.95897
0.96588
0.99619
0.96487
0.99577
0.9643
0.99819
0.9614
0.96777
0.98858
0.9631
0.99644
0.97153
0.96526
0.99734
0.96484
0.97677
0.99804
0.96127
0.96746
0.97483
0.97038
0.99336
0.9673
0.99819
0.96249
0.96597
0.9952
0.97097
0.96224
0.99546
0.96928
0.99039
0.96345
0.98915
0.97128
0.96393
0.99486
0.96014
0.99785
0.9615
0.98589
0.98203
0.97209
0.97317
0.99671
0.95594
0.99866
0.96274
0.99775
0.9675
0.96221
0.99824
0.97041
0.98799
0.96631
0.96261
0.99461
0.97016
0.97637
0.97392
0.96603
0.99547
0.97544
0.98698
0.95413
0.96601
0.99808
0.98018
0.98449
0.98066
0.97166
0.99651
0.96823
0.96752
0.99774
0.96808
0.99853
0.9678
0.99881
0.96482
0.96844
0.99619
0.97308
0.96444
0.99716
0.9631
0.99786
0.97027
0.96495
0.99553
0.96148
0.99655
0.96076
0.96852
0.99689
0.95872
0.95566
0.99199
0.98327
0.99828
0.97119
0.9691
0.96821
0.99558
0.97093
0.97
0.99547
0.9706
0.96809
0.99716
0.95776
0.99632
0.95885
0.97087
0.99608
0.9623
0.9721
0.9941
0.96722
0.97421
0.95724
0.99719
0.9687
0.97516
0.98046
0.95743
0.99592
0.97175
0.97533
0.99164
0.96383
0.96745
0.99691
0.96708
0.99817
0.95602
0.97468
0.99437
0.96283
0.9735
0.99583
0.95883
0.97607
0.9873
0.95738
0.97301
0.99429
0.96633
0.99788
0.95884
0.9975
0.96746
0.97186
0.99549
0.97043
0.96673
0.99325
0.96069
0.97034
0.99381
0.96452
0.99643
0.96476
0.99738
0.96082
0.96765
0.9956
0.95942
0.98964
0.98356
0.96618
0.96235
0.99561
0.97469
0.99365
0.95947
0.96709
0.98008
0.97862
0.98404
0.98975
0.94882
0.99671
0.97214
0.97457
0.99717
0.96663
0.99791
0.97329
0.96858
0.99375
0.95969
0.99825
0.95579
0.9684
0.97586
0.99557
0.96808
0.99521
0.97179
0.96483
0.9961
0.95364
0.99667
0.9628
0.97229
0.99558
0.97485
0.969
0.99798
0.96581
0.9979
0.97065
0.96551
0.99571
0.96371
0.97307
0.99502
0.96089
0.96796
0.9972
0.96699
0.9641
0.99695
0.96619
0.9612
0.99758
0.96561
0.99791
0.96668
0.96353
0.9708
0.99738
0.96822
0.99563
0.96027
0.97854
0.98673
0.95775
0.99844
0.9384
0.99705
0.96813
0.9973
0.96605
0.96579
0.97562
0.99462
0.96553
0.96543
0.9931
0.96197
0.97386
0.99532
0.9605
0.99811
0.95396
0.96218
0.9684
0.99447
0.9622
0.97345
0.9959
0.96001
0.9591
0.9916
0.96247
0.96661
0.99544
0.96664
0.98593
0.97461
0.96528
0.99804
0.9627
0.96314
0.96887
0.99701
0.9636
0.96158
0.96871
0.99004
0.97184
0.99628
0.96458
0.99759
0.95902
0.96467
0.99639
0.97182
0.96786
0.99178
0.96531
0.96775
0.99698
0.95502
0.97409
0.97927
0.99817
0.96645
0.95811
0.96418
0.99704
0.97082
0.96952
0.97075
0.9973
0.95915
0.96863
0.99773
0.96561
0.96004
0.99478
0.96959
0.97454
0.97087
0.99507
0.96829
0.9958
0.96854
0.95688
0.99602
0.96541
0.97174
0.9626
0.99616
0.96189
0.96839
0.99467
0.95881
0.96216
0.99269
0.97553
0.97116
0.99709
0.96205
0.99579
0.9627
0.96766
0.99387
0.97006
0.99271
0.96413
0.96286
0.97075
0.99531
0.96668
0.96157
0.99475
0.95671
0.96899
0.96483
0.9953
0.96522
0.96775
0.97212
0.9972
0.9706
0.96905
0.99661
0.9609
0.95646
0.97362
0.99591
0.96392
0.96163
0.99603
0.96535
0.96327
0.96735
0.99668
0.95938
0.96833
0.99583
0.9736
0.96622
0.99603
0.95678
0.98005
0.96456
0.9662
0.99595
0.96154
0.97251
0.99629
0.96186
0.97819
0.97331
0.97153
0.97809
0.9871
0.95523
0.96342
0.99491
0.96596
0.97028
0.99493
0.96348
0.9667
0.99569
0.97132
0.99601
0.97316
0.96784
0.99631
0.97166
0.97052
0.96137
0.99717
0.9669
0.96853
0.99719
0.96457
0.96865
0.99634
0.96083
0.97307
0.99202
0.96174
0.99727
0.96688
0.97014
0.99467
0.96566
0.96923
0.99392
0.95912
0.97056
0.9696
0.98963
0.95785
0.99732
0.96344
0.96842
0.97009
0.99358
0.96419
0.96486
0.99766
0.97293
0.97292
0.99549
0.96644
0.97117
0.99693
0.97056
0.96292
0.99459
0.9637
0.97327
0.99766
0.95658
0.97286
0.99597
0.96916
0.99747
0.96409
0.96477
0.99549
0.97213
0.97373
0.96846
0.99787
0.96857
0.96792
0.9759
0.99137
0.9741
0.99663
0.96839
0.97228
0.99755
0.95868
0.9727
0.99756
0.96666
0.99829
0.95523
0.96993
0.99571
0.97409
0.9777
0.97017
0.99552
0.96722
0.97059
0.99749
0.96039
0.9977
0.97193
0.95898
0.96855
0.99698
0.96502
0.96569
0.99594
0.96376
0.96684
0.99608
0.95909
0.95822
0.99657
0.96505
0.97431
0.97046
0.99516
0.95933
0.97369
0.99636
0.95798
0.97415
0.97071
0.9938
0.97016
0.97327
0.99378
0.97185
0.96789
0.99736
0.9643
0.97233
0.99712
0.96442
0.99845
0.96674
0.97027
0.99497
0.9721
0.99809
0.96727
0.99803
0.96817
0.97226
0.99391
0.97402
0.97058
0.98955
0.97002
0.96551
0.99559
0.97184
0.99696
0.96477
0.96739
0.99644
0.96458
0.99755
0.96841
0.96234
0.99717
0.96876
0.96486
0.99588
0.97361
0.99775
0.97342
0.96245
0.96248
0.99474
0.9762
0.97176
0.99515
0.9741
0.99806
0.96845
0.96699
0.99577
0.96244
0.9752
0.99305
0.97183
0.96633
0.99541
0.97576
0.97707
0.98625
0.98142
0.9759
0.97104
0.99129
0.97178
0.99766
0.96661
0.96897
0.99801
0.96493
0.9668
0.99552
0.97444
0.96891
0.99642
0.96409
0.96854
0.99618
0.97499
0.97094
0.99364
0.98713
0.97406
0.99298
0.96815
0.99182
0.97194
0.96772
0.99651
0.96813
0.96646
0.9943
0.97619
0.97211
0.97048
0.99604
0.96487
0.97434
0.99765
0.96988
0.99799
0.97309
0.96597
0.99721
0.95978
0.99877
0.98168
0.97651
0.97256
0.97366
0.97001
0.99651
0.97523
0.96411
0.99331
0.97759
0.97295
0.99436
0.96484
0.97924
0.98187
0.97058
0.97395
0.9963
0.97305
0.99774
0.96995
0.978
0.99761
0.96858
0.97437
0.99698
0.97556
0.97461
0.99733
0.97078
0.99731
0.97571
0.97102
0.97916
0.9961
0.9653
0.96863
0.96739
0.97847
0.99621
0.96907
0.97526
0.99663
0.97432
0.96879
0.99664
0.97453
0.99775
0.97337
0.97344
0.99718
0.97749
0.99767
0.97739
0.97062
0.99407
0.9709
0.99574
0.97725
0.9963
0.97507
0.97569
0.99652
0.97575
0.96973
0.96757
0.99675
0.97887
0.99162
0.97062
0.99633
0.9762
0.9724
0.99574
0.96751
0.99745
0.97092
0.96773
0.99766
0.96449
0.99872
0.97247
0.96913
0.99635
0.97595
0.96826
0.99751
0.97126
0.99931
0.97347
0.98187
0.99804
0.9673
0.97302
0.99754
0.96622
0.99722
0.96268
0.98017
0.97292
0.99671
0.97123
0.99659
0.96547
0.97368
0.99599
0.98188
0.97207
0.99475
0.97181
0.97926
0.99309
0.97318
0.97024
0.99759
0.9707
0.99752
0.96814
0.97775
0.99688
0.98046
0.96935
0.9972
0.96871
0.99671
0.97519
0.97035
0.99634
0.97758
0.99745
0.97879
0.9986
0.97747
0.97743
0.99741
0.97174
0.9731
0.99684
0.97605
0.97018
0.99747
0.97352
0.99719
0.96947
0.9982
0.9735
0.98131
0.99205
0.97777
0.96568
0.99642
0.97945
0.96853
0.99735
0.97653
0.99817
0.97402
0.97208
0.97561
0.99656
0.9696
0.99784
0.95819
0.97151
0.99705
0.97142
0.99479
0.96369
0.97147
0.99818
0.9808
0.97046
0.99837
0.96912
0.98002
0.99561
0.96824
0.98527
0.9943
0.98645
0.97443
0.99726
0.97226
0.99865
0.9713
0.97785
0.99706
0.96843
0.99718
0.97378
0.9679
0.99603
0.9693
0.99845
0.98139
0.97768
0.998
0.96862
0.97904
0.97022
0.99794
0.97549
0.9987
0.97887
0.97278
0.99767
0.97024
0.99817
0.97132
0.99799
0.96798
0.99838
0.97452
0.97477
0.99817
0.97024
0.99745
0.97458
0.9988
0.96217
0.97946
0.99779
0.96997
0.99831
0.96658
0.97574
0.99838
0.97265
0.97757
0.99822
0.979
0.99905
0.96859
0.97554
0.97564
0.99768
0.97402
0.96863
0.99667
0.96855
0.99782
0.97018
0.98416
0.99809
0.9654
0.97797
0.99584
0.99862
0.97911
0.98388
0.97326
0.97493
0.99605
0.97888
0.99842
0.97094
0.97296
0.98252
0.99574
0.97339
0.99853
0.96129
0.9745
0.99751
0.97396
0.99906
0.9728
0.97224
0.99762
0.97022
0.99868
0.97551
0.98636
0.99835
0.97098
0.99759
0.96929
0.99726
0.95802
0.99852
0.97551
0.99633
0.97455
0.96909
0.99798
