0.00307
0.00178
0.00518
0.00128
0.00492
0.01236
0.00141
0.00298
0.00118
0.00581
0.00108
0.00264
0.00296
0.00331
0.00194
0.06566
0.00122
0.01653
0.00862
0.00279
0.00409
0.06341
0.00233
0.00267
0.0029
0.00389
0.00136
0.00216
0.00328
0.0044
0.00037
0.00184
0.00382
0.0014
0.00396
0.00414
0.00364
0.00292
0.0037
0.02509
0.00259
0.00326
0.00081
0.00275
0.00339
0.0054
0.02475
0.08902
0.00337
0.00442
0.0011
0.00611
0.00249
0.00278
0.00129
0.04612
0.00464
0.00189
0.00414
0.00227
0.00243
0.00575
0.0039
0.00226
0.00188
0.00404
0.00218
0.00354
0.00183
0.0039
0.00384
0.05203
0.00428
0.00327
0.00293
0.00166
0.00367
0.08287
0.01663
0.00535
0.00148
0.0073
0.0026
0.00266
0.00222
0.0014
0.0034
0.00324
0.00186
0.00351
0.00271
0.00313
0.00225
0.00285
0.00391
0.00239
0.00295
0.00208
0.00188
0.00337
0.0018
0.01158
0.00203
0.00446
0.0033
0.00262
0.00263
0.00596
0.00312
0.00118
0.00443
0.00272
0.00251
0.00354
0.00641
0.00347
0.00133
0.00339
0.00221
0.004
0.00201
0.00139
0.00339
0.0049
0.00159
0.09308
0.01713
0.00364
0.0006
0.00312
0.00275
0.0022
0.00455
0.00075
0.06669
0.00276
0.04774
0.00156
0.01627
0.00089
0.00295
0.00532
0.00301
0.00248
0.00167
0.00369
0.00068
0.08197
0.00161
0.00415
0.00209
0.00143
0.06923
0.03829
0.00383
0.03612
0.00518
0.00608
0.00723
0.0018
0.00288
0.0147
0.00171
0.00103
0.00385
0.05352
0.00293
0.0023
0.01709
0.00101
0.00395
0.00079
0.00293
0.0014
0.00333
0.00249
0.00204
0.0035
0.00226
0.00179
0.00179
0.00322
0.00246
0.002
0.00368
0.00415
0.00097
0.00292
0.00338
0.03539
0.00419
0.00215
0.00144
0.00433
0.00467
0.00145
0.00363
0.00209
0.00648
0.00337
0.00241
0.00109
0.00269
0.00068
0.0035
0.05739
0.00201
0.00306
0.03837
0.00076
0.00418
0.00291
0.00757
0.0022
0.00203
0.00312
0.0008
0.02827
0.0011
0.0038
0.00251
0.00186
0.01399
0.0046
0.00103
0.00372
0.0027
0.00126
0.00374
0.00105
0.00518
0.00328
0.00172
0.00341
0.00228
0.0014
0.00718
0.00467
0.00156
0.00417
0.00163
0.00192
0.00308
0.00183
0.00584
0.00143
0.00473
0.07874
0.00098
0.00478
0.00385
0.00163
0.0054
0.00181
0.00343
0.00316
0.00207
0.00248
0.00122
0.00351
0.00331
0.00692
0.00239
0.0026
0.00222
0.00437
0.00057
0.00626
0.00272
0.00453
0.00129
0.06195
0.01001
0.00197
0.00284
0.00264
0.00306
0.00207
0.00343
0.06624
0.00215
0.00222
0.00216
0.0052
0.00767
0.00168
0.01422
0.00332
0.00128
0.00363
0.00355
0.00527
0.00261
0.00119
0.00342
0.00438
0.00193
0.02554
0.0018
0.00503
0.00679
0.00284
0.00156
0.00292
0.00099
0.00297
0.07405
0.0043
0.07774
0.00118
0.00422
0.00952
0.06046
0.00259
0.005
0.00149
0.003
0.0956
0.06058
0.00203
0.00448
0.00175
0.07618
0.00104
0.00458
0.00309
0.00164
0.01766
0.0076
0.00064
0.01276
0.0037
0.00111
0.00451
0.00318
0.00158
0.00334
0.00227
0.00249
0.00151
0.01484
0.006
0.00302
0.00355
0.00241
0.00238
0.00485
0.00437
0.00351
0.00347
0.00553
0.00218
0.0043
0.01078
0.00365
0.00295
0.0042
0.03869
0.00393
0.00218
0.01893
0.00388
0.00158
0.01666
0.00267
0.00294
0.0016
0.00623
0.00253
0.00207
0.00303
0.00515
0.00341
0.00419
0.00683
0.00213
0.00216
0.00282
0.00161
0.00314
0.00205
0.0031
0.00283
0.00402
0.00694
0.003
0.00741
0.00241
0.04334
0.08087
0.00363
0.00136
0.00332
0.00459
0.01072
0.00375
0.08639
0.00516
0.0021
0.00414
0.00605
0.00391
0.00207
0.02746
0.00187
0.00394
0.07562
0.06849
0.0019
0.00562
0.00315
0.00344
0.00383
0.00214
0.00395
0.01312
0.00248
0.00278
0.00318
0.0709
0.001
0.00502
0.00499
0.00149
0.00615
0.0027
0.01974
0.0023
0.00398
0.00197
0.00347
0.00161
0.00577
0.00177
0.00783
0.00379
0.00349
0.00212
0.0049
0.0029
0.08833
0.00455
0.00403
0.00178
0.00381
0.0042
0.00492
0.00239
0.00378
0.00226
0.00388
0.00256
0.00239
0.07509
0.00531
0.00146
0.00381
0.09537
0.00248
0.00242
0.0582
0.00392
0.00233
0.00513
0.03069
0.00291
0.00242
0.08675
0.00328
0.00315
0.00434
0.00173
0.00426
0.00214
0.00469
0.03854
0.00108
0.00361
0.00388
0.00294
0.00479
0.00266
0.00147
0.0302
0.00412
0.00153
0.00434
0.00278
0.00235
0.00449
0.02873
0.00235
0.00403
0.00232
0.00696
0.00432
0.00306
0.01473
0.00377
0.00292
0.00705
0.00253
0.00345
0.00354
0.00194
0.00263
0.00326
0.00164
0.09078
0.00091
0.00855
0.0293
0.0017
0.00391
0.00272
0.00398
0.00362
0.00167
0.00506
0.00496
0.00557
0.0023
0.00709
0.00379
0.01058
0.00388
0.0048
0.00264
0.00926
0.00479
0.00192
0.00159
0.00224
0.00103
0.00372
0.0358
0.00322
0.00209
0.06988
0.08015
0.00597
0.00625
0.00211
0.00178
0.08935
0.00127
0.00376
0.00236
0.00214
0.02075
0.00172
0.00519
0.00226
0.00184
0.00322
0.00185
0.04298
0.00303
0.02389
0.00287
0.00195
0.00234
0.01153
0.00507
0.00223
0.0039
0.00131
0.00166
0.00344
0.00147
0.00464
0.06403
0.00422
0.00265
0.0019
0.00124
0.00585
0.0189
0.00233
0.00199
0.00486
0.00656
0.00539
0.0042
0.00236
0.0024
0.00382
0.00331
0.00376
0.0044
0.0012
0.00429
0.00306
0.00233
0.0038
0.0537
0.00245
0.00199
0.00855
0.00524
0.05523
0.0024
0.00759
0.00255
0.00233
0.00447
0.00788
0.00106
0.00383
0.00235
0.01088
0.00209
0.03591
0.00145
0.00189
0.00505
0.00126
0.00282
0.0097
0.00475
0.00256
0.00147
0.00403
0.00101
0.06286
0.06623
0.0153
0.00362
0.00388
0.00183
0.00216
0.00156
0.0044
0.0015
0.00341
0.00363
0.00294
0.00286
0.00331
0.00152
0.08022
0.00535
0.00232
0.05582
0.00102
0.00327
0.00179
0.00273
0.00192
0.00319
0.00129
0.00435
0.00255
0.00138
0.00453
0.04501
0.00141
0.00416
0.00251
0.00326
0.04987
0.0024
0.00861
0.00265
0.04638
0.00339
0.00194
0.01959
0.00411
0.00149
0.05306
0.00109
0.01523
0.00421
0.01226
0.00389
0.00201
0.00211
0.00341
0.00166
0.00362
0.00281
0.00432
0.00168
0.00588
0.04512
0.00369
0.00237
0.00181
0.00432
0.02035
0.00095
0.00408
0.00437
0.01603
0.00334
0.00185
0.00326
0.00263
0.00409
0.00849
0.00256
0.0739
0.00109
0.00331
0.00306
0.00289
0.00152
0.0046
0.001
0.00913
0.0016
0.00272
0.00315
0.001
0.00139
0.08384
0.00329
0.00218
0.002
0.00268
0.00634
0.00169
0.00467
0.00157
0.06815
0.00342
0.00211
0.00128
0.02171
0.00226
0.00214
0.00266
0.00123
0.00144
0.0737
0.00565
0.00209
0.00338
0.00268
0.00298
0.00279
0.00126
0.00329
0.08312
0.00202
0.00961
0.00264
0.00293
0.00205
0.08558
0.00481
0.0014
0.00353
0.00302
0.01322
0.00145
0.0037
0.00256
0.00086
0.00335
0.06534
0.00171
0.00278
0.00174
0.00336
0.00184
0.00212
0.08986
0.00098
0.00519
0.0012
0.0034
0.00193
0.0033
0.00167
0.00103
0.0028
0.00166
0.00241
0.00146
0.00398
0.00044
0.00454
0.01248
0.00449
0.00159
0.00174
0.00321
0.00181
0.00295
0.00318
0.00232
0.00213
0.00366
0.00116
0.05431
0.00125
0.00393
0.00201
0.00235
0.00183
0.03673
0.00073
0.00178
0.00138
0.00116
0.00327
0.00215
0.00181
0.00391
0.00157
0.07007
0.00113
0.00496
0.00337
0.00145
0.00231
0.00329
0.0023
0.00224
0.00342
0.00091
0.0043
0.00175
0.02984
0.00269
0.00343
0.00166
0.00197
0.00128
0.0017
0.00259
0.00076
0.00298
0.00202
0.00238
0.00228
0.00211
0.00182
0.01639
0.001
0.00254
0.00106
0.00185
0.0021
0.00113
0.0023
0.00124
0.00176
0.05407
0.00229
0.00342
0.00223
0.05836
0.00234
0.00186
0.00125
0.00262
0.0014
0.0104
0.00065
0.00361
0.00245
0.08463
0.00364
0.00138
0.00124
0.00345
0.00131
0.00157
0.00392
0.00177
0.00184
0.00245
0.00228
0.00259
0.00334
0.00118
0.00282
0.00157
0.00794
0.00461
0.0012
0.00257
0.00109
0.02596
0.00109
0.00222
0.00207
0.00325
0.00154
0.00129
0.00265
0.06536
0.00096
0.00261
0.00185
0.00082
0.04839
0.00107
0.00271
0.00266
0.0015
0.06986
0.00108
0.00444
0.00166
0.00147
0.0012
0.00137
0.00134
0.0019
0.00889
0.0013
0.00162
0.00337
0.00102
0.00261
0.00077
0.00239
0.04943
0.00108
0.00303
0.00125
0.00168
0.00148
0.00246
0.00167
0.00135
0.00389
0.00246
0.00188
0.00074
0.00364
0.00108
0.00129
0.00358
0.00252
0.00374
0.00232
0.00089
0.00344
0.00289
0.00123
0.06166
0.00067
0.00322
0.00186
0.00239
0.00228
0.00224
0.00306
0.00305
0.00157
0.00303
0.00203
0.00107
0.00121
0.06122
0.05511
0.00267
0.0009
0.00045
0.00226
0.00221
0.00104
0.00259
0.00188
0.00132
0.00218
0.00214
0.00208
0.00189
0.00155
0.00194
0.00301
0.00091
0.00358
0.00227
0.00072
0.00331
0.00089
0.00269
0.00688
0.00119
0.00128
0.00097
0.00141
0.00243
0.0015
0.00197
0.00738
0.00398
0.00567
0.00154
0.00768
0.00365
0.01081
0.0022
