0.20549
0.00788
0.2993
0.23421
0.01409
0.21051
0.00562
0.2549
0.00386
0.26937
0.15094
0.00687
0.23749
0.12833
0.00486
0.20985
0.0048
0.16022
0.18915
0.20755
0.00925
0.25666
0.00738
0.13691
0.00692
0.16481
0.17926
0.16093
0.23494
0.01328
0.00128
0.19857
0.23048
0.24912
0.01163
0.26116
0.23941
0.0079
0.27934
0.1035
0.18069
0.17038
0.17532
0.00997
0.13967
0.14609
0.08079
0.22719
0.01108
0.20895
0.1618
0.01595
0.13446
0.17421
0.00644
0.15343
0.2472
0.18448
0.01286
0.19083
0.20764
0.01696
0.16175
0.16631
0.00744
0.19865
0.17175
0.0113
0.26568
0.23242
0.01174
0.1937
0.18362
0.00879
0.20584
0.14105
0.00933
0.25687
0.00826
0.22512
0.23722
0.0218
0.18989
0.0068
0.21605
0.17079
0.00995
0.1881
0.22914
0.01212
0.12491
0.13005
0.19614
0.12935
0.01028
0.19612
0.00996
0.16805
0.00472
0.24611
0.18246
0.02695
0.17805
0.00796
0.20273
0.28197
0.00683
0.17839
0.1082
0.00442
0.22443
0.16249
0.15109
0.16349
0.01771
0.15682
0.00438
0.19302
0.19944
0.01138
0.1458
0.21164
0.01106
0.17173
0.02487
0.24424
0.01989
0.18262
0.21879
0.01167
0.20292
0.00538
0.24695
0.09608
0.08055
0.1084
0.19062
0.00693
0.23412
0.00292
0.20239
0.00436
0.19198
0.19761
0.00439
0.11625
0.10758
0.14551
0.21047
0.01315
0.12641
0.13831
0.13308
0.21467
0.02341
0.14742
0.06702
0.23205
0.14805
0.00496
0.08984
0.04325
0.131
0.17805
0.00811
0.28018
0.16305
0.0057
0.17701
0.0036
0.22797
0.00269
0.23051
0.15542
0.00906
0.15713
0.1876
0.00792
0.19001
0.00504
0.20525
0.21131
0.01038
0.19864
0.00796
0.23621
0.1908
0.00803
0.241
0.27153
0.02794
0.11108
0.00386
0.17485
0.14714
0.23558
0.01133
0.1403
0.16618
0.01077
0.16557
0.19876
0.00714
0.25545
0.00997
0.21666
0.1347
0.00984
0.24185
0.16208
0.01427
0.14849
0.14077
0.25734
0.00685
0.16638
0.22402
0.06073
0.25671
0.01066
0.14291
0.11822
0.0145
0.23525
0.16637
0.00953
0.1852
0.00428
0.24537
0.1524
0.01487
0.23451
0.09637
0.0102
0.20424
0.22324
0.02841
0.22888
0.17469
0.01293
0.21859
0.00544
0.24862
0.00593
0.17637
0.16291
0.0113
0.14379
0.18944
0.01743
0.24654
0.21983
0.016
0.19397
0.01013
0.18219
0.00561
0.23183
0.15105
0.01047
0.22779
0.02141
0.10672
0.144
0.18404
0.01121
0.21317
0.01315
0.23964
0.18287
0.13748
0.08162
0.05252
0.05808
0.24423
0.00818
0.16586
0.10372
0.00774
0.23463
0.00454
0.17146
0.2033
0.01521
0.20714
0.00422
0.27737
0.16376
0.12654
0.0129
0.13297
0.01004
0.15723
0.23537
0.00933
0.27331
0.00698
0.17375
0.13528
0.01161
0.11658
0.20194
0.00499
0.15192
0.0049
0.15601
0.18144
0.0106
0.21142
0.15744
0.01267
0.19038
0.1647
0.00721
0.14763
0.20965
0.00755
0.20249
0.2082
0.00697
0.23703
0.00506
0.17957
0.19687
0.10814
0.00804
0.14234
0.00801
0.26539
0.20075
0.03479
0.22966
0.00347
0.31735
0.00777
0.13101
0.00572
0.17518
0.2134
0.16161
0.01043
0.21065
0.15231
0.01566
0.21991
0.13291
0.01166
0.20111
0.0039
0.26012
0.1786
0.17623
0.01382
0.21591
0.13017
0.01023
0.24001
0.25804
0.0414
0.18219
0.16155
0.01177
0.13458
0.03068
0.19235
0.20529
0.0045
0.2973
0.1686
0.1354
0.0078
0.22236
0.22837
0.22218
0.02053
0.12816
0.00882
0.15088
0.00551
0.24135
0.21194
0.00863
0.1715
0.17846
0.01957
0.22341
0.15568
0.00702
0.24487
0.13882
0.09968
0.004
0.16035
0.22423
0.18727
0.0082
0.17614
0.142
0.14842
0.00723
0.2124
0.1694
0.00496
0.14968
0.22058
0.01326
0.1593
0.14539
0.15905
0.01417
0.23601
0.00971
0.13507
0.30575
0.01063
0.14099
0.1324
0.18254
0.0087
0.20397
0.16408
0.01533
0.27849
0.22764
0.01597
0.08744
0.10039
0.00681
0.26088
0.011
0.194
0.24158
0.01489
0.19751
0.01467
0.21838
0.25006
0.17732
0.01238
0.19693
0.22084
0.01516
0.28214
0.1553
0.1644
0.01142
0.17775
0.18373
0.17059
0.00659
0.10918
0.1924
0.00817
0.18632
0.29711
0.13568
0.01029
0.18733
0.17748
0.0087
0.1942
0.16123
0.1439
0.01139
0.21317
0.14271
0.01605
0.16008
0.18411
0.00917
0.23086
0.09664
0.14538
0.21867
0.01031
0.19427
0.13005
0.0095
0.21085
0.074
0.1397
0.15652
0.12332
0.04346
0.2237
0.17457
0.01297
0.1733
0.15963
0.01345
0.20393
0.20338
0.01473
0.17021
0.00808
0.17723
0.12533
0.00627
0.17003
0.15057
0.19555
0.00672
0.17408
0.19725
0.00654
0.1447
0.17325
0.008
0.20733
0.13654
0.0207
0.18092
0.00669
0.1841
0.14651
0.01395
0.19419
0.20889
0.01329
0.2154
0.13539
0.22184
0.02265
0.25644
0.0049
0.16719
0.12997
0.14292
0.0111
0.20234
0.20876
0.00523
0.16155
0.09449
0.01104
0.14701
0.166
0.0073
0.17785
0.23047
0.01502
0.17661
0.11015
0.00593
0.26654
0.10666
0.01061
0.14519
0.00598
0.17837
0.21888
0.01325
0.13337
0.13123
0.14915
0.00466
0.16035
0.17053
0.1188
0.04999
0.14673
0.00868
0.14643
0.10007
0.00614
0.20774
0.12188
0.00571
0.17726
0.00384
0.257
0.15173
0.01127
0.12287
0.10786
0.11331
0.01133
0.16022
0.15294
0.00591
0.27469
0.00445
0.18071
0.21641
0.16979
0.00694
0.17365
0.23102
0.00984
0.21187
0.16987
0.00993
0.22585
0.23013
0.01033
0.14835
0.12225
0.16693
0.0099
0.23018
0.15208
0.00767
0.22549
0.09198
0.18448
0.01519
0.12681
0.14688
0.01475
0.14522
0.15166
0.00579
0.17744
0.13842
0.00624
0.21007
0.00338
0.18111
0.14645
0.01257
0.10213
0.00444
0.15773
0.00492
0.15684
0.12279
0.00967
0.16968
0.14407
0.05073
0.12978
0.22589
0.01183
0.1412
0.00773
0.17723
0.21198
0.00826
0.15532
0.0077
0.15823
0.16693
0.00703
0.1238
0.18081
0.01029
0.11464
0.00526
0.12784
0.17546
0.1998
0.01293
0.10827
0.17118
0.0128
0.1109
0.00478
0.14858
0.21554
0.01053
0.18671
0.13753
0.01557
0.11807
0.19034
0.01071
0.12079
0.13343
0.06123
0.08011
0.13649
0.14807
0.01721
0.20752
0.00397
0.20497
0.16814
0.0048
0.19045
0.19153
0.01145
0.1481
0.15684
0.00821
0.20124
0.16696
0.00951
0.08848
0.21073
0.01651
0.05983
0.13007
0.01716
0.18908
0.01388
0.17746
0.184
0.00918
0.16368
0.18678
0.01272
0.10442
0.11953
0.1163
0.00991
0.16341
0.10139
0.00567
0.1045
0.00427
0.11275
0.15289
0.007
0.21214
0.00317
0.07571
0.12939
0.14924
0.17915
0.16463
0.00838
0.0903
0.19767
0.01446
0.11823
0.13262
0.01294
0.1979
0.16463
0.06462
0.19385
0.12808
0.00944
0.11167
0.0053
0.19079
0.12572
0.00555
0.15833
0.13946
0.00727
0.14211
0.12827
0.00831
0.17819
0.00677
0.12293
0.17838
0.11263
0.01999
0.16898
0.13865
0.15625
0.11347
0.00894
0.10983
0.10668
0.00766
0.11968
0.19461
0.0091
0.15127
0.00508
0.1518
0.10282
0.00735
0.13015
0.00602
0.12844
0.16237
0.0158
0.1569
0.01039
0.11765
0.00773
0.12366
0.14425
0.00802
0.10757
0.14767
0.19078
0.00967
0.15684
0.01715
0.17087
0.00895
0.09659
0.13166
0.01054
0.15261
0.00673
0.10839
0.14996
0.00601
0.16902
0.00299
0.14423
0.15124
0.00872
0.13432
0.19147
0.00622
0.15398
0.00163
0.12781
0.08329
0.00449
0.15781
0.13891
0.00577
0.14864
0.0332
0.1784
0.08488
0.14036
0.00798
0.1746
0.00789
0.21206
0.13445
0.00939
0.07622
0.18263
0.01297
0.16739
0.08718
0.04228
0.11881
0.15154
0.00638
0.10933
0.00567
0.15122
0.09917
0.00821
0.1091
0.1739
0.00675
0.16272
0.00769
0.1229
0.16514
0.0086
0.13458
0.00577
0.09563
0.004
0.12649
0.08471
0.00673
0.13226
0.12194
0.00785
0.10987
0.13022
0.007
0.12483
0.00687
0.14682
0.00415
0.12083
0.16746
0.01487
0.07726
0.19369
0.00976
0.07479
0.16937
0.00853
0.09882
0.00457
0.10672
0.158
0.15008
0.00829
0.13887
0.00477
0.21158
0.13679
0.00858
0.15556
0.00936
0.25449
0.20034
0.00647
0.07632
0.13626
0.00346
0.13044
0.09985
0.00981
0.16113
0.12279
0.01114
0.05987
0.12232
0.0076
0.15123
0.00298
0.18976
0.08624
0.00766
0.20353
0.0217
0.14319
0.16725
0.0108
0.14081
0.00385
0.07838
0.07056
0.00459
0.14946
0.0952
0.11045
0.00497
0.08471
0.0031
0.07051
0.13828
0.0061
0.13011
0.00414
0.15049
0.00462
0.1591
0.00365
0.10841
0.13219
0.00435
0.14295
0.00618
0.1049
0.0025
0.20104
0.12941
0.00468
0.19178
0.00332
0.17984
0.14016
0.00381
0.12244
0.08739
0.00448
0.12767
0.00205
0.14625
0.10299
0.09769
0.00507
0.12635
0.15852
0.00903
0.16879
0.00501
0.13119
0.09453
0.00446
0.17685
0.1185
0.01131
0.01083
0.08763
0.0635
0.1087
0.07847
0.0098
0.10713
0.00347
0.14664
0.15579
0.07082
0.00766
0.09362
0.00327
0.20818
0.13247
0.00772
0.09404
0.0021
0.14197
0.14822
0.00562
0.14708
0.00297
0.09342
0.05205
0.00381
0.15042
0.00533
0.16237
0.00518
0.23016
0.00279
0.13226
0.00554
0.13296
0.13867
0.00502
