8.61719
8.4835
7.66431
9.0088
7.18482
8.03605
8.32531
8.33012
8.54856
7.61921
8.93714
7.79394
8.64903
8.19937
8.28437
7.75502
8.62885
7.21861
8.07851
8.38081
7.46387
7.48432
7.98756
9.30874
7.96039
8.01638
9.23674
8.19454
8.28244
7.44453
9.722
8.93352
7.96839
8.85299
7.49242
7.72861
8.26013
8.01251
8.28492
7.74963
8.24865
8.36127
9.13698
7.68957
8.09328
7.97289
7.83212
7.88523
7.74391
7.7343
8.77948
7.03865
8.19889
8.86802
8.44814
7.46729
8.4019
8.48869
7.45089
9.12209
9.18244
7.13226
7.94367
8.71444
8.14185
7.84879
8.47347
7.57355
9.27523
8.43015
7.60316
7.59638
8.35029
7.88914
8.53772
8.51831
7.70917
7.48953
8.21787
7.97487
9.20649
6.77309
8.57924
7.98044
8.65609
9.46516
7.72267
8.40763
9.35218
7.71998
8.75716
8.24431
8.8379
8.39451
7.54753
9.38149
8.1213
8.41831
8.08312
8.87364
8.5435
6.94396
8.89369
7.91895
8.64107
9.0673
7.92315
7.95416
7.85731
8.58935
8.00249
8.48883
8.40484
8.17387
7.10811
8.76782
8.40078
8.4998
8.90238
7.5036
9.12627
8.84963
7.43939
8.64028
8.80337
7.59656
7.74714
7.94911
9.33751
7.6927
8.77933
8.41661
8.2953
9.36027
7.23347
8.89121
7.59952
8.54969
7.56808
9.07833
8.494
8.42831
8.65794
8.52415
8.31479
8.77821
9.34282
6.24248
8.99565
7.61819
8.77854
9.00906
6.78153
8.2559
7.45436
8.7368
7.37389
8.14223
7.53439
8.11836
8.52446
8.90306
8.61327
9.55829
7.81587
8.11134
8.27151
8.29096
7.44083
8.79046
8.0742
9.10948
8.30712
9.10714
7.72957
8.49319
8.73499
7.64076
8.63926
8.30466
8.92564
8.76111
7.76439
9.15114
8.15441
7.86108
9.43433
8.10355
8.39853
8.03306
7.43447
8.97001
8.53424
7.81257
7.90714
9.27365
7.76948
8.27658
8.48504
7.72294
8.49688
9.06379
7.92688
9.95629
7.86747
7.3357
8.64907
7.80981
6.9754
9.31214
7.44141
8.21508
8.00807
8.54827
8.15191
8.26005
9.58961
6.76356
9.89253
7.73593
8.90419
8.73945
8.22909
8.29888
9.34539
7.51236
8.36291
8.5475
8.58055
8.84927
7.28135
8.51661
8.56886
7.82902
9.0054
8.70495
7.27835
8.16034
9.5047
7.47841
8.92966
8.27376
9.00093
8.2629
7.87176
9.1991
7.72252
6.95726
9.18102
7.27736
8.41376
8.60102
7.30018
8.79817
7.72993
8.19912
8.47984
8.55746
9.15837
7.78637
8.49556
8.69349
8.61598
8.57345
8.4132
7.63876
10.12433
7.69291
8.61543
8.22493
8.96653
7.16375
8.72889
8.60078
8.83448
8.14351
7.83787
8.9237
7.85906
7.35464
8.43207
8.92303
8.8586
7.55961
7.76193
8.27176
7.32595
8.1265
8.76313
7.84587
8.59052
8.40387
8.57934
9.2858
8.03437
8.57346
8.19315
7.8028
8.78042
7.60099
7.87023
8.61861
8.45761
8.70952
8.81624
8.93265
7.75221
7.58237
7.37754
9.2017
7.60533
6.96782
8.11398
8.15507
7.94894
9.03981
7.93371
7.14718
7.59796
8.17049
8.28996
8.54758
7.45608
9.56033
7.7143
7.85186
9.2392
8.23104
7.80091
9.65383
7.37898
8.6544
8.70672
8.36515
7.75366
9.12756
8.28593
8.87138
8.62571
8.86978
7.68572
8.10413
8.97951
7.50248
8.91526
8.35924
7.45733
8.16819
8.43511
8.50556
7.8335
8.39661
7.49368
8.49804
8.19426
7.93653
8.37075
8.19768
7.72945
8.95141
7.42446
7.67845
9.0081
7.37061
8.29535
8.24747
8.47229
7.61853
8.55267
8.74177
7.87817
7.56665
8.71818
7.85241
7.10766
8.62789
8.18576
8.9482
8.31397
8.46001
8.60672
7.79147
8.20996
9.15891
6.90866
8.44694
7.59443
7.966
6.75844
7.50993
8.03431
8.53597
8.66619
8.03917
7.96
7.61821
7.03235
7.87969
8.82645
7.72327
7.62504
8.55785
8.12276
7.00465
8.9665
7.49534
7.34649
7.30038
8.40865
7.29633
8.93299
7.78837
7.85142
9.03645
7.67467
7.05285
8.38301
8.49664
7.8915
6.70927
8.97201
7.3372
7.80496
8.43765
7.07529
8.18254
7.85613
7.91911
8.61583
8.2057
8.14187
9.13962
7.1706
9.17518
7.55982
8.28978
8.43508
8.10338
7.44241
8.66233
7.67854
7.45111
8.50329
8.65421
8.36966
7.45828
7.85684
8.67148
7.9488
7.99821
7.96249
8.3235
7.9347
7.00441
8.05395
8.90119
7.83875
7.08374
8.77178
7.96126
7.06898
8.35579
8.13665
7.27287
7.07526
8.36976
8.19321
6.66018
8.30534
7.97015
8.13717
8.63193
7.92966
8.51411
7.56828
6.62452
9.43035
7.6837
8.50627
7.75831
8.08059
8.41825
8.88424
7.41667
8.27261
8.97341
7.52848
8.80917
8.06598
7.4122
7.01778
8.16136
7.60193
9.26044
7.95055
8.18759
8.49854
8.67727
8.53403
8.24981
8.11862
7.91562
8.03108
8.51044
8.315
8.20487
8.23418
8.40782
6.46801
9.0945
7.24118
7.20146
8.4311
8.64773
8.56172
7.59738
8.2859
9.03956
7.54104
7.84861
8.31292
8.35975
7.16107
8.25743
8.33322
8.50644
7.99789
8.25227
8.10019
8.2187
8.64228
8.46798
8.58461
9.09046
7.68046
6.81857
8.60433
8.37879
7.37299
7.28808
7.08832
7.22406
9.18293
8.27464
6.50358
8.62007
7.66731
8.90602
8.19536
7.72994
9.67659
7.22545
8.44102
8.66709
8.24099
8.28232
7.16893
8.69338
7.44775
8.26514
8.79629
8.08399
7.70819
7.88146
8.13533
8.38204
9.0608
8.40534
8.10912
8.36253
7.96836
7.6972
7.6628
9.09916
8.68522
9.14234
7.58336
7.27884
8.94294
8.55499
8.09626
8.64298
8.57039
8.21557
8.53946
8.38404
7.90945
8.45562
7.77265
7.61264
9.03305
7.58728
8.8323
9.11111
7.71848
7.54943
8.47186
9.1111
7.85438
8.01692
7.54661
8.26273
7.26898
8.5435
8.83281
7.61113
8.0424
9.47061
7.73706
8.29078
7.48261
8.36561
7.14142
8.90325
8.40342
8.3685
8.786
8.68407
8.24536
7.35619
8.36962
8.5661
8.47073
9.2041
6.70734
7.69414
8.65371
8.54073
7.92068
9.07803
8.46606
9.58643
7.59674
9.09904
7.88335
8.46302
8.74137
8.11552
8.49791
8.7542
6.8825
7.96288
8.26126
7.24682
9.74169
7.7764
8.8709
8.27994
8.99682
8.13632
9.1896
7.53989
8.58218
8.8665
7.46984
7.29464
8.64118
8.00035
9.4061
7.89068
6.50062
9.02499
7.51642
8.92018
8.05022
7.84821
9.0128
8.55376
7.88456
9.1291
7.99446
9.98098
7.42751
8.23055
9.07835
8.4322
8.77806
8.36085
8.06446
9.20367
7.9993
8.91882
8.58063
8.64573
7.91409
7.62467
7.91092
8.44549
9.23456
7.7269
9.24455
9.66209
7.55196
8.02072
8.94661
8.32063
9.47214
7.85654
8.85036
8.15525
7.73684
8.77679
7.41652
9.55648
7.81109
8.35306
8.63712
8.74251
7.76488
8.98512
8.17217
8.66187
7.93436
8.62797
8.81976
9.38538
7.31136
8.34265
8.86384
8.82312
8.16886
7.51458
9.0605
7.40453
9.06645
7.79168
7.81319
8.71541
9.12952
7.35456
8.54201
8.46191
8.1624
9.28971
8.80322
7.26227
8.85457
8.49158
8.55351
8.97295
7.99802
8.73474
9.5491
7.95319
8.14238
8.33863
8.04282
8.88316
8.09263
8.92903
7.3919
8.38949
9.25533
8.14743
8.14858
7.7459
9.1288
7.98105
8.30913
9.583
7.90387
7.57779
8.68954
9.02704
8.57596
7.7268
9.23566
8.52342
7.6188
9.37727
7.36092
9.33478
7.94329
9.40907
7.98832
9.24657
9.41317
8.15245
9.27803
8.78311
9.11977
7.83742
10.07979
7.53389
8.82574
7.93325
9.56303
9.05671
7.97249
9.22146
8.09415
9.47066
8.75358
8.24809
8.36242
9.05129
7.53993
9.4085
7.94843
8.98111
8.72892
8.76002
7.44465
9.41676
9.60572
9.52828
8.83774
8.5806
8.39355
8.56397
8.54051
9.37766
6.78075
9.28088
7.66318
7.91473
9.62936
8.27659
9.17931
8.83069
8.48995
8.71494
9.7989
7.72757
9.61862
8.54607
8.43575
8.69069
9.21396
8.51306
9.30931
8.60667
8.87554
9.50349
8.02751
8.98053
9.07588
8.47692
9.12946
8.51089
7.96033
9.47086
8.05538
9.6552
8.70943
9.2455
8.97057
9.03102
8.95788
8.49097
7.71262
8.60145
8.26628
9.17033
8.34586
8.57687
9.83388
9.17429
8.96085
8.76173
7.77707
9.77342
8.00446
8.82638
7.56433
8.03318
9.16889
9.65159
7.96211
9.64388
8.71701
8.72203
9.38657
8.88574
8.1892
8.69069
8.68619
8.97981
9.73583
8.53663
9.51923
8.77675
8.70459
9.61802
8.37479
9.53089
7.63377
9.09595
9.27889
8.95428
7.98126
9.58789
9.03714
8.41033
7.88149
9.49014
8.43304
9.52066
9.40089
7.6099
9.78518
8.078
8.96586
9.00691
7.51635
9.74633
7.55614
9.62303
8.8311
9.41062
9.45212
8.95488
9.3746
7.82644
9.55934
8.7587
8.24925
9.09298
8.30658
10.22306
8.35741
8.17892
9.08504
8.42464
9.06361
9.47737
8.7838
8.95572
9.54735
8.91538
8.24967
9.19578
9.2259
9.48616
8.75764
9.9864
9.03266
9.09566
9.07022
8.96549
9.24284
9.22297
8.55133
8.88204
9.21727
7.63556
9.73942
8.71404
8.89156
8.8904
8.66736
8.99693
8.83992
8.31432
10.02905
8.71603
9.22834
9.66785
8.95211
7.21846
8.29539
8.28948
10.76038
11.16734
8.5444
9.23322
9.29166
8.11278
9.35032
9.02996
8.89813
9.64184
8.76929
8.52535
9.35606
8.90464
8.8848
9.97875
8.0892
9.0063
9.38988
8.50404
10.20147
8.35919
7.88713
9.16584
9.54797
9.40299
8.93179
9.03724
8.92224
9.77932
8.92637
8.61011
9.45423
9.23057
9.70383
8.9175
8.54719
8.45861
