0.03128
0.00412
0.04342
0.03973
0.00761
0.0406
0.00313
0.03573
0.00205
0.04199
0.02344
0.00455
0.03406
0.03289
0.00279
0.03232
0.00265
0.0358
0.01926
0.03525
0.0056
0.04034
0.00403
0.01817
0.00354
0.02048
0.02575
0.03944
0.04294
0.0068
0.0007
0.03348
0.04137
0.03083
0.00648
0.04336
0.04258
0.00399
0.03666
0.02984
0.03076
0.04141
0.01825
0.00621
0.0276
0.02832
0.02609
0.0284
0.00587
0.02967
0.02778
0.00905
0.03183
0.03593
0.00339
0.03043
0.04163
0.0295
0.00842
0.02907
0.02998
0.00948
0.03867
0.02177
0.00432
0.03304
0.02781
0.00594
0.03205
0.03832
0.00696
0.03403
0.0289
0.00507
0.02925
0.02131
0.00527
0.04141
0.00233
0.04734
0.03521
0.01211
0.0225
0.00366
0.03665
0.02503
0.00559
0.03237
0.03744
0.00666
0.02603
0.02741
0.03402
0.02994
0.00609
0.03044
0.00479
0.03119
0.00281
0.03088
0.03293
0.01048
0.0343
0.00412
0.03025
0.04229
0.00401
0.0274
0.02473
0.00237
0.043
0.02626
0.02642
0.02929
0.00997
0.02718
0.00251
0.04141
0.04134
0.00611
0.02543
0.02384
0.00606
0.03213
0.01005
0.03991
0.00561
0.04375
0.02798
0.00598
0.03137
0.00237
0.03834
0.01849
0.02093
0.02021
0.03163
0.00339
0.0343
0.00154
0.04265
0.00202
0.02797
0.03555
0.00253
0.02857
0.02088
0.02683
0.03458
0.00704
0.02646
0.0157
0.02264
0.02187
0.01292
0.01832
0.02508
0.04137
0.03527
0.00292
0.02105
0.00172
0.03238
0.02829
0.00431
0.03615
0.03666
0.00329
0.01635
0.00209
0.02722
0.00148
0.02959
0.02376
0.00493
0.02631
0.03369
0.00474
0.02995
0.00277
0.02895
0.03825
0.0054
0.03693
0.00421
0.03715
0.02939
0.00455
0.03846
0.02424
0.01417
0.02657
0.0021
0.02117
0.03024
0.03805
0.00635
0.02962
0.02515
0.0058
0.03049
0.02562
0.00409
0.03366
0.00559
0.02558
0.02453
0.00546
0.04187
0.0272
0.00724
0.02663
0.03218
0.04031
0.00386
0.03041
0.02864
0.01799
0.02646
0.00601
0.01961
0.0208
0.00322
0.04508
0.02716
0.00589
0.03296
0.00236
0.02863
0.0254
0.00821
0.03594
0.02174
0.00569
0.02522
0.03515
0.01145
0.03895
0.02635
0.00661
0.02804
0.00321
0.03362
0.00326
0.03466
0.02969
0.00627
0.02815
0.02996
0.00973
0.04014
0.03689
0.00902
0.0147
0.00606
0.03263
0.00289
0.03047
0.02818
0.0057
0.03512
0.00157
0.0235
0.02884
0.03134
0.00626
0.03345
0.00615
0.03272
0.03576
0.02236
0.01803
0.00137
0.02013
0.04972
0.00464
0.01267
0.02496
0.00444
0.03359
0.00238
0.03462
0.03337
0.00796
0.02488
0.00241
0.05176
0.03527
0.02461
0.00733
0.0272
0.00454
0.02975
0.02972
0.00493
0.03843
0.00347
0.02729
0.01994
0.00651
0.01344
0.04034
0.00285
0.03521
0.00262
0.01994
0.03677
0.00582
0.03698
0.02435
0.00693
0.02876
0.03618
0.00423
0.03011
0.02478
0.00426
0.04149
0.03163
0.00354
0.03795
0.00286
0.03908
0.03108
0.02325
0.00489
0.02566
0.00299
0.05108
0.03238
0.00991
0.03835
0.00185
0.06216
0.00459
0.02544
0.00289
0.02185
0.02917
0.02192
0.00444
0.03495
0.03293
0.00797
0.03161
0.03048
0.00643
0.03772
0.00195
0.03552
0.03518
0.03434
0.00744
0.02884
0.02879
0.00575
0.04215
0.02349
0.01901
0.03514
0.02805
0.00666
0.0292
0.00533
0.03986
0.02502
0.00244
0.04036
0.03192
0.02607
0.0043
0.0366
0.04012
0.04349
0.00816
0.0275
0.00479
0.03086
0.00289
0.03028
0.03606
0.00465
0.02748
0.03605
0.01028
0.0261
0.03603
0.00381
0.04338
0.02507
0.02705
0.0021
0.0315
0.03715
0.03131
0.00492
0.04218
0.03666
0.03528
0.00425
0.03605
0.03158
0.00261
0.02393
0.03041
0.00715
0.02516
0.02478
0.02727
0.00836
0.03548
0.0052
0.03016
0.04061
0.00624
0.02502
0.02462
0.03306
0.00455
0.04128
0.02246
0.0092
0.03809
0.03682
0.00752
0.01876
0.02461
0.00367
0.04266
0.00554
0.038
0.03852
0.00809
0.02802
0.00664
0.03348
0.04439
0.01473
0.0071
0.03652
0.03578
0.00862
0.04169
0.03142
0.03152
0.00634
0.03565
0.03683
0.02787
0.00363
0.02784
0.03086
0.0045
0.03068
0.04719
0.02758
0.0057
0.03194
0.03203
0.0045
0.03777
0.03385
0.02838
0.00742
0.03935
0.03271
0.00793
0.0232
0.03408
0.00464
0.03823
0.02214
0.03087
0.03145
0.00589
0.02757
0.02639
0.00538
0.03716
0.01543
0.03475
0.03474
0.02193
0.01477
0.03989
0.03279
0.00736
0.03797
0.0266
0.0076
0.0277
0.02896
0.00894
0.03597
0.00371
0.02764
0.02991
0.00224
0.03588
0.0299
0.03045
0.00372
0.03884
0.03394
0.00346
0.02392
0.02946
0.00412
0.04162
0.03017
0.00872
0.03621
0.00376
0.03087
0.0275
0.0077
0.0409
0.03857
0.00652
0.0332
0.01613
0.03889
0.00947
0.03759
0.0021
0.03602
0.02792
0.03067
0.00358
0.03797
0.02758
0.0028
0.03401
0.02062
0.0061
0.03082
0.0355
0.00406
0.02426
0.03957
0.00867
0.03117
0.01497
0.00346
0.04479
0.02377
0.00598
0.0293
0.00328
0.03052
0.02982
0.00773
0.02659
0.02022
0.03136
0.00246
0.03303
0.03465
0.0154
0.01855
0.01625
0.00489
0.0205
0.02624
0.00353
0.02721
0.02509
0.00313
0.03669
0.00207
0.03052
0.0321
0.00638
0.02582
0.02444
0.02269
0.00598
0.02219
0.02605
0.00314
0.0453
0.00202
0.0268
0.04101
0.02717
0.00366
0.03459
0.04007
0.00534
0.03182
0.02381
0.00554
0.03622
0.03435
0.00633
0.03186
0.0253
0.03576
0.00463
0.03558
0.02991
0.00379
0.03242
0.02347
0.03902
0.00783
0.02406
0.02941
0.0077
0.02869
0.02693
0.00294
0.03004
0.02031
0.00321
0.03886
0.00179
0.03123
0.01594
0.00705
0.02477
0.00246
0.03037
0.00271
0.03354
0.0248
0.00227
0.03333
0.02909
0.01722
0.03166
0.03233
0.00688
0.02971
0.00435
0.03031
0.03773
0.00441
0.03108
0.0036
0.02836
0.03463
0.00357
0.0303
0.02467
0.00559
0.01826
0.00288
0.02123
0.03867
0.02537
0.00713
0.01577
0.02747
0.00731
0.02716
0.00273
0.03044
0.03195
0.0058
0.04047
0.03303
0.00777
0.02125
0.03346
0.00563
0.02922
0.01105
0.01942
0.02447
0.02921
0.02063
0.00645
0.04091
0.00152
0.03526
0.03456
0.00268
0.02997
0.03194
0.00574
0.02984
0.02822
0.00389
0.0413
0.03366
0.00535
0.01835
0.03871
0.0086
0.00849
0.01861
0.00908
0.0376
0.00292
0.03644
0.03523
0.00532
0.03293
0.02361
0.00599
0.02437
0.02627
0.02547
0.00546
0.032
0.02362
0.00307
0.0252
0.00219
0.01855
0.02343
0.00403
0.0319
0.00187
0.01887
0.02252
0.03792
0.0276
0.03051
0.00457
0.01761
0.02827
0.00713
0.01734
0.02483
0.00677
0.02697
0.03513
0.01246
0.02525
0.01932
0.00522
0.01586
0.00281
0.03932
0.02659
0.00301
0.03591
0.02072
0.00401
0.02973
0.028
0.00531
0.03088
0.0037
0.0253
0.03004
0.02402
0.00994
0.02937
0.02932
0.02513
0.02589
0.00459
0.02228
0.01727
0.00399
0.0195
0.03224
0.0053
0.03105
0.00265
0.03316
0.01521
0.00424
0.02459
0.00344
0.03195
0.02633
0.00889
0.02244
0.00558
0.03049
0.00372
0.02538
0.02926
0.00422
0.02119
0.0256
0.0361
0.00596
0.0293
0.00719
0.0286
0.00474
0.01509
0.02736
0.00584
0.02972
0.00393
0.01542
0.03306
0.00347
0.03363
0.00167
0.02961
0.03245
0.0047
0.0248
0.03365
0.00346
0.03532
0.00093
0.01993
0.02366
0.00242
0.03019
0.02517
0.00312
0.0335
0.01262
0.02453
0.02067
0.03046
0.00433
0.02499
0.00423
0.03141
0.03188
0.00479
0.01916
0.02626
0.00701
0.0202
0.01615
0.01692
0.02859
0.02588
0.00369
0.02437
0.00301
0.02692
0.01789
0.00463
0.02161
0.03548
0.00364
0.01544
0.00401
0.02402
0.0233
0.00462
0.02776
0.00302
0.01751
0.00248
0.03319
0.01562
0.00379
0.02877
0.02338
0.00431
0.02319
0.02327
0.00398
0.0216
0.00291
0.02598
0.00226
0.0224
0.03534
0.00534
0.01207
0.03677
0.00554
0.01729
0.02423
0.00547
0.02315
0.00257
0.02634
0.02843
0.03314
0.00447
0.02848
0.00247
0.03438
0.02468
0.00389
0.03141
0.00296
0.03582
0.02913
0.00417
0.01154
0.02689
0.00176
0.02072
0.01849
0.00502
0.01711
0.0238
0.00426
0.01664
0.02417
0.00445
0.03412
0.00157
0.03497
0.01512
0.00432
0.03398
0.01042
0.01877
0.02478
0.00624
0.02436
0.00221
0.02139
0.01543
0.00249
0.0222
0.01884
0.01992
0.0027
0.01529
0.00174
0.01527
0.02382
0.00356
0.02946
0.00219
0.03288
0.00239
0.0324
0.00196
0.02561
0.02506
0.00239
0.02338
0.00316
0.02111
0.00126
0.02907
0.01875
0.00237
0.03458
0.00156
0.026
0.02828
0.00197
0.02072
0.02532
0.00255
0.0274
0.00108
0.03235
0.01963
0.02212
0.00261
0.02983
0.02047
0.00516
0.02613
0.00267
0.02079
0.02276
0.00247
0.02437
0.02737
0.00625
0.00184
0.0066
0.01248
0.02508
0.01585
0.00541
0.01489
0.00183
0.02661
0.02934
0.02103
0.00276
0.02258
0.0017
0.02651
0.02841
0.00485
0.02447
0.00114
0.01695
0.02273
0.003
0.02359
0.00158
0.02304
0.01637
0.0021
0.02478
0.00271
0.02728
0.00223
0.04379
0.00126
0.02798
0.00093
0.03136
0.02152
0.00289
