1.65139
2.21902
2.55451
2.75808
2.94513
3.12958
3.39331
3.64404
3.93382
4.2369
4.23106
4.65157
4.65954
4.88637
4.89521
4.62903
4.60129
4.11289
3.54227
3.43613
3.63718
3.83947
3.93265
4.25222
3.81471
3.7547
2.49141
2.16104
2.02397
1.95114
1.829
1.81575
1.79237
1.92417
2.3445
2.73187
2.89608
2.9675
3.21369
3.21524
3.37739
3.66047
3.69834
3.79413
3.86593
3.97437
4.07274
3.80665
3.80021
3.98541
3.26331
2.86904
3.4472
3.82033
3.44775
3.76856
4.22585
3.82248
3.91564
3.68947
3.14184
2.95514
3.78722
4.89985
3.66649
4.29992
4.75741
4.2993
4.15967
4.25307
5.71413
3.89765
4.49304
5.38115
6.07375
4.80584
5.09899
4.80886
4.01359
3.6639
3.4137
3.59696
4.31465
5.03145
4.22468
3.34436
2.77726
2.84616
2.41712
3.49856
3.21526
3.36205
2.87944
2.97819
2.86163
3.07833
3.08687
3.03292
2.87151
3.19075
2.93087
3.01823
2.8279
2.6668
2.45508
2.61394
2.44499
2.27625
2.01934
1.97193
1.88178
1.8724
1.92114
1.87973
2.04357
1.94141
1.83864
2.1221
2.13786
2.1914
2.26207
2.13561
2.1448
2.25213
2.27125
2.24017
2.28052
2.35376
2.26465
2.37729
2.43019
2.57174
2.64255
2.5932
2.6388
2.98303
3.13036
2.98052
3.31461
3.34765
3.38241
3.5723
2.99965
2.5342
2.5916
2.51958
2.59158
2.80776
2.64174
2.87766
2.90448
2.79314
2.67175
2.51002
2.73678
2.65288
2.73718
2.75565
2.76042
2.85944
2.87909
2.76722
2.89498
3.09238
3.12347
3.13512
3.355
3.29487
3.42976
3.19841
3.2158
3.00991
3.30137
3.57517
3.40879
3.38084
3.54628
3.45826
3.56426
3.64038
3.46597
3.37021
3.30216
3.50865
3.6254
3.40473
3.37059
3.41824
3.47526
3.31013
3.30721
3.26653
3.2331
3.3613
3.86173
3.33413
3.27829
3.63569
3.3604
3.41265
3.36028
3.23293
3.1125
3.09989
3.03825
3.10124
3.20387
3.15448
3.3612
3.11929
3.32387
3.50517
3.55718
3.7623
3.45545
3.43514
3.75212
4.16722
3.75764
3.40942
3.56436
3.45459
3.49379
3.67613
3.68085
3.52145
3.32552
3.40749
3.50482
3.41317
3.50783
3.8206
3.57701
3.62282
3.47368
3.65822
3.57211
3.56035
3.72409
3.60835
3.60023
3.53278
3.69883
3.71839
3.81074
3.54873
3.53415
3.65461
4.10415
4.11515
4.11323
4.07769
4.2079
4.19475
4.1449
4.1998
4.1574
4.02463
4.1554
3.95419
3.99039
3.98505
4.00731
4.19364
4.30832
4.27657
4.48066
5.26131
6.01513
6.03643
6.32114
6.56159
6.34008
6.42108
6.63179
6.79763
6.54727
6.75117
6.5881
6.78489
7.02653
6.84855
6.42433
6.38252
6.56899
6.73869
6.73688
6.62816
6.7719
6.87754
6.62724
6.64106
6.81145
7.02558
7.04639
7.02598
6.99729
7.19771
7.16348
7.0156
6.89558
7.00069
7.29422
7.38294
7.38331
7.27701
7.40007
7.37
7.50091
7.68615
7.83337
7.94543
7.89753
7.77045
7.54189
7.42227
7.42172
7.20757
7.25396
7.19501
7.39739
7.56168
7.4556
7.83373
7.80887
7.72117
8.17682
8.1464
8.12624
8.12035
8.13743
8.14142
8.26972
8.4472
8.51591
8.41448
8.56908
8.60748
8.79168
8.70404
8.81186
9.08221
9.19815
9.20505
9.15693
9.20436
9.4473
9.22781
9.214
9.15638
9.13751
9.0332
8.87716
8.97971
9.02009
8.92503
9.00391
8.96423
9.15663
9.3156
9.39223
8.80329
9.28294
9.34355
9.37977
9.55087
9.60443
9.75811
9.5351
9.64481
9.77716
9.80088
9.87183
9.99886
9.88972
10.12925
10.05751
9.96493
10.16799
10.073
10.10711
10.02255
10.17212
10.28488
10.2786
10.14791
10.28877
10.24797
10.15136
10.16646
10.23816
10.10968
10.13453
10.44526
10.18944
10.16623
10.26224
10.3933
10.44322
10.37362
10.44709
10.46172
10.56193
10.39739
10.32139
10.47036
10.4778
10.40616
10.12136
10.44755
10.51658
10.54351
10.47256
10.51645
10.50853
10.57903
10.54564
10.59629
10.53374
10.68059
10.5729
10.71238
10.73676
10.45088
10.79122
10.75443
10.66949
10.74096
10.77646
10.61938
10.61682
10.72063
10.91922
10.76595
10.78316
10.56071
10.66918
10.84708
10.85388
10.79099
10.9649
10.91069
10.92404
10.83841
11.02254
10.66869
10.95461
10.77891
10.88558
10.86624
11.0513
11.04358
10.945
10.90199
11.00066
10.88725
10.84828
11.33332
11.00123
11.06379
11.42151
11.04128
11.45269
11.49496
11.32664
11.251
11.70778
11.5453
11.41084
11.2376
11.16826
11.3265
11.48417
11.69627
11.615
11.71989
11.3427
12.14958
11.56101
11.28313
11.34028
11.44246
11.69899
11.1924
11.36912
11.38299
11.49071
11.5484
11.44201
11.47063
11.49314
11.53561
11.53257
11.5204
11.53031
11.47165
11.53536
11.53264
11.42418
11.52845
11.4282
11.58835
11.42944
11.53122
11.29405
11.55234
11.26097
11.49418
11.31699
11.29333
11.37621
11.36577
11.10732
11.28963
11.23222
11.44195
11.08263
11.29213
11.21776
11.40919
11.29164
11.33595
11.12727
11.32677
11.24449
11.16603
11.25444
11.28639
11.18153
11.28348
11.19408
11.29082
11.12191
11.33506
11.02751
11.23181
11.20222
11.31721
11.17741
11.18999
11.14931
11.1034
11.19234
10.95276
11.14786
11.0813
11.00519
11.11626
11.10924
11.13698
11.08728
11.00836
11.08254
11.09233
11.00159
11.05349
11.12105
10.93862
10.99035
11.04734
10.97374
10.96832
11.02765
10.88101
10.99264
10.83287
10.96031
11.06527
10.89306
10.97704
11.13196
10.94779
10.70223
10.85693
10.75819
10.82319
11.0063
11.21449
11.04544
11.1261
11.17921
11.10905
11.19657
11.12706
11.03299
11.09603
10.81171
11.11072
10.76768
10.95815
11.03913
10.84893
11.03361
11.01867
11.16028
10.97566
11.14815
11.04215
11.25736
11.01885
11.16504
11.14882
11.20219
11.0752
11.10082
11.06856
11.16475
10.94421
11.13395
11.06425
11.12353
11.41899
11.06041
10.91562
10.98215
10.83312
11.05274
10.91381
10.8558
11.05114
10.87647
10.85774
10.79783
10.90716
10.69417
10.79693
10.87923
10.97718
10.68451
10.91261
10.98172
10.74129
10.98799
10.94024
10.8817
10.89645
10.95456
10.77763
10.91858
10.76767
10.81916
10.87252
10.85256
10.94839
10.80119
10.94388
10.91849
10.796
10.46014
10.36571
10.557
10.60979
10.8573
10.57895
10.85546
10.85632
10.79195
11.04312
10.90537
11.0467
10.77408
11.05302
10.86883
11.01212
10.93383
10.96762
11.04989
10.92519
10.88776
11.01681
10.87863
10.89794
10.9377
10.96444
10.88154
11.09519
10.9184
11.05127
10.89268
10.95337
10.95696
10.99382
10.8432
10.92281
10.77182
10.89237
10.77851
10.85139
10.70174
10.80283
10.78786
10.7897
10.79214
10.92166
10.72529
10.91853
10.8477
10.97578
10.91838
10.96979
10.95641
11.05918
10.8917
10.96182
10.97851
10.95858
10.96921
10.96463
11.03999
10.85859
11.13734
11.06332
11.08511
11.10978
11.1246
11.19538
11.09316
11.11142
11.25122
11.27183
11.17194
11.20361
11.21492
11.12823
11.28622
11.0234
11.1466
11.12399
11.13996
11.04292
11.18543
11.03265
11.02812
11.10895
11.14845
11.06735
11.04264
11.19005
11.08656
11.10376
11.18931
11.02125
11.14223
11.0868
11.0543
11.11016
11.12767
11.11399
11.13548
11.02603
11.07661
11.0776
11.06502
11.13265
11.09825
11.03452
11.13077
11.02298
11.18053
11.18588
11.13554
11.30196
11.22732
11.16398
11.24903
11.18248
11.30855
11.27958
11.29297
11.22846
11.33143
11.29776
11.27155
11.37963
11.34476
11.29187
11.36815
11.38241
11.39734
11.26456
11.36844
11.34266
11.47368
11.22557
11.41895
11.42278
11.18879
11.4762
11.37519
11.33001
11.33376
11.30405
11.31735
11.36237
11.11707
11.15527
11.26571
11.28058
11.18576
11.19235
11.19606
11.21699
11.19894
11.35942
11.25206
11.22225
11.34666
11.24383
11.23362
11.28063
11.14307
11.15297
11.27166
11.30991
11.11843
11.32393
11.35873
11.24767
11.20684
11.24685
11.2594
11.26167
11.1214
11.09944
11.03912
11.14169
11.3036
11.13298
11.19592
11.29538
11.39778
11.23638
11.41015
10.32506
10.76271
10.84323
10.93113
11.05206
11.12636
11.17473
11.04244
11.21938
11.05354
11.36766
11.20446
11.30567
11.36855
11.37425
11.15791
11.26502
11.4031
11.30184
11.38896
11.39705
11.4594
11.27115
11.49359
11.41744
11.42693
11.59456
11.37247
11.55182
11.56873
11.49019
11.57458
11.50963
11.76208
11.63984
11.41149
11.60353
11.57945
11.64593
11.69563
11.58487
11.59514
11.71483
11.63412
11.67397
11.74119
11.52005
11.79098
11.74435
11.57518
11.59008
11.75662
11.73261
11.47278
11.76782
11.62409
11.74564
11.68369
11.68641
11.76089
11.61621
11.59742
11.6567
11.62499
11.71375
11.64217
11.61824
11.69328
11.73607
11.74911
11.85848
11.73299
11.65769
11.63003
11.90343
11.69967
11.65611
11.77851
11.89439
11.79711
11.79099
11.90245
11.8362
11.79924
11.63542
11.75301
11.78482
11.87648
11.6291
11.91487
11.60781
11.78275
11.75725
11.81601
11.64242
11.68404
10.97268
11.14624
11.08458
11.32038
11.16777
11.25419
11.37414
11.39259
11.38059
11.36938
11.4772
11.63586
11.61533
11.64365
11.62441
11.49984
11.64727
11.5799
11.69854
11.53745
11.59372
11.64163
11.51398
11.67549
11.56535
11.65504
11.68198
11.62029
11.70844
11.63712
12.00651
11.68433
11.62708
11.87981
11.76153
11.85995
11.939
11.78603
11.56806
11.63989
11.77479
11.69969
11.71126
11.69433
11.70247
11.77622
11.47484
11.78465
11.8563
11.52304
11.85533
11.68395
11.77786
11.61675
11.70056
11.65335
11.78268
11.64341
11.84604
11.52425
11.82519
11.53862
11.78333
11.45235
11.56999
11.57363
11.58776
11.61033
11.54245
11.61761
11.511
11.7118
11.58366
11.68202
11.90985
11.68629
11.56875
11.69335
11.73249
11.64057
11.65256
11.69246
11.65554
11.75633
11.55082
11.6957
11.83915
11.52489
11.89569
11.52299
11.50696
12.55541
12.43687
11.46346
11.45139
11.60279
11.8987
11.70815
12.08256
11.52023
11.61362
11.46517
12.03693
11.48995
11.56408
11.7938
14.98168
10.41888
10.73612
11.36697
11.51266
11.24563
11.18683
12.42946
11.89545
11.39136
12.34901
11.93571
10.70631
11.25278
11.47119
12.71756
11.594
12.05816
11.40262
11.58998
12.15439
11.97971
11.45866
12.41006
11.56174
11.70367
11.50952
11.64631
11.59489
11.66526
11.48609
11.82789
11.8491
11.6378
11.4166
11.84414
11.41873
11.56179
11.6002
11.48279
11.51924
11.57955
11.52136
11.60995
11.46285
11.58375
11.55579
11.56191
11.51834
11.4369
11.47933
11.47396
11.62805
11.48118
11.35
11.50006
11.48825
11.63765
11.48512
11.63433
11.57912
11.46867
11.4651
11.46522
11.50388
11.44183
11.67819
11.42755
11.44199
11.77097
11.50069
11.65605
11.54737
11.59685
11.57388
11.54432
11.6546
11.65957
11.00222
11.20635
11.31527
11.52813
11.27362
11.61657
11.47576
11.60519
11.48332
11.44608
11.50821
11.57733
11.66046
11.55886
11.61851
11.54483
11.39767
11.58529
11.44914
11.29352
11.35544
11.31935
11.35877
11.26516
11.34889
11.06593
11.10332
11.11758
10.836
10.88675
10.67063
10.68022
10.48431
10.56139
10.39166
10.28527
10.19088
10.08749
10.00323
9.74707
9.35106
8.94028
8.5611
7.56807
7.62074
6.9389
6.14452
5.83118
5.66496
5.79243
5.76929
5.40157
5.19307
5.44942
5.36809
5.34702
5.07514
4.69953
5.06156
4.8852
4.96388
5.06303
5.23663
5.30977
5.24454
5.28745
5.06343
5.11822
5.27211
5.01249
4.8901
4.60282
4.63909
4.82367
4.89187
5.49027
4.86481
5.15776
5.68571
5.8868
5.66972
5.10318
4.9619
5.01841
5.0951
5.50549
5.42782
4.89834
4.8054
5.17461
5.11666
5.52775
5.32995
5.11819
5.03523
5.77456
5.05642
5.67018
5.5461
4.65732
4.82709
4.9963
4.73874
5.4874
4.87264
4.92608
5.20199
5.13846
5.70792
5.41037
5.43794
5.32826
6.12124
5.94646
5.39493
5.2361
5.36824
5.21545
5.33458
5.17059
5.36829
6.13135
5.5545
5.13281
5.90835
5.42435
5.15427
5.61712
5.6142
5.07206
4.97471
5.14758
5.24749
10.67664
5.2857
5.42389
5.76894
5.87241
5.3405
4.41675
4.96661
5.51453
5.65471
4.64968
4.86982
5.19678
5.83778
5.24057
4.7256
4.62171
4.93541
6.24142
5.35926
5.1356
5.64732
5.45809
5.39052
6.00613
6.06454
4.89789
5.00823
5.14365
4.84061
5.505
4.93545
4.77565
5.20558
5.6564
5.29312
5.08347
5.38874
4.18368
4.86812
4.91218
5.1788
5.41587
5.49436
5.19695
5.33219
5.36831
5.90697
5.79251
6.00249
6.58457
6.72456
8.88279
5.99819
6.51536
5.94932
6.43127
6.0516
5.83878
5.33621
4.5235
4.90412
5.71523
5.19072
5.92623
6.61632
5.82465
5.52502
5.58696
5.22335
5.20421
5.61126
5.44949
5.12079
5.20065
5.24074
5.2983
5.89024
5.77592
5.03393
4.93163
5.17946
4.59775
4.55197
5.84845
5.72384
5.44741
4.88637
4.93625
5.74384
5.63725
5.10066
5.47729
5.27456
5.72166
5.2692
5.12492
5.21653
5.03447
5.47391
5.59163
5.22934
5.19424
5.36066
5.39415
6.75766
5.75557
5.6709
6.1917
6.13296
6.41074
6.44714
6.8821
5.96739
6.87393
6.76645
7.09355
6.78055
6.7376
6.94207
5.94309
6.29535
6.4944
6.7474
6.68616
6.51619
6.73818
6.7201
7.67367
6.66625
6.429
6.01321
5.6737
5.6266
6.03742
5.7263
6.02235
6.45604
5.54465
5.78191
6.11181
6.46207
6.62436
5.62303
6.19461
6.42672
6.26116
5.96422
6.08256
6.77857
5.57626
6.25073
6.91865
7.26013
