0.24469
0.13888
0.0963
0.07501
0.06124
0.05184
0.04038
0.03279
0.02689
0.02114
0.02128
0.0174
0.01595
0.01507
0.01314
0.01376
0.0127
0.02252
0.03384
0.03692
0.03137
0.02845
0.02499
0.01871
0.0374
0.10493
0.20672
0.21003
0.21757
0.23803
0.23878
0.24823
0.25687
0.22448
0.13941
0.10166
0.08987
0.07785
0.06869
0.08101
0.07492
0.04492
0.03857
0.04004
0.03344
0.02735
0.04195
0.05609
0.04003
0.05204
0.09088
0.12245
0.07357
0.09557
0.06388
0.04696
0.02381
0.05358
0.03872
0.07899
0.09204
0.12403
0.06897
0.03013
0.0594
0.02473
0.0156
0.03267
0.03705
0.02971
0.018
0.07946
0.03583
0.04988
0.01523
0.028
0.03012
0.03992
0.05365
0.09261
0.12814
0.06559
0.04696
0.05382
0.08493
0.09315
0.13925
0.11554
0.15835
0.09795
0.08827
0.06846
0.1071
0.10391
0.11599
0.10168
0.09051
0.10367
0.11825
0.08528
0.12561
0.12138
0.134
0.14168
0.19731
0.13959
0.1804
0.17807
0.20984
0.22159
0.23421
0.239
0.2228
0.22879
0.20513
0.21694
0.21448
0.19382
0.19964
0.19088
0.18768
0.19366
0.17935
0.17694
0.17149
0.18249
0.17796
0.16138
0.1841
0.14978
0.16688
0.13263
0.12751
0.1484
0.1416
0.13361
0.10188
0.10718
0.09246
0.08559
0.09395
0.08365
0.12703
0.15106
0.13272
0.14964
0.13207
0.11719
0.13677
0.11197
0.10633
0.13156
0.16295
0.16601
0.14937
0.14936
0.11925
0.12704
0.12947
0.1168
0.13358
0.13467
0.11632
0.09217
0.09569
0.10725
0.09266
0.0969
0.08033
0.09669
0.09338
0.11475
0.09276
0.0758
0.07927
0.0559
0.05358
0.08796
0.06445
0.06882
0.06914
0.0879
0.07742
0.05958
0.0803
0.09046
0.08127
0.09221
0.07763
0.10088
0.0888
0.08855
0.08749
0.08198
0.05868
0.10409
0.07559
0.08144
0.10226
0.07804
0.08764
0.09833
0.12198
0.11178
0.10659
0.09281
0.11262
0.08022
0.10605
0.1242
0.07173
0.07682
0.07002
0.07595
0.11087
0.068
0.05085
0.031
0.08025
0.08247
0.05746
0.07761
0.06531
0.07826
0.06937
0.0833
0.11155
0.08751
0.08419
0.0928
0.06519
0.05641
0.06759
0.08046
0.08596
0.07077
0.07622
0.06667
0.0475
0.0754
0.08047
0.08209
0.06294
0.08011
0.08133
0.07096
0.0706
0.06173
0.04706
0.05335
0.04987
0.06097
0.0512
0.04104
0.04954
0.05473
0.0446
0.04901
0.04842
0.06615
0.06542
0.05376
0.05284
0.05337
0.03219
0.04785
0.02258
0.01313
0.00923
0.00901
0.00669
0.0062
0.00639
0.00638
0.0052
0.00431
0.00564
0.00458
0.00419
0.0036
0.00346
0.00363
0.00434
0.00449
0.00352
0.00324
0.0029
0.00301
0.00253
0.00218
0.00235
0.00224
0.00219
0.00186
0.00177
0.00177
0.00178
0.00146
0.00154
0.00168
0.00187
0.00193
0.0016
0.00158
0.00163
0.00164
0.00149
0.00159
0.00125
0.00104
0.00127
0.00132
0.00128
0.00103
0.00126
0.00131
0.00125
0.00144
0.00148
0.00155
0.00131
0.00112
0.00109
0.00088
0.00086
0.00099
0.00074
0.0007
0.00076
0.00079
0.00071
0.00073
0.00066
0.0006
0.00055
0.00057
0.00055
0.00064
0.0006
0.00063
0.00062
0.00058
0.00051
0.0005
0.00049
0.00054
0.00048
0.00052
0.00053
0.00049
0.00049
0.00045
0.00048
0.00053
0.00047
0.00049
0.00043
0.00047
0.00041
0.00042
0.00037
0.00062
0.0004
0.0004
0.0004
0.00039
0.00038
0.00032
0.00033
0.00031
0.00028
0.00029
0.00026
0.00024
0.00024
0.00022
0.00021
0.00021
0.00021
0.00019
0.00019
0.00021
0.00019
0.00019
0.0002
0.00019
0.0002
0.00018
0.00017
0.00018
0.00018
0.00018
0.00018
0.00017
0.00018
0.00018
0.00018
0.00017
0.00016
0.00016
0.00016
0.00015
0.00015
0.00016
0.00015
0.00016
0.00015
0.00016
0.00018
0.00016
0.00015
0.00015
0.00014
0.00014
0.00014
0.00013
0.00013
0.00014
0.00012
0.00012
0.00012
0.00012
0.00012
0.00012
0.00012
0.00012
0.00011
0.00011
0.00011
0.00013
0.00012
0.00011
0.00011
0.0001
0.00011
0.00012
0.00011
0.0001
0.00011
0.0001
0.0001
9e-05
0.0001
9e-05
0.0001
9e-05
0.0001
0.0001
9e-05
0.0001
0.0001
0.0001
0.0001
0.00011
0.00011
0.0001
0.00011
0.00011
0.0001
0.0001
9e-05
0.0001
9e-05
9e-05
8e-05
8e-05
8e-05
8e-05
8e-05
7e-05
7e-05
7e-05
7e-05
7e-05
7e-05
7e-05
7e-05
7e-05
6e-05
7e-05
6e-05
6e-05
6e-05
6e-05
6e-05
6e-05
6e-05
6e-05
5e-05
5e-05
6e-05
5e-05
5e-05
6e-05
5e-05
5e-05
5e-05
5e-05
5e-05
5e-05
5e-05
5e-05
5e-05
5e-05
5e-05
5e-05
5e-05
5e-05
5e-05
5e-05
5e-05
6e-05
5e-05
5e-05
5e-05
5e-05
5e-05
5e-05
5e-05
5e-05
5e-05
5e-05
5e-05
5e-05
5e-05
5e-05
5e-05
5e-05
5e-05
5e-05
5e-05
5e-05
5e-05
5e-05
5e-05
5e-05
5e-05
5e-05
5e-05
5e-05
5e-05
5e-05
5e-05
5e-05
5e-05
5e-05
5e-05
5e-05
5e-05
5e-05
5e-05
5e-05
5e-05
5e-05
6e-05
5e-05
5e-05
5e-05
5e-05
6e-05
6e-05
6e-05
6e-05
6e-05
6e-05
6e-05
6e-05
6e-05
7e-05
6e-05
6e-05
6e-05
9e-05
8e-05
8e-05
7e-05
7e-05
6e-05
7e-05
6e-05
6e-05
6e-05
6e-05
6e-05
6e-05
6e-05
6e-05
6e-05
7e-05
6e-05
6e-05
6e-05
6e-05
6e-05
6e-05
6e-05
6e-05
6e-05
6e-05
5e-05
6e-05
5e-05
5e-05
5e-05
5e-05
5e-05
5e-05
6e-05
6e-05
5e-05
5e-05
5e-05
5e-05
6e-05
6e-05
6e-05
6e-05
6e-05
5e-05
6e-05
6e-05
6e-05
6e-05
6e-05
6e-05
6e-05
6e-05
6e-05
6e-05
6e-05
6e-05
6e-05
6e-05
6e-05
6e-05
6e-05
6e-05
7e-05
6e-05
6e-05
6e-05
6e-05
6e-05
6e-05
6e-05
6e-05
6e-05
5e-05
8e-05
8e-05
7e-05
6e-05
6e-05
6e-05
6e-05
6e-05
6e-05
6e-05
5e-05
5e-05
5e-05
5e-05
5e-05
5e-05
5e-05
5e-05
5e-05
5e-05
5e-05
5e-05
5e-05
5e-05
5e-05
5e-05
5e-05
5e-05
5e-05
5e-05
5e-05
5e-05
5e-05
5e-05
6e-05
5e-05
6e-05
6e-05
6e-05
6e-05
6e-05
6e-05
6e-05
6e-05
6e-05
6e-05
6e-05
6e-05
5e-05
5e-05
5e-05
5e-05
5e-05
5e-05
5e-05
5e-05
5e-05
5e-05
5e-05
5e-05
5e-05
5e-05
5e-05
5e-05
5e-05
5e-05
4e-05
4e-05
4e-05
4e-05
4e-05
4e-05
4e-05
4e-05
4e-05
5e-05
4e-05
5e-05
4e-05
5e-05
5e-05
4e-05
4e-05
5e-05
5e-05
5e-05
5e-05
5e-05
5e-05
5e-05
4e-05
5e-05
5e-05
5e-05
5e-05
5e-05
5e-05
4e-05
5e-05
5e-05
5e-05
5e-05
5e-05
5e-05
5e-05
5e-05
5e-05
5e-05
5e-05
5e-05
5e-05
5e-05
5e-05
5e-05
5e-05
4e-05
5e-05
4e-05
4e-05
4e-05
4e-05
4e-05
4e-05
4e-05
4e-05
4e-05
4e-05
4e-05
4e-05
4e-05
4e-05
4e-05
4e-05
4e-05
4e-05
4e-05
4e-05
4e-05
4e-05
4e-05
4e-05
4e-05
4e-05
4e-05
4e-05
4e-05
4e-05
4e-05
4e-05
4e-05
4e-05
4e-05
5e-05
4e-05
4e-05
4e-05
4e-05
4e-05
4e-05
4e-05
4e-05
4e-05
4e-05
4e-05
4e-05
4e-05
4e-05
4e-05
4e-05
4e-05
5e-05
4e-05
4e-05
4e-05
6e-05
5e-05
5e-05
5e-05
5e-05
5e-05
5e-05
4e-05
4e-05
4e-05
4e-05
9e-05
7e-05
6e-05
6e-05
6e-05
5e-05
5e-05
5e-05
5e-05
5e-05
4e-05
5e-05
4e-05
4e-05
4e-05
4e-05
4e-05
4e-05
4e-05
4e-05
4e-05
4e-05
4e-05
4e-05
4e-05
4e-05
4e-05
4e-05
3e-05
3e-05
3e-05
3e-05
3e-05
3e-05
3e-05
3e-05
3e-05
3e-05
3e-05
3e-05
3e-05
3e-05
3e-05
3e-05
3e-05
3e-05
3e-05
3e-05
3e-05
3e-05
3e-05
3e-05
3e-05
3e-05
3e-05
3e-05
3e-05
3e-05
3e-05
3e-05
3e-05
3e-05
3e-05
3e-05
3e-05
3e-05
3e-05
3e-05
3e-05
3e-05
3e-05
3e-05
3e-05
3e-05
3e-05
3e-05
3e-05
3e-05
3e-05
3e-05
3e-05
3e-05
3e-05
3e-05
3e-05
3e-05
3e-05
3e-05
3e-05
3e-05
3e-05
3e-05
3e-05
3e-05
3e-05
3e-05
5e-05
5e-05
4e-05
4e-05
4e-05
4e-05
4e-05
4e-05
4e-05
4e-05
4e-05
3e-05
3e-05
3e-05
3e-05
3e-05
3e-05
3e-05
3e-05
3e-05
3e-05
3e-05
3e-05
3e-05
3e-05
3e-05
3e-05
3e-05
3e-05
3e-05
3e-05
3e-05
3e-05
3e-05
3e-05
3e-05
3e-05
3e-05
3e-05
3e-05
3e-05
3e-05
3e-05
3e-05
3e-05
3e-05
3e-05
3e-05
3e-05
3e-05
3e-05
3e-05
3e-05
3e-05
3e-05
3e-05
3e-05
3e-05
3e-05
3e-05
3e-05
3e-05
3e-05
3e-05
3e-05
3e-05
3e-05
3e-05
3e-05
3e-05
3e-05
3e-05
3e-05
3e-05
3e-05
3e-05
3e-05
3e-05
3e-05
3e-05
3e-05
3e-05
3e-05
3e-05
3e-05
3e-05
3e-05
3e-05
3e-05
3e-05
4e-05
4e-05
4e-05
4e-05
4e-05
4e-05
4e-05
4e-05
4e-05
4e-05
4e-05
4e-05
4e-05
4e-05
4e-05
4e-05
3e-05
0.00012
8e-05
7e-05
6e-05
5e-05
5e-05
5e-05
4e-05
5e-05
4e-05
4e-05
9e-05
7e-05
6e-05
5e-05
5e-05
5e-05
5e-05
5e-05
4e-05
5e-05
4e-05
4e-05
4e-05
4e-05
4e-05
4e-05
4e-05
4e-05
4e-05
4e-05
4e-05
4e-05
4e-05
4e-05
4e-05
4e-05
4e-05
4e-05
4e-05
4e-05
4e-05
4e-05
4e-05
4e-05
4e-05
4e-05
4e-05
4e-05
4e-05
4e-05
4e-05
4e-05
4e-05
4e-05
4e-05
4e-05
4e-05
4e-05
4e-05
4e-05
4e-05
4e-05
4e-05
4e-05
4e-05
4e-05
4e-05
4e-05
4e-05
4e-05
4e-05
4e-05
4e-05
4e-05
4e-05
4e-05
5e-05
5e-05
5e-05
4e-05
4e-05
4e-05
4e-05
4e-05
4e-05
4e-05
4e-05
4e-05
4e-05
4e-05
4e-05
4e-05
4e-05
4e-05
4e-05
5e-05
5e-05
5e-05
5e-05
5e-05
5e-05
5e-05
5e-05
5e-05
5e-05
6e-05
7e-05
7e-05
7e-05
7e-05
7e-05
8e-05
8e-05
9e-05
0.0001
0.00011
0.00015
0.0002
0.00027
0.00068
0.00056
0.00107
0.00235
0.00334
0.00385
0.0062
0.00605
0.00844
0.00673
0.00466
0.0052
0.00581
0.01007
0.01404
0.00987
0.01138
0.00879
0.00724
0.00865
0.00573
0.00603
0.00621
0.00773
0.00746
0.00838
0.01709
0.00859
0.01684
0.01413
0.01501
0.00962
0.00737
0.01525
0.00721
0.00387
0.0031
0.00752
0.01027
0.0076
0.02398
0.00811
0.00722
0.00491
0.00932
0.01035
0.01536
0.01077
0.03703
0.03676
0.03327
0.0197
0.01644
0.02193
0.00645
0.00933
0.05741
0.03988
0.0294
0.04047
0.01859
0.02569
0.01678
0.0105
0.01626
0.01117
0.01123
0.00663
0.00823
0.02071
0.01283
0.01043
0.01473
0.02796
0.00987
0.01176
0.02455
0.02461
0.00832
0.008
0.01084
0.00641
0.01139
0.01717
0.01128
0.01123
0.01568
0.01856
0.01618
0.01535
0.02412
0.01771
0.02988
0.01964
0.03274
0.03305
0.02395
0.01244
0.01259
0.01765
0.01684
0.01901
0.02507
0.0131
0.00925
0.04132
0.02143
0.01379
0.02404
0.01138
0.01009
0.00753
0.01271
0.00988
0.00831
0.00885
0.02542
0.01715
0.01483
0.01422
0.02028
0.03531
0.02139
0.01903
0.01265
0.01279
0.02435
0.02999
0.02539
0.01183
0.01632
0.01257
0.0138
0.07169
0.0138
0.01193
0.01305
0.00458
0.00734
0.006
0.00532
0.00246
0.00077
0.00698
0.01133
0.00426
0.00222
0.00317
0.00578
0.01169
0.02373
0.01695
0.01645
0.01272
0.00681
0.00853
0.021
0.01486
0.03246
0.02616
0.02056
0.01702
0.02185
0.01449
0.0127
0.01135
0.01153
0.01306
0.00825
0.01238
0.01143
0.01201
0.02674
0.02724
0.0158
0.01965
0.02013
0.02444
0.01262
0.00802
0.0113
0.01293
0.01054
0.00929
0.01237
0.01158
0.0145
0.01833
0.02035
0.01521
0.0107
0.01132
0.01887
0.01703
0.01063
0.01392
0.00951
0.01308
0.00496
0.00578
0.00364
0.00399
0.00381
0.01159
0.00431
0.00482
0.00327
0.00267
0.00244
0.00191
0.00932
0.00774
0.00489
0.00256
0.00266
0.00744
0.0029
0.00194
0.00108
0.00185
0.00219
0.00636
0.00417
0.00554
0.00384
0.00447
0.0053
0.00518
0.00703
0.00578
0.00346
0.00256
0.00292
0.00887
0.00391
0.01199
0.0066
0.0048
0.00382
0.0028
0.01637
0.00938
0.00215
0.00326
