0.38262
0.46206
0.44577
0.45691
0.40422
0.38443
0.3428
0.33277
0.34006
0.36268
0.36361
0.3769
0.38232
0.39383
0.39039
0.39932
0.39962
0.39234
0.38884
0.38985
0.35554
0.35999
0.33841
0.34794
0.31982
0.31471
0.31522
0.30387
0.30152
0.28808
0.29332
0.30276
0.31186
0.31218
0.3193
0.31871
0.33684
0.33347
0.34062
0.33525
0.34586
0.3383
0.33688
0.34246
0.3464
0.35164
0.34761
0.33642
0.34195
0.35389
0.34367
0.35439
0.33517
0.35402
0.3439
0.35651
0.33942
0.34453
0.35754
0.33056
0.35211
0.33756
0.34857
0.33173
0.34863
0.33514
0.34137
0.33683
0.33351
0.32799
0.34412
0.32258
0.32647
0.31984
0.34077
0.31025
0.31308
0.31852
0.3073
0.30128
0.31905
0.29937
0.30121
0.29656
0.31372
0.28219
0.30944
0.27768
0.30048
0.2849
0.28406
0.27403
0.28462
0.271
0.28303
0.2631
0.26637
0.26658
0.26473
0.251
0.25824
0.24717
0.26397
0.2353
0.22309
0.24224
0.23559
0.24098
0.23086
0.2347
0.22473
0.22599
0.22316
0.22561
0.21719
0.20739
0.19981
0.24118
0.19864
0.20355
0.22994
0.19031
0.21324
0.18702
0.227
0.20995
0.1857
0.20536
0.20141
0.19346
0.2025
0.19594
0.20788
0.17296
0.18922
0.20195
0.20636
0.16904
0.19203
0.19259
0.19266
0.14819
0.20805
0.15893
0.18561
0.19241
0.1451
0.18035
0.18255
0.15126
0.19411
0.1736
0.17416
0.19649
0.17444
0.16145
0.19598
0.14362
0.19304
0.17906
0.17054
0.14899
0.19926
0.14963
0.1935
0.1757
0.15371
0.16774
0.17732
0.14222
0.19601
0.17157
0.14604
0.17684
0.14987
0.15453
0.18327
0.13863
0.17428
0.1544
0.17478
0.15887
0.14886
0.14445
0.17157
0.1466
0.16238
0.17121
0.1233
0.1637
0.14949
0.15455
0.15554
0.15919
0.13452
0.15968
0.1733
0.11772
0.1524
0.16056
0.12513
0.1701
0.14269
0.15138
0.14357
0.11559
0.16668
0.1128
0.16635
0.14742
0.12687
0.13231
0.14888
0.15159
0.11722
0.1588
0.14711
0.10699
0.15698
0.13523
0.13189
0.14091
0.14771
0.10135
0.14747
0.12212
0.14934
0.11903
0.15335
0.14089
0.11215
0.14521
0.14116
0.13916
0.10344
0.15117
0.14177
0.10056
0.13956
0.10899
0.14535
0.12781
0.12802
0.13031
0.11489
0.12993
0.13225
0.09899
0.13792
0.12454
0.12982
0.10858
0.13976
0.13899
0.1195
0.12469
0.12728
0.13282
0.08956
0.14282
0.12686
0.10482
0.13297
0.12559
0.12221
0.11097
0.13295
0.09335
0.14046
0.09901
0.1242
0.12964
0.09822
0.1347
0.09438
0.12772
0.1181
0.11318
0.11404
0.11847
0.13354
0.09023
0.1413
0.08456
0.12661
0.11295
0.1282
0.12314
0.09511
0.12005
0.10948
0.1008
0.11295
0.12932
0.11767
0.09194
0.12332
0.09388
0.13543
0.114
0.1095
0.0998
0.13037
0.09076
0.12382
0.12329
0.1035
0.10274
0.14269
0.0858
0.11769
0.11611
0.09478
0.1189
0.08035
0.13737
0.09151
0.09727
0.1023
0.11128
0.09749
0.11384
0.12035
0.08846
0.1157
0.08271
0.11642
0.07741
0.12545
0.10838
0.08872
0.13026
0.0865
0.12079
0.0899
0.10338
0.11888
0.06992
0.1175
0.09744
0.08445
0.12551
0.08569
0.12766
0.08277
0.10815
0.11011
0.11689
0.09277
0.10588
0.10149
0.09864
0.09598
0.12482
0.09588
0.09192
0.10978
0.08792
0.09549
0.11733
0.08226
0.08451
0.12196
0.08089
0.10556
0.11716
0.0717
0.11029
0.11011
0.07716
0.10542
0.11298
0.1102
0.07126
0.1218
0.09103
0.11657
0.10306
0.07627
0.1101
0.12735
0.10241
0.08287
0.11609
0.09022
0.10304
0.09649
0.07846
0.10998
0.10411
0.10659
0.09215
0.11569
0.07896
0.09761
0.13169
0.0843
0.08062
0.12273
0.085
0.10833
0.08497
0.12391
0.06324
0.11142
0.09523
0.07676
0.11806
0.06415
0.09529
0.12169
0.06232
0.10931
0.09234
0.09191
0.08128
0.09692
0.108
0.06378
0.10746
0.08197
0.09336
0.11635
0.08169
0.07607
0.09612
0.07809
0.09463
0.08974
0.09714
0.06651
0.10491
0.06945
0.09331
0.08732
0.07838
0.10073
0.0702
0.0987
0.09215
0.05918
0.10923
0.06028
0.09598
0.07888
0.09802
0.07157
0.1098
0.06186
0.08392
0.09147
0.06614
0.10953
0.05979
0.08203
0.07152
0.0918
0.08809
0.05952
0.09454
0.07016
0.05807
0.09433
0.06239
0.09185
0.06471
0.06278
0.08184
0.07821
0.06613
0.08774
0.06415
0.07484
0.07038
0.08805
0.06673
0.07664
0.06751
0.08725
0.0594
0.08205
0.06707
0.08216
0.0587
0.05504
0.0732
0.07071
0.05925
0.08324
0.05268
0.08277
0.06413
0.05501
0.06811
0.08485
0.068
0.05711
0.08885
0.05247
0.05117
0.0691
0.07504
0.06667
0.08314
0.0647
0.06369
0.06985
0.07593
0.03687
0.07902
0.05809
0.05462
0.08633
0.05205
0.0572
0.06749
0.06282
0.04752
0.08274
0.07073
0.05228
0.0593
0.07329
0.05593
0.07652
0.04767
0.05899
0.08554
0.04538
0.04302
0.08481
0.05259
0.0456
0.05521
0.05681
0.0468
0.09171
0.0365
0.07813
0.04481
0.05248
0.06932
0.05406
0.04635
0.07299
0.04647
0.06693
0.05929
0.0519
0.04893
0.06441
0.05517
0.04772
0.05527
0.05352
0.06017
0.06878
0.04031
0.07401
0.06086
0.05193
0.04453
0.06422
0.05042
0.04796
0.08202
0.05615
0.04239
0.05435
0.06884
0.05318
0.04936
0.05496
0.05391
0.06762
0.05619
0.04646
0.04054
0.06275
0.05477
0.0574
0.04657
0.06049
0.07543
0.04354
0.04584
0.04396
0.05106
0.0643
0.06185
0.04012
0.05237
0.05831
0.05578
0.04797
0.04412
0.03982
0.05425
0.04778
0.04501
0.06084
0.04123
0.06098
0.03645
0.07086
0.0448
0.04576
0.05194
0.04119
0.05952
0.04775
0.04814
0.04375
0.06847
0.03797
0.04437
0.04045
0.05099
0.05873
0.02946
0.04033
0.05155
0.07248
0.05612
0.04318
0.06099
0.01547
0.06215
0.05185
0.03203
0.04781
0.03852
0.06565
0.04405
0.041
0.0456
0.03907
0.04116
0.06521
0.04516
0.02806
0.05705
0.06509
0.0359
0.05247
0.0427
0.03569
0.03968
0.05513
0.04137
0.05378
0.05147
0.04706
0.03725
0.04654
0.04471
0.04219
0.0443
0.05943
0.04295
0.04703
0.02928
0.04634
0.0306
0.06302
0.04185
0.05348
0.04365
0.03876
0.04088
0.02295
0.06995
0.03449
0.05506
0.04559
0.03727
0.03416
0.0301
0.04795
0.0475
0.03295
0.05393
0.05086
0.03002
0.05003
0.04508
0.04083
0.03912
0.05372
0.05017
0.01313
0.04675
0.06129
0.03996
0.04468
0.03251
0.02991
0.03906
0.03531
0.06631
0.04024
0.0278
0.03898
0.02876
0.05727
0.04447
0.0315
0.03875
0.04094
0.03905
0.03411
0.03713
0.04057
0.04581
0.03002
0.0378
0.02637
0.05441
0.04887
0.0355
0.0285
0.03579
0.0421
0.03255
0.05376
0.04079
0.02699
0.03195
0.0391
0.04105
0.04297
0.02472
0.03612
0.04263
0.035
0.04578
0.03652
0.03576
0.03992
0.04442
0.03473
0.01301
0.05532
0.02948
0.0237
0.05154
0.03767
0.04111
0.02449
0.03326
0.04738
0.03496
0.02272
0.03313
0.03127
0.03113
0.04369
0.03628
0.04094
0.0345
0.03778
0.02893
0.04017
0.02511
0.0348
0.03408
0.01483
0.04968
0.03275
0.03691
0.04678
0.01886
0.04844
0.03612
0.03629
0.03367
0.02781
0.03209
0.03554
0.04291
0.02644
0.02513
0.01174
0.05434
0.03384
0.00902
0.04775
0.03499
0.04552
0.02698
0.02863
0.02679
0.04088
0.04134
0.02704
0.03166
0.03988
0.03795
0.03538
0.04244
0.02709
0.03403
0.03919
0.03051
0.02229
0.03368
0.0299
0.0566
0.03192
0.0195
0.03951
0.04328
0.0275
0.03161
0.02975
0.03143
0.02375
0.02775
0.02858
0.0318
0.03758
0.02757
0.02892
0.03119
0.03881
0.02816
0.03668
0.02944
0.02194
0.0363
0.02084
0.02968
0.02368
0.02761
0.03201
0.03097
0.02421
0.03178
0.0299
0.02326
0.03735
0.03456
0.0252
0.02248
0.03185
0.02899
0.05643
0.02802
0.02684
0.03544
0.03606
0.02089
0.03336
0.02461
0.02492
0.02528
0.0327
0.01692
0.03871
0.03725
0.02959
0.03078
0.02869
0.0261
0.0511
0.01743
0.02847
0.03657
0.00948
0.03096
0.03574
0.02162
0.03665
0.02386
0.03231
0.02162
0.0355
0.03071
0.02663
0.02416
0.01464
0.02823
0.03568
0.02661
0.03258
0.01959
0.03878
0.03342
0.01581
0.0232
0.03585
0.0225
0.03285
0.02129
0.01886
0.02364
0.02713
0.02452
0.02783
0.027
0.02839
0.04158
0.02801
0.02604
0.02163
0.03322
0.01866
0.02801
0.03142
0.03037
0.03356
0.03324
0.01991
0.01261
0.04001
0.02048
0.02121
0.03475
0.03607
0.02822
0.02527
0.01728
0.02281
0.02492
0.02897
0.02566
0.02947
0.0286
0.01892
0.03263
0.02836
0.03266
0.02825
0.02928
0.00824
0.034
0.02422
0.02413
0.01818
0.03618
0.03051
0.02778
0.02152
0.02486
0.03403
0.00647
0.03128
0.02145
0.02331
0.03841
0.01475
0.04188
0.00857
0.03042
0.0224
0.03543
0.0209
0.02321
0.02847
0.00896
0.02276
0.03323
0.03289
0.02589
0.02957
0.01567
0.03312
0.02109
0.01941
0.03222
0.02226
0.03031
0.02791
0.03361
0.01583
0.03057
0.02434
0.02341
0.0283
0.02604
0.01964
0.02511
0.02146
0.02794
0.03055
0.01967
0.01754
0.02256
0.02318
0.03147
0.03682
0.02122
0.01694
0.02073
0.02486
0.02685
0.01247
0.02885
0.02799
0.02424
0.02646
0.03278
0.02011
0.02631
0.02941
0.02019
0.02669
0.01742
0.01469
0.02747
0.02533
0.03306
0.02789
0.02781
0.02681
0.02943
0.02584
0.02347
0.02165
0.02122
0.02387
0.03743
0.01497
0.03134
0.02393
0.03062
0.0049
0.03142
0.02363
0.02675
0.02552
0.02036
0.0356
0.02231
0.02509
0.03662
0.0169
0.02269
0.02774
0.03297
0.02275
0.0154
0.03099
0.02706
0.02578
0.02965
0.0221
0.02123
0.02695
0.01658
0.02994
0.03569
0.0217
0.02424
0.02537
0.01833
0.02541
0.02658
0.02432
0.02485
0.02988
0.02737
0.03407
0.01857
0.03104
0.01995
0.0177
0.02672
0.02821
0.02597
0.02341
0.02076
0.02316
0.01806
0.03799
0.024
0.02584
0.02076
0.02442
0.02624
0.02329
0.02062
0.01668
0.02844
0.03004
0.03812
0.01932
0.01813
0.02729
0.02962
0.02564
0.02621
0.03125
0.02179
0.02563
0.02887
0.02772
0.02199
0.02749
0.00535
0.02479
0.02577
0.02572
0.03132
0.01503
0.03332
0.02256
0.03394
0.01684
0.03485
0.00911
0.04717
0.02275
0.02316
0.03096
0.02356
0.02216
0.02386
0.02277
0.00751
0.03181
0.03148
0.02107
0.02773
0.03228
0.04002
0.02032
0.02851
0.02935
0.01303
0.01093
0.037
0.00726
0.02779
0.02959
0.02212
0.02385
0.02773
0.0422
0.01113
0.04605
0.008
0.02812
0.02949
0.03731
0.01851
0.00611
0.03506
0.02426
0.0259
0.0217
0.02905
0.01469
0.03433
0.0328
0.02268
0.02296
0.02217
0.03317
0.01968
0.02415
0.02305
0.01828
0.00992
0.03298
0.02318
0.03032
0.0154
0.02163
0.02568
0.01835
0.03802
0.03218
0.02408
0.0209
0.0274
0.03265
0.01639
0.02232
0.0175
0.01425
0.01901
0.02186
0.02599
0.02785
0.02387
0.02917
0.02144
0.02763
0.02279
0.02489
0.02573
0.02523
0.00848
0.04041
0.02131
0.0069
0.03969
0.02038
0.02363
0.01199
0.02616
0.02359
0.01505
0.02495
0.02975
0.02656
0.03223
0.02425
0.01867
0.02095
0.02271
0.02965
0.02484
0.02721
0.02053
0.02239
0.02833
0.00678
0.02409
0.02172
0.01911
0.01935
0.02059
0.02197
0.02444
0.02371
0.02386
0.02253
0.01709
0.02697
0.03446
0.02432
0.02562
0.00698
0.0342
0.02755
0.02583
0.03021
0.00491
0.03613
0.02061
0.02298
0.02714
0.01642
0.03065
0.02067
0.02643
0.015
0.02819
0.02658
0.01262
0.0261
0.02194
0.01265
0.02662
0.0204
0.02494
0.02994
0.01878
0.01895
0.01418
0.03003
0.03225
0.00629
0.02727
0.02208
0.02176
0.0153
0.02052
0.02035
0.01842
0.02265
0.02215
0.02741
0.01334
0.01842
0.03464
0.02556
0.00807
0.02582
0.02394
0.02286
0.02216
0.02811
0.00504
0.04093
0.02244
0.02152
0.02065
0.01812
0.01963
0.01738
0.02183
0.02221
0.02519
0.02718
0.02311
0.03397
0.02662
0.02453
0.00814
0.03246
0.02745
0.00978
0.02741
0.02079
0.02818
0.02496
0.02759
0.02256
0.0212
0.01688
0.01671
0.03497
0.0225
0.01931
0.02247
0.02741
0.01589
0.02456
0.01599
0.01615
0.0243
0.01903
0.02171
0.02414
0.02535
0.02798
0.01713
0.01615
0.02214
0.01654
0.0219
0.02092
0.01808
0.01937
0.02887
0.02268
0.02208
0.02271
0.02252
0.02159
0.02502
0.01131
0.02248
0.02542
0.02262
0.02535
0.02395
0.01568
0.02402
0.02062
0.02897
0.02261
0.03799
0.01313
0.01362
0.02334
0.01436
0.02533
0.02248
0.01725
0.03131
0.02481
0.02617
0.02095
0.00866
0.03094
0.03222
0.01432
0.0315
0.00722
0.01894
0.03538
0.02598
0.0106
0.02704
0.02637
0.02509
0.01955
0.01781
0.01803
0.00371
0.03092
0.02303
0.00702
0.02409
0.01992
0.02185
0.02882
0.03127
0.01442
0.01534
0.0184
0.01597
0.02623
0.01612
0.02432
0.01632
0.01458
0.0218
0.01634
0.01209
0.02165
0.01975
0.01573
0.01182
0.02812
0.02237
0.01471
0.01111
0.02471
0.03439
0.01583
0.01662
0.02578
0.02485
0.02006
0.02597
0.00741
0.02964
0.02103
0.02376
0.01577
0.01603
0.01913
0.01959
0.02725
0.01954
0.01889
0.02607
0.02354
0.01975
0.02735
0.01403
0.03042
0.02393
0.01777
0.01582
0.02954
0.02748
0.01527
0.02052
0.01404
0.03108
0.02441
0.0237
0.00593
0.02982
0.01836
0.01513
0.01845
0.02078
0.0218
0.02084
0.01904
0.01813
0.02279
0.02168
0.0204
0.01505
0.01749
0.0294
0.0205
0.00493
0.02463
0.02157
0.01583
0.02268
0.0128
0.02716
0.01911
0.01857
0.02253
0.02185
0.01371
0.01114
0.02134
0.01582
0.01833
0.0096
0.01318
0.02391
0.01971
0.01919
0.01791
0.02066
0.02122
0.01756
0.01605
0.01395
0.01698
0.02249
0.02232
0.00523
0.02124
0.02961
0.02072
0.01502
0.01941
0.02635
0.02431
0.00465
0.01441
0.02549
0.016
0.01768
0.01361
0.02693
0.01628
0.01695
0.02385
0.0163
0.01906
0.01718
0.02447
0.01638
0.02067
0.01109
0.02222
0.0185
0.02095
0.01775
0.01636
0.01735
0.01882
0.01912
0.02553
0.01409
0.01426
0.01535
0.02252
0.0256
0.01691
0.0212
0.0217
0.02046
0.01488
0.02434
0.01797
0.02278
0.01463
0.01803
0.01778
0.02073
0.00698
0.01875
0.01413
0.02517
0.01366
0.01823
0.02238
0.0188
0.01157
0.02593
0.01253
0.02183
0.00563
0.01675
0.01145
0.01925
0.02347
0.0142
0.02078
0.01809
0.01209
0.02031
0.01306
0.01874
0.02105
0.0194
0.01638
0.01332
0.02365
0.0226
0.01529
0.01685
0.01246
0.01397
0.01709
0.01563
0.01623
0.01293
0.01538
0.01585
0.01586
0.01729
0.00913
0.00884
0.02447
0.02052
0.02467
0.01438
0.01144
0.02282
0.02379
0.02062
0.02195
0.00409
