0.05309
0.40435
0.32983
0.33982
0.27628
0.21868
0.17952
0.18167
0.20692
0.21111
0.24091
0.23838
0.26599
0.26457
0.28969
0.28465
0.29663
0.28925
0.29453
0.27888
0.27326
0.25099
0.25137
0.23536
0.22749
0.20765
0.21808
0.19963
0.21261
0.18522
0.20142
0.21286
0.21035
0.21981
0.21818
0.23305
0.22838
0.24859
0.23305
0.25324
0.25374
0.26139
0.25568
0.26443
0.28087
0.26477
0.27058
0.26734
0.27821
0.27917
0.28461
0.27558
0.28295
0.2773
0.28436
0.28311
0.28037
0.27451
0.28442
0.27434
0.27019
0.28077
0.27073
0.27707
0.27395
0.27168
0.26322
0.27879
0.25455
0.27171
0.26277
0.26114
0.25098
0.26959
0.26122
0.25657
0.24245
0.26169
0.2407
0.24136
0.24914
0.24193
0.22983
0.24418
0.23653
0.2284
0.23786
0.22073
0.23021
0.22617
0.21154
0.22189
0.20554
0.21388
0.214
0.20465
0.19563
0.21371
0.18673
0.1944
0.18475
0.19965
0.17986
0.17564
0.15884
0.16953
0.17001
0.16763
0.17867
0.17237
0.1623
0.15277
0.1643
0.14754
0.15877
0.14709
0.14791
0.15068
0.15417
0.15213
0.1528
0.13101
0.15421
0.1343
0.16757
0.1511
0.14207
0.13573
0.13981
0.13668
0.1475
0.13466
0.15067
0.1219
0.13813
0.13354
0.13788
0.12302
0.1203
0.13322
0.12894
0.10513
0.1549
0.12386
0.11737
0.14824
0.11592
0.11906
0.12723
0.10024
0.14075
0.13626
0.107
0.14012
0.12615
0.11114
0.13115
0.12364
0.12061
0.12696
0.12215
0.10978
0.14386
0.10318
0.13674
0.13031
0.10492
0.11687
0.13102
0.09736
0.13243
0.12636
0.10166
0.12842
0.10481
0.11089
0.12091
0.09822
0.13732
0.09933
0.11778
0.11185
0.11583
0.08912
0.13391
0.09892
0.1126
0.12514
0.08099
0.11525
0.11537
0.09945
0.10505
0.1236
0.09675
0.11316
0.11944
0.08413
0.10895
0.12009
0.07899
0.11434
0.10533
0.11179
0.10088
0.07874
0.12527
0.07148
0.12147
0.10183
0.08548
0.09233
0.10259
0.11269
0.07767
0.11022
0.10065
0.07852
0.10151
0.10444
0.08197
0.0964
0.09703
0.07519
0.10987
0.08291
0.10962
0.08042
0.1071
0.10214
0.0903
0.09254
0.09758
0.09464
0.07527
0.11085
0.10013
0.06798
0.1004
0.07351
0.10649
0.11001
0.07963
0.08225
0.06826
0.09612
0.09833
0.06703
0.09437
0.08723
0.09336
0.07681
0.09605
0.09987
0.082
0.09112
0.08844
0.08887
0.07323
0.10347
0.0879
0.07191
0.10143
0.08825
0.08029
0.074
0.09383
0.06562
0.10936
0.05692
0.08661
0.08734
0.07044
0.09823
0.06027
0.08862
0.09448
0.06822
0.08606
0.07232
0.09871
0.0663
0.10043
0.05594
0.09047
0.07527
0.09359
0.08523
0.06796
0.08229
0.08746
0.06484
0.06945
0.0985
0.08097
0.06539
0.09177
0.07373
0.09589
0.08715
0.07785
0.06732
0.10298
0.06352
0.08476
0.08915
0.07028
0.07078
0.1032
0.06143
0.08635
0.08157
0.06989
0.09055
0.0552
0.09919
0.06421
0.07213
0.06971
0.08235
0.07289
0.08556
0.09276
0.06268
0.08473
0.05823
0.09257
0.05967
0.09453
0.0853
0.05307
0.09472
0.05983
0.09759
0.06964
0.06625
0.08949
0.04688
0.09734
0.06129
0.06117
0.10247
0.07277
0.08932
0.05522
0.07944
0.08176
0.08683
0.07942
0.0667
0.081
0.06703
0.06736
0.09366
0.06614
0.06972
0.08506
0.07498
0.05381
0.09099
0.06071
0.05871
0.09283
0.06111
0.07432
0.08902
0.05228
0.08317
0.08315
0.05443
0.07388
0.08552
0.07871
0.05533
0.08667
0.06848
0.083
0.0776
0.06348
0.07472
0.09882
0.07612
0.05855
0.09361
0.0619
0.07749
0.07865
0.05007
0.08427
0.07258
0.08122
0.06935
0.08992
0.0553
0.07701
0.1035
0.06572
0.0567
0.09772
0.06195
0.08485
0.05891
0.09552
0.05024
0.0801
0.0767
0.05177
0.08686
0.04779
0.06692
0.09989
0.04896
0.07668
0.07056
0.06973
0.06292
0.07235
0.08264
0.0422
0.08264
0.05953
0.06774
0.08773
0.0596
0.05705
0.07342
0.05799
0.06784
0.06321
0.07777
0.05243
0.08125
0.05062
0.07851
0.0583
0.05671
0.07995
0.05252
0.06933
0.07156
0.04131
0.08856
0.04167
0.07034
0.06002
0.07379
0.05485
0.08549
0.04316
0.06186
0.06908
0.04734
0.08783
0.04124
0.06201
0.05272
0.07591
0.07466
0.04225
0.07605
0.05029
0.05873
0.05773
0.0469
0.07298
0.04529
0.0486
0.06165
0.06093
0.04953
0.06236
0.04601
0.06322
0.04463
0.06576
0.04481
0.05581
0.05093
0.06354
0.0433
0.06524
0.04585
0.06182
0.04132
0.04087
0.06903
0.04235
0.04424
0.06368
0.03716
0.06809
0.05143
0.04053
0.05188
0.06561
0.0555
0.04378
0.06938
0.03641
0.04463
0.04268
0.05778
0.04977
0.06432
0.04806
0.04757
0.05571
0.05214
0.02446
0.06057
0.04332
0.03863
0.06749
0.03783
0.04124
0.05398
0.04915
0.0366
0.06032
0.05813
0.03673
0.044
0.05393
0.04418
0.05233
0.03403
0.04545
0.06855
0.03312
0.03332
0.06159
0.03898
0.03262
0.03967
0.04315
0.03303
0.07087
0.02524
0.06607
0.0326
0.03851
0.05091
0.03986
0.03519
0.05763
0.03151
0.06157
0.04294
0.03815
0.03445
0.04641
0.04145
0.03731
0.0411
0.04216
0.06349
0.03771
0.02926
0.0574
0.04667
0.04015
0.03362
0.05059
0.03671
0.03431
0.06182
0.0458
0.02885
0.04027
0.05267
0.04131
0.03559
0.04238
0.04201
0.05839
0.04259
0.0359
0.03133
0.04701
0.04318
0.03991
0.03485
0.04507
0.0558
0.03123
0.03182
0.03474
0.04089
0.04784
0.04812
0.02711
0.03907
0.04734
0.04296
0.03601
0.03399
0.02913
0.04388
0.03538
0.03364
0.04513
0.02954
0.04711
0.03389
0.04469
0.03245
0.03235
0.04242
0.02859
0.04409
0.03391
0.03817
0.03082
0.05316
0.02673
0.0324
0.03231
0.03778
0.04586
0.01901
0.0294
0.04216
0.05724
0.04654
0.03577
0.04252
0.00989
0.04739
0.03971
0.02083
0.03494
0.03249
0.05121
0.0346
0.02871
0.03669
0.02953
0.0281
0.05214
0.03638
0.0265
0.03699
0.05374
0.02492
0.04156
0.03389
0.02801
0.02768
0.0423
0.02811
0.0439
0.03941
0.03375
0.02964
0.03427
0.03616
0.03092
0.03541
0.04954
0.03148
0.03504
0.01776
0.03648
0.02896
0.05802
0.01684
0.04185
0.03568
0.02756
0.035
0.01344
0.0532
0.02571
0.0429
0.03402
0.02701
0.0245
0.02058
0.04212
0.03652
0.02126
0.04142
0.04025
0.02047
0.03812
0.03454
0.03173
0.02734
0.04115
0.0369
0.00768
0.03632
0.04597
0.02992
0.03395
0.02231
0.02143
0.03123
0.02672
0.05969
0.0263
0.01885
0.02875
0.01918
0.04586
0.03189
0.02305
0.03143
0.03394
0.03108
0.02376
0.02736
0.03098
0.03295
0.02292
0.03055
0.01862
0.043
0.03699
0.02748
0.01962
0.02552
0.03112
0.02573
0.04491
0.03054
0.01895
0.02378
0.02933
0.02841
0.03326
0.0181
0.02634
0.03471
0.0268
0.03533
0.0292
0.02529
0.0294
0.03738
0.02829
0.007
0.04744
0.02926
0.01589
0.03133
0.02861
0.02982
0.01827
0.03092
0.02792
0.03315
0.00679
0.02615
0.02087
0.03294
0.02086
0.02781
0.03127
0.02738
0.03237
0.02102
0.03099
0.01871
0.02471
0.0294
0.00669
0.04296
0.02517
0.02912
0.04017
0.01901
0.03098
0.02623
0.02728
0.02585
0.02018
0.02485
0.02793
0.03408
0.01942
0.01943
0.0063
0.04133
0.02701
0.01321
0.03147
0.02709
0.03309
0.01886
0.02114
0.01972
0.03212
0.0318
0.01923
0.02232
0.03299
0.02962
0.02834
0.03231
0.01884
0.02329
0.0299
0.02111
0.01472
0.02607
0.02026
0.04418
0.02653
0.01819
0.02185
0.03443
0.02397
0.02289
0.0208
0.02209
0.02906
0.00942
0.02262
0.02447
0.03071
0.02257
0.02106
0.02136
0.02972
0.02111
0.02743
0.02247
0.01377
0.02725
0.01612
0.02215
0.01573
0.02108
0.02722
0.02994
0.009
0.02313
0.02152
0.01504
0.0268
0.02474
0.01928
0.01568
0.02403
0.02214
0.04151
0.02098
0.01634
0.02613
0.02917
0.01191
0.02665
0.0194
0.01863
0.02022
0.02366
0.01098
0.03074
0.02731
0.0246
0.02569
0.01955
0.01758
0.04083
0.01571
0.01859
0.02515
0.00777
0.01988
0.02741
0.0154
0.02976
0.01659
0.02522
0.0145
0.0269
0.02212
0.01852
0.01735
0.0164
0.01167
0.02926
0.01813
0.02603
0.01287
0.02872
0.02697
0.00979
0.01681
0.02809
0.01914
0.02467
0.01543
0.01517
0.01668
0.02755
0.01562
0.02004
0.01956
0.02024
0.03413
0.02307
0.01896
0.01465
0.02782
0.01297
0.01997
0.02408
0.02202
0.02426
0.02323
0.02076
0.00376
0.03083
0.01363
0.01443
0.0258
0.03178
0.02226
0.01723
0.02255
0.00789
0.01399
0.02286
0.01855
0.02061
0.02362
0.01334
0.02774
0.01813
0.02211
0.02115
0.02057
0.00429
0.02466
0.01747
0.01775
0.01089
0.02927
0.02551
0.01805
0.01474
0.01461
0.0257
0.00348
0.02441
0.01453
0.01411
0.02706
0.00962
0.03145
0.00467
0.02162
0.0154
0.02516
0.01515
0.01581
0.02729
0.0156
0.00736
0.02415
0.02359
0.02078
0.01955
0.01175
0.02326
0.01378
0.01271
0.02368
0.01575
0.02212
0.02026
0.02464
0.00968
0.02435
0.01611
0.0165
0.01701
0.02007
0.01311
0.01998
0.01456
0.02168
0.02175
0.01442
0.01213
0.0171
0.01516
0.02492
0.02758
0.01436
0.01011
0.01462
0.01847
0.01697
0.00784
0.02321
0.02015
0.01804
0.01818
0.02126
0.0113
0.01632
0.02266
0.01578
0.01677
0.01748
0.00609
0.01918
0.01847
0.0252
0.02127
0.02042
0.02122
0.02207
0.01641
0.01722
0.01509
0.01462
0.0202
0.03411
0.01092
0.02244
0.01574
0.02063
0.0022
0.02158
0.01629
0.01912
0.01901
0.01653
0.0212
0.01558
0.01898
0.02542
0.01011
0.01658
0.01968
0.02679
0.0171
0.01609
0.01435
0.01806
0.01965
0.02307
0.01413
0.01216
0.01824
0.01086
0.02431
0.0262
0.01312
0.01692
0.01547
0.01333
0.0193
0.0191
0.01833
0.01682
0.02564
0.01786
0.02368
0.01201
0.02199
0.01197
0.01042
0.01835
0.02047
0.01818
0.01552
0.01228
0.01756
0.00988
0.03095
0.01618
0.0177
0.01586
0.02864
0.0115
0.01359
0.0154
0.0127
0.02277
0.024
0.03057
0.01254
0.01272
0.01785
0.02237
0.02014
0.0206
0.02229
0.0144
0.0192
0.02295
0.01708
0.01534
0.01924
0.00227
0.01418
0.0168
0.01793
0.02408
0.01005
0.02533
0.01368
0.02351
0.00997
0.02701
0.00463
0.03763
0.01764
0.01611
0.02309
0.01591
0.01374
0.01812
0.0163
0.00404
0.02356
0.02423
0.0154
0.02315
0.02145
0.03201
0.01241
0.02025
0.01958
0.00832
0.00706
0.02621
0.00366
0.01855
0.0237
0.01023
0.0281
0.0089
0.03034
0.00508
0.03462
0.00381
0.02277
0.02725
0.02617
0.01478
0.00323
0.023
0.01772
0.01839
0.01519
0.0177
0.01101
0.02619
0.02301
0.01572
0.0143
0.01735
0.02606
0.01403
0.019
0.01652
0.0154
0.00617
0.02671
0.01799
0.02482
0.01736
0.00805
0.01905
0.01306
0.03659
0.01793
0.01684
0.02244
0.01353
0.02666
0.0079
0.01647
0.01146
0.00968
0.01032
0.01476
0.01939
0.02222
0.01739
0.02171
0.01628
0.01625
0.01744
0.01906
0.02088
0.0153
0.00416
0.0288
0.01529
0.00485
0.02455
0.01433
0.01812
0.00721
0.02024
0.0193
0.00894
0.01685
0.01988
0.02077
0.02601
0.01676
0.01224
0.01474
0.01508
0.02379
0.01848
0.02179
0.01437
0.01531
0.02337
0.00715
0.01187
0.0165
0.01192
0.01231
0.01332
0.01496
0.01908
0.01767
0.01699
0.01848
0.01884
0.01213
0.02725
0.01984
0.02102
0.0038
0.025
0.02142
0.01826
0.02185
0.00228
0.02499
0.01629
0.01526
0.0213
0.0112
0.02577
0.01508
0.01879
0.01592
0.01651
0.01986
0.00675
0.0205
0.01795
0.0081
0.01896
0.01428
0.01848
0.025
0.01268
0.01223
0.00985
0.02325
0.0214
0.00528
0.01869
0.0149
0.01648
0.01061
0.01736
0.0146
0.01393
0.01672
0.01752
0.01801
0.00614
0.01951
0.02035
0.01811
0.00485
0.01878
0.01575
0.01419
0.0169
0.02004
0.00286
0.03155
0.01574
0.01632
0.01465
0.01179
0.0164
0.01101
0.01518
0.0167
0.02053
0.01951
0.01668
0.02709
0.0198
0.01733
0.004
0.02528
0.01753
0.00692
0.02074
0.01663
0.02184
0.01839
0.02121
0.01609
0.0162
0.01125
0.01076
0.02832
0.01698
0.01366
0.016
0.02154
0.01007
0.01894
0.0094
0.01126
0.01801
0.01282
0.01706
0.01978
0.01877
0.02241
0.01088
0.01284
0.01685
0.01161
0.01745
0.01599
0.01242
0.01149
0.02176
0.01376
0.01608
0.01671
0.01803
0.01651
0.02085
0.00582
0.01485
0.01774
0.0153
0.01841
0.0182
0.01076
0.01852
0.01413
0.02371
0.01609
0.03125
0.00969
0.00519
0.01766
0.0095
0.0188
0.01629
0.01436
0.02394
0.01836
0.02221
0.01738
0.00264
0.02395
0.02617
0.0117
0.02097
0.00356
0.01461
0.02665
0.0206
0.01416
0.01408
0.01782
0.01912
0.01524
0.01275
0.01197
0.00291
0.0265
0.01373
0.00354
0.01575
0.01987
0.01712
0.01335
0.02461
0.01023
0.01104
0.01407
0.01038
0.01766
0.01059
0.01778
0.01126
0.00902
0.0167
0.01125
0.00754
0.01537
0.01348
0.01002
0.01449
0.01263
0.0169
0.00869
0.0069
0.01827
0.02795
0.00942
0.01153
0.01707
0.02268
0.01433
0.01712
0.0037
0.02116
0.01509
0.01517
0.01036
0.00998
0.01448
0.01307
0.02119
0.01464
0.01305
0.02039
0.01885
0.01229
0.02106
0.00697
0.01802
0.01447
0.01375
0.01312
0.01624
0.0232
0.00863
0.01554
0.00859
0.02519
0.01749
0.01572
0.00264
0.0209
0.02276
0.00336
0.01319
0.01526
0.01443
0.01343
0.01235
0.01213
0.01457
0.01484
0.01462
0.0118
0.01374
0.0234
0.01273
0.0025
0.01702
0.01616
0.01046
0.01464
0.00827
0.01885
0.01337
0.01316
0.01681
0.01597
0.00938
0.00634
0.01774
0.01093
0.01177
0.00656
0.01411
0.01356
0.01518
0.01317
0.01279
0.01788
0.01045
0.01123
0.01285
0.01001
0.01018
0.01711
0.01719
0.01034
0.00743
0.02458
0.01284
0.01071
0.01443
0.01899
0.01746
0.00217
0.00981
0.01913
0.0133
0.0116
0.00858
0.02008
0.01169
0.00997
0.01633
0.00964
0.01196
0.01131
0.01777
0.01061
0.01369
0.00826
0.01706
0.0106
0.01819
0.01216
0.01086
0.01281
0.0137
0.0143
0.02089
0.01099
0.00939
0.01189
0.01286
0.01953
0.01087
0.01507
0.01497
0.0161
0.00939
0.01885
0.0133
0.01499
0.01005
0.01293
0.01367
0.01634
0.00384
0.01312
0.00819
0.02279
0.00764
0.01178
0.0178
0.0122
0.00769
0.01833
0.00943
0.01723
0.00266
0.01197
0.00836
0.01256
0.02066
0.00947
0.01413
0.01045
0.00728
0.01384
0.01008
0.01337
0.01499
0.01369
0.00907
0.00827
0.0158
0.01693
0.00827
0.01177
0.00785
0.0096
0.01284
0.01143
0.01136
0.00973
0.0091
0.01088
0.01064
0.01454
0.00918
0.00241
0.02112
0.01667
0.018
0.01062
0.00728
0.0156
0.02027
0.01493
0.01841
0.00536
