0.73558
0.52668
0.5801
0.52624
0.60478
0.63728
0.66916
0.68318
0.64865
0.65656
0.6389
0.63657
0.61614
0.62069
0.6072
0.61083
0.59474
0.61606
0.60485
0.62444
0.63526
0.65462
0.65027
0.67055
0.67303
0.69153
0.68243
0.7073
0.69177
0.72294
0.71056
0.69303
0.70425
0.68544
0.68955
0.6733
0.68026
0.65814
0.66943
0.659
0.66761
0.6555
0.66415
0.66451
0.64577
0.66301
0.65217
0.66158
0.65412
0.65652
0.64645
0.65872
0.65139
0.65721
0.64726
0.65614
0.65321
0.6613
0.65492
0.65641
0.65846
0.6518
0.66542
0.65708
0.6639
0.6574
0.67255
0.65646
0.67359
0.66227
0.67521
0.66453
0.68258
0.66925
0.68231
0.67563
0.69425
0.67823
0.70315
0.68942
0.69359
0.69262
0.70721
0.69836
0.69991
0.71127
0.70066
0.71852
0.7136
0.70927
0.7228
0.71595
0.72719
0.72522
0.73091
0.73278
0.74255
0.72876
0.74716
0.74406
0.75586
0.74071
0.75346
0.76983
0.7729
0.76777
0.76839
0.76184
0.76959
0.77925
0.76821
0.78395
0.77424
0.78704
0.7796
0.80763
0.78671
0.76994
0.79161
0.8045
0.79014
0.80882
0.78344
0.8186
0.77725
0.79905
0.80702
0.80451
0.80312
0.80265
0.79779
0.80476
0.80031
0.83238
0.81081
0.79437
0.80609
0.81782
0.81998
0.80739
0.81224
0.85417
0.79763
0.82797
0.83162
0.81318
0.84812
0.8285
0.81794
0.85736
0.80888
0.81522
0.83913
0.80467
0.8201
0.8471
0.80632
0.84778
0.82099
0.8246
0.83495
0.84893
0.80728
0.85312
0.80606
0.82634
0.85666
0.83593
0.81804
0.85806
0.80816
0.82668
0.8652
0.82088
0.86126
0.84023
0.81916
0.86731
0.82394
0.85245
0.82719
0.83875
0.85145
0.8654
0.82271
0.85988
0.84164
0.83246
0.87924
0.83695
0.84087
0.863
0.84427
0.84877
0.87237
0.83744
0.83411
0.88364
0.85021
0.83696
0.88494
0.83609
0.85725
0.84826
0.86296
0.88222
0.83729
0.88657
0.83236
0.85934
0.8724
0.87829
0.84487
0.83958
0.88957
0.84279
0.86249
0.88566
0.85069
0.85624
0.8804
0.86051
0.85143
0.90006
0.85378
0.8774
0.85409
0.88828
0.84318
0.86218
0.88266
0.86935
0.85965
0.86171
0.89481
0.85844
0.86142
0.90284
0.86032
0.89801
0.85357
0.86189
0.88989
0.87327
0.89466
0.8643
0.86682
0.90449
0.8645
0.87548
0.87245
0.89089
0.86292
0.87045
0.88317
0.87411
0.87335
0.87074
0.90976
0.86792
0.87527
0.91002
0.86141
0.87695
0.87966
0.88989
0.86885
0.90679
0.86324
0.90728
0.87231
0.87506
0.89476
0.87058
0.90713
0.87442
0.8694
0.90382
0.89217
0.88135
0.86834
0.90587
0.86226
0.9127
0.87759
0.89727
0.86892
0.88177
0.90484
0.88196
0.88598
0.90925
0.8892
0.87289
0.88244
0.9184
0.87228
0.90632
0.87599
0.88406
0.88619
0.90722
0.87343
0.91056
0.88124
0.87699
0.90282
0.89318
0.85939
0.91767
0.88471
0.8891
0.90609
0.88518
0.91737
0.8639
0.9112
0.90571
0.89497
0.88805
0.91172
0.88648
0.88257
0.91215
0.88373
0.91802
0.88256
0.92555
0.8758
0.88384
0.92045
0.87196
0.91592
0.87893
0.909
0.90345
0.88702
0.92527
0.87184
0.90975
0.91521
0.87878
0.90398
0.88467
0.92076
0.89175
0.89058
0.87762
0.90202
0.90815
0.89486
0.91116
0.90179
0.88466
0.90051
0.90629
0.89071
0.90499
0.91753
0.8806
0.91904
0.91947
0.87705
0.9166
0.89694
0.88892
0.92894
0.88804
0.88565
0.92743
0.89694
0.88727
0.89752
0.91763
0.88272
0.90927
0.88777
0.89803
0.92013
0.89779
0.87328
0.90815
0.91444
0.87981
0.91296
0.89776
0.89715
0.92971
0.88811
0.89793
0.89686
0.91279
0.8862
0.92617
0.89604
0.87709
0.91418
0.91992
0.88379
0.91939
0.8863
0.91962
0.88315
0.93467
0.88839
0.89962
0.92907
0.88679
0.93401
0.90238
0.88217
0.93587
0.89012
0.91512
0.90079
0.91781
0.90315
0.90076
0.93439
0.89531
0.92048
0.90599
0.88633
0.91921
0.92499
0.90672
0.92487
0.90156
0.91383
0.9032
0.93092
0.89532
0.93022
0.90061
0.92145
0.92734
0.89814
0.93344
0.90112
0.90623
0.94358
0.88946
0.94075
0.90435
0.92833
0.90403
0.93166
0.89595
0.93842
0.91828
0.90968
0.93306
0.90163
0.93089
0.92691
0.92695
0.90964
0.91462
0.94041
0.90739
0.93535
0.93412
0.91496
0.9404
0.91116
0.92835
0.94212
0.91746
0.92701
0.92665
0.91353
0.94043
0.91446
0.93618
0.91416
0.93576
0.92669
0.93632
0.91539
0.93576
0.91654
0.9392
0.92034
0.93764
0.94419
0.91754
0.94229
0.94044
0.91744
0.94266
0.91635
0.93936
0.94291
0.93584
0.91351
0.94302
0.94107
0.91294
0.94603
0.94488
0.93647
0.92954
0.93159
0.91722
0.93794
0.93876
0.92116
0.93287
0.96364
0.91508
0.94414
0.94665
0.91804
0.94645
0.94879
0.93715
0.92806
0.95289
0.9219
0.93107
0.94776
0.94434
0.91837
0.94795
0.92302
0.95451
0.9428
0.91721
0.95497
0.95582
0.91458
0.94807
0.95431
0.94145
0.94791
0.9526
0.91604
0.97093
0.90969
0.9579
0.95091
0.92963
0.9463
0.95397
0.92893
0.95013
0.92674
0.94628
0.95636
0.95346
0.93351
0.94535
0.94676
0.94528
0.9529
0.92718
0.94466
0.9548
0.92722
0.94501
0.95035
0.95402
0.93796
0.9497
0.95275
0.91645
0.94685
0.95383
0.9558
0.92625
0.94753
0.95264
0.94262
0.94847
0.93249
0.93949
0.95095
0.95649
0.93845
0.95254
0.9448
0.94869
0.94255
0.92243
0.95492
0.95447
0.95621
0.95005
0.94144
0.93813
0.96139
0.94523
0.94174
0.95269
0.95327
0.95552
0.9534
0.95577
0.95044
0.95506
0.94317
0.95723
0.94171
0.96237
0.92987
0.9499
0.95491
0.95248
0.95177
0.94397
0.95372
0.95274
0.95622
0.92728
0.96351
0.95454
0.96065
0.95613
0.92711
0.97147
0.95455
0.95631
0.92322
0.96161
0.94229
0.95232
0.98544
0.93623
0.94811
0.96462
0.9512
0.95895
0.93674
0.95939
0.96047
0.96109
0.96063
0.95149
0.94196
0.95577
0.96658
0.94842
0.93826
0.96305
0.94572
0.95554
0.95894
0.95954
0.94939
0.9553
0.95317
0.94798
0.94967
0.96064
0.95399
0.9564
0.95745
0.95182
0.94303
0.95789
0.95334
0.97069
0.95256
0.96251
0.93753
0.96856
0.93973
0.96102
0.95605
0.95176
0.98255
0.9277
0.9664
0.94486
0.953
0.95873
0.96459
0.9633
0.95962
0.9517
0.96265
0.94749
0.95256
0.96376
0.95858
0.95096
0.96237
0.96052
0.94026
0.95123
0.98878
0.94865
0.9397
0.96135
0.95621
0.96445
0.9694
0.96321
0.96589
0.9334
0.96184
0.97292
0.9612
0.9696
0.94833
0.95342
0.96621
0.96698
0.9608
0.9648
0.95733
0.96166
0.9615
0.95864
0.96736
0.9624
0.97048
0.94818
0.95628
0.9627
0.96893
0.95993
0.96043
0.97061
0.9487
0.96241
0.96876
0.96897
0.9595
0.96009
0.96078
0.97289
0.96231
0.96466
0.96326
0.95576
0.96428
0.96442
0.95975
0.95583
0.96539
0.99086
0.93716
0.96563
0.9818
0.95416
0.96254
0.95922
0.97499
0.95595
0.9593
0.96304
0.98588
0.9621
0.96718
0.95815
0.96335
0.96668
0.96276
0.96648
0.96916
0.96618
0.96625
0.96963
0.96063
0.96643
0.99019
0.95749
0.96475
0.96695
0.95948
0.97365
0.95872
0.96719
0.96534
0.96668
0.9722
0.97127
0.96295
0.96185
0.9665
0.96757
0.99151
0.94553
0.96907
0.988
0.95792
0.96132
0.95147
0.97081
0.96612
0.96783
0.96077
0.96097
0.96913
0.96736
0.96615
0.96189
0.96714
0.95957
0.97269
0.96086
0.96177
0.96699
0.9762
0.96895
0.96953
0.95215
0.96824
0.97385
0.96744
0.96359
0.97102
0.97158
0.96625
0.96235
0.97391
0.98084
0.96942
0.96868
0.96326
0.97606
0.96732
0.96716
0.96812
0.96939
0.963
0.96897
0.97688
0.96369
0.98057
0.96719
0.97452
0.97503
0.96965
0.95702
0.98451
0.96803
0.96574
0.97587
0.96606
0.97045
0.97311
0.97744
0.97019
0.97368
0.94347
0.97226
0.97042
0.96882
0.96513
0.97347
0.9711
0.97587
0.97441
0.97306
0.96723
0.98152
0.96496
0.9615
0.9699
0.96833
0.96916
0.97082
0.95538
0.97529
0.96621
0.97075
0.99117
0.96286
0.97438
0.9737
0.97312
0.97097
0.9712
0.97853
0.9676
0.96588
0.97007
0.9799
0.97444
0.97582
0.96957
0.9665
0.96152
0.98222
0.96563
0.96264
0.98297
0.97134
0.9695
0.97532
0.96236
0.9761
0.98855
0.97212
0.97145
0.97883
0.97058
0.97364
0.96723
0.96864
0.97036
0.97522
0.97227
0.96962
0.98009
0.97212
0.97101
0.97043
0.96147
0.9716
0.97838
0.99082
0.96751
0.97497
0.98023
0.96979
0.96584
0.97359
0.96707
0.97636
0.98685
0.97308
0.97006
0.97246
0.97054
0.97752
0.97433
0.97507
0.96663
0.96818
0.97144
0.96934
0.99302
0.96663
0.9747
0.96984
0.97358
0.9742
0.97035
0.97119
0.97053
0.9737
0.97432
0.99365
0.96059
0.97772
0.97354
0.95964
0.9875
0.96076
0.99055
0.96652
0.97571
0.96558
0.97143
0.97588
0.97173
0.98554
0.98324
0.97058
0.96828
0.97619
0.96721
0.9891
0.95925
0.98078
0.97655
0.96438
0.97623
0.97254
0.97525
0.96702
0.98257
0.97228
0.97559
0.9759
0.9706
0.96889
0.97862
0.97846
0.9738
0.97269
0.97032
0.98455
0.98081
0.97423
0.97784
0.97608
0.96357
0.9719
0.97472
0.97706
0.97815
0.97637
0.98547
0.97544
0.97031
0.96945
0.97469
0.97097
0.97288
0.97211
0.97402
0.97247
0.97564
0.97243
0.99212
0.97448
0.97423
0.96586
0.96897
0.97192
0.96644
0.97205
0.97334
0.97312
0.98072
0.97353
0.98392
0.96563
0.97955
0.97615
0.97217
0.97232
0.99507
0.97303
0.97804
0.97279
0.9763
0.97707
0.96236
0.97305
0.97825
0.96376
0.97999
0.97544
0.97321
0.96765
0.97861
0.97886
0.9703
0.97048
0.97639
0.96919
0.97619
0.97756
0.97533
0.98184
0.9713
0.96505
0.97362
0.97595
0.97472
0.97789
0.97214
0.9707
0.97899
0.97319
0.96804
0.98224
0.96604
0.97904
0.96895
0.97854
0.97962
0.96708
0.96825
0.96949
0.97279
0.98115
0.97428
0.98268
0.96299
0.97769
0.9752
0.97803
0.96809
0.97735
0.98698
0.97742
0.97507
0.97015
0.97987
0.96735
0.98111
0.9733
0.97296
0.96854
0.98308
0.97359
0.97025
0.97762
0.97617
0.97188
0.97474
0.9768
0.96986
0.99552
0.97272
0.96965
0.97614
0.97134
0.97887
0.97226
0.9771
0.96559
0.97823
0.9669
0.99238
0.95466
0.97185
0.9727
0.9702
0.97718
0.97619
0.97599
0.97452
0.99348
0.97141
0.9719
0.97536
0.97667
0.96907
0.96556
0.97571
0.97157
0.97199
0.9939
0.98009
0.96229
0.99339
0.97495
0.95966
0.9813
0.971
0.97688
0.96329
0.99053
0.95773
0.99243
0.97324
0.97567
0.96332
0.97951
0.99483
0.96662
0.97297
0.97214
0.97806
0.96843
0.98502
0.9756
0.96421
0.97685
0.97558
0.97359
0.97155
0.97511
0.97737
0.97577
0.98501
0.98413
0.97649
0.97409
0.96897
0.98363
0.97762
0.9726
0.98263
0.95527
0.97533
0.9672
0.97936
0.97842
0.97177
0.97905
0.97495
0.98339
0.98238
0.97778
0.97682
0.97554
0.97399
0.97547
0.97301
0.97833
0.97113
0.97799
0.97477
0.97105
0.97088
0.99394
0.95919
0.96881
0.99495
0.95894
0.97618
0.97329
0.98755
0.9833
0.97648
0.98468
0.97632
0.969
0.97745
0.9723
0.97182
0.98188
0.97254
0.98164
0.97463
0.974
0.97312
0.97462
0.97472
0.96986
0.99452
0.97046
0.97877
0.98158
0.97327
0.97373
0.98059
0.97707
0.9758
0.97741
0.97916
0.97927
0.97749
0.96829
0.97163
0.97511
0.99397
0.96845
0.97421
0.96904
0.96949
0.9956
0.96489
0.98037
0.97411
0.97652
0.98148
0.9732
0.97516
0.97406
0.98056
0.9796
0.97859
0.9889
0.97566
0.97634
0.9875
0.96839
0.97473
0.97246
0.97098
0.98225
0.98016
0.98586
0.9698
0.96706
0.99372
0.97534
0.97556
0.97603
0.97869
0.98349
0.98013
0.97781
0.98016
0.97941
0.96809
0.98983
0.9776
0.96643
0.98071
0.99178
0.97624
0.97938
0.97064
0.97614
0.96915
0.99553
0.96052
0.97559
0.97712
0.97971
0.97941
0.98587
0.98348
0.97486
0.97545
0.97814
0.9764
0.97414
0.97234
0.96929
0.97681
0.99315
0.97135
0.97226
0.98903
0.97154
0.97857
0.97967
0.96989
0.97079
0.97854
0.9765
0.98348
0.98032
0.95939
0.97857
0.97986
0.97694
0.97878
0.98329
0.97287
0.98302
0.97926
0.97303
0.97966
0.98295
0.97079
0.97585
0.97636
0.97731
0.9827
0.97899
0.98317
0.97825
0.9782
0.98074
0.98198
0.96976
0.97687
0.97496
0.98118
0.97951
0.98235
0.97614
0.98972
0.97184
0.97222
0.97911
0.97437
0.9701
0.98172
0.98299
0.97814
0.98015
0.97701
0.96456
0.98337
0.98944
0.97336
0.98106
0.97607
0.97798
0.98247
0.96511
0.97406
0.97534
0.97508
0.99536
0.96627
0.97791
0.97556
0.97682
0.99368
0.97973
0.96843
0.97725
0.98575
0.97618
0.97269
0.97934
0.98221
0.9777
0.97764
0.99648
0.97035
0.97838
0.99315
0.97614
0.98204
0.97361
0.97837
0.96778
0.98319
0.98537
0.97734
0.98094
0.9712
0.9903
0.96805
0.9867
0.97739
0.98193
0.97915
0.98861
0.9791
0.97593
0.98404
0.98342
0.97398
0.97803
0.97732
0.98924
0.97725
0.96873
0.98439
0.97935
0.97399
0.97881
0.97456
0.9764
0.99427
0.96522
0.97949
0.97444
0.9809
0.98254
0.98255
0.97556
0.97473
0.98124
0.9798
0.97567
0.97688
0.98288
0.97184
0.986
0.97078
0.97631
0.98413
0.97789
0.97349
0.97807
0.98341
0.97948
0.98507
0.97201
0.97648
0.97087
0.99549
0.96717
0.97959
0.99304
0.97822
0.97606
0.97571
0.97746
0.97841
0.97767
0.97716
0.98227
0.97835
0.98001
0.9882
0.97615
0.97555
0.99557
0.97206
0.97791
0.97923
0.97696
0.98611
0.97511
0.98045
0.98341
0.9756
0.97825
0.98591
0.98919
0.9774
0.98407
0.97338
0.99625
0.97694
0.97846
0.97911
0.97971
0.97895
0.97726
0.98178
0.97607
0.98829
0.98396
0.97663
0.98052
0.97703
0.99356
0.97886
0.97353
0.97485
0.9851
0.97661
0.97729
0.97557
0.9961
0.97839
0.97628
0.98147
0.98189
0.98733
0.97154
0.9756
0.98145
0.97606
0.984
0.97776
0.97804
0.98094
0.98321
0.97524
0.98981
0.97956
0.97754
0.97986
0.97813
0.98504
0.98599
0.97801
0.97832
0.97957
0.98344
0.98732
0.97958
0.97897
0.97802
0.98272
0.97647
0.97885
0.98257
0.98217
0.98083
0.98446
0.97206
0.97989
0.9789
0.98356
0.98229
0.99343
0.97911
0.98281
0.97758
0.9867
0.9827
0.97723
0.9818
0.99074
0.97653
0.98504
0.9805
0.99221
0.97755
0.98773
0.98275
0.9776
0.98208
0.97981
0.97971
0.98756
0.97925
0.98646
0.98409
0.98017
0.98234
0.97728
0.9883
0.97387
0.97544
0.98655
0.97921
0.98598
0.98494
0.98291
0.98412
0.98345
0.98285
0.9845
0.97935
0.98595
0.97815
0.98589
0.99322
0.98772
0.97618
0.97452
0.98615
0.989
0.97284
0.97926
0.98253
0.9815
0.9963
