0.25792
0.23263
0.21735
0.12549
0.24841
0.29006
0.36606
0.36138
0.34667
0.30776
0.3265
0.31124
0.19401
0.19952
0.1242
0.25093
0.3569
0.36314
0.38033
0.31834
0.29642
0.27074
0.21115
0.25425
0.25392
0.2651
0.22292
0.28973
0.2759
0.29227
0.27925
0.35331
0.32008
0.25689
0.29576
0.2207
0.21254
0.29173
0.25692
0.31496
0.31798
0.32198
0.31691
0.30955
0.27488
0.26367
0.25632
0.24625
0.26166
0.26254
0.26316
0.25638
0.25072
0.23187
0.23106
0.24183
0.20792
0.20343
0.19878
0.2137
0.19387
0.22361
0.22776
0.21368
0.21905
0.18324
0.21548
0.20533
0.21446
0.24302
0.22505
0.23605
0.2273
0.24601
0.26954
0.25488
0.2375
0.24156
0.22905
0.27391
0.27743
0.23139
0.21851
0.27572
0.27786
0.21747
0.24453
0.23716
0.21718
0.27543
0.21485
0.29793
0.23605
0.20311
0.19562
0.23397
0.24092
0.21877
0.2579
0.20974
0.21732
0.18581
0.22128
0.18477
0.2103
0.3388
0.31622
0.26852
0.21788
0.24255
0.1955
0.16773
0.21023
0.19617
0.19187
0.22578
0.14808
0.18285
0.18612
0.18792
0.15776
0.18702
0.18478
0.1913
0.31231
0.22722
0.16843
0.18824
0.19536
0.17087
0.19348
0.16789
0.18088
0.17806
0.18588
0.17241
0.21575
0.19773
0.2079
0.17303
0.19558
0.21603
0.18018
0.1793
0.17405
0.20198
0.15223
0.1481
0.1843
0.1718
0.2812
0.18178
0.16258
0.13788
0.15643
0.20389
0.20168
0.14436
0.19716
0.17126
0.15251
0.15653
0.17954
0.12666
0.13597
0.1643
0.16372
0.19973
0.25135
0.15142
0.15822
0.16803
0.16502
0.14515
0.14145
0.16694
0.14435
0.15317
0.16439
0.1693
0.15112
0.1339
0.14317
0.14052
0.19582
0.23095
0.16428
0.18379
0.16178
0.16588
0.14435
0.12919
0.13177
0.16296
0.1441
0.13661
0.15426
0.19143
0.13585
0.1787
0.17018
0.16184
0.14211
0.13878
0.11695
0.13712
0.25609
0.15627
0.17866
0.17107
0.16161
0.15706
0.15076
0.1491
0.1378
0.11551
0.15729
0.15006
0.12896
0.12381
0.23718
0.17595
0.16455
0.14195
0.15249
0.13476
0.1209
0.18528
0.11632
0.12132
0.13748
0.11813
0.12459
0.15139
0.16535
0.14539
0.15862
0.138
0.13363
0.11101
0.10175
0.11797
0.1278
0.13023
0.0986
0.17999
0.1502
0.1175
0.12806
0.20315
0.13707
0.15907
0.12453
0.12341
0.14885
0.11273
0.15993
0.11677
0.1393
0.12612
0.13138
0.12853
0.14173
0.10924
0.13246
0.09922
0.12734
0.10609
0.11001
0.12673
0.12334
0.11676
0.14916
0.14715
0.17955
0.3121
0.10862
0.16461
0.13614
0.17257
0.13262
0.11364
0.1063
0.11622
0.12412
0.1316
0.10455
0.14024
0.08828
0.13695
0.15101
0.17098
0.17423
0.10557
0.1207
0.10767
0.14613
0.16476
0.09777
0.11285
0.15188
0.12497
0.11629
0.14906
0.13812
0.17158
0.15359
0.1346
0.11232
0.12231
0.11174
0.11907
0.09856
0.11946
0.11494
0.13614
0.22267
0.14812
0.11854
0.1335
0.12542
0.13723
0.10098
0.10138
0.17337
0.12754
0.12747
0.11219
0.12615
0.1254
0.09232
0.11193
0.10693
0.12484
0.13799
0.15616
0.11087
0.11591
0.11641
0.10748
0.10745
0.12211
0.11524
0.10918
0.13456
0.17163
0.13403
0.14051
0.14025
0.1243
0.12661
0.14606
0.14057
0.1331
0.08195
0.13497
0.11138
0.11339
0.10172
0.09935
0.10483
0.1103
0.12036
0.13809
0.12015
0.24029
0.15034
0.14634
0.12858
0.11834
0.1161
0.13469
0.13258
0.12003
0.09035
0.09518
0.11167
0.08068
0.08543
0.07578
0.14694
0.09328
0.16151
0.11196
0.12004
0.11484
0.09579
0.08595
0.1184
0.0897
0.10257
0.09774
0.09713
0.1326
0.08219
0.09642
0.09623
0.17141
0.12758
0.12909
0.09653
0.11084
0.13827
0.10222
0.09526
0.10478
0.08551
0.10308
0.08644
0.11468
0.09978
0.09451
0.08156
0.09497
0.07629
0.08686
0.09803
0.15482
0.21577
0.13763
0.10552
0.10454
0.12735
0.13491
0.09887
0.10379
0.16804
0.13895
0.10284
0.10071
0.08918
0.0854
0.08096
0.1004
0.06978
0.13898
0.11369
0.09977
0.11302
0.12618
0.11827
0.1064
0.08098
0.0919
0.08335
0.10215
0.09432
0.11856
0.10344
0.07373
0.08955
0.16825
0.15104
0.09909
0.10088
0.1376
0.07286
0.20557
0.1131
0.10714
0.07933
0.15516
0.08225
0.10043
0.09355
0.08279
0.11118
0.0885
0.1133
0.10171
0.13752
0.08625
0.14756
0.18977
0.12467
0.10684
0.10994
0.09833
0.10046
0.11668
0.14961
0.10661
0.08398
0.09119
0.09237
0.08792
0.14728
0.07076
0.10081
0.09252
0.07371
0.08918
0.07535
0.09759
0.09332
0.15118
0.20389
0.18362
0.11229
0.11722
0.11759
0.10691
0.10714
0.09698
0.12256
0.10099
0.15054
0.10528
0.11281
0.0957
0.08691
0.16423
0.14453
0.13104
0.12709
0.12288
0.10776
0.09041
0.09511
0.09859
0.09078
0.09
0.09727
0.1032
0.13071
0.09767
0.11956
0.10584
0.10379
0.08978
0.09123
0.28979
0.15732
0.1388
0.12947
0.12064
0.09696
0.09993
0.14113
0.1029
0.11204
0.1465
0.1076
0.15505
0.10762
0.11134
0.10157
0.1494
0.1153
0.16281
0.12032
0.17106
0.11542
0.15028
0.11901
0.19227
0.17326
0.14178
0.10674
0.12467
0.16327
0.16075
0.22107
0.13052
0.12281
0.13922
0.08977
0.2223
0.13986
0.14506
0.21142
0.17068
0.1643
0.11209
0.25189
0.15361
0.12408
0.15328
0.17746
0.13502
0.17151
0.11701
0.12112
0.12085
0.23334
0.17443
0.19318
0.11827
0.12107
0.1098
0.16759
0.17939
0.14696
0.12359
0.10975
0.11797
0.20555
0.21945
0.13005
0.1372
0.11081
0.15622
0.11884
0.12851
0.11064
0.16555
0.10276
0.12734
0.20004
0.12769
0.12643
0.10334
0.11878
0.14687
0.32955
0.17057
0.14273
0.16202
0.11029
0.10456
0.18439
0.13977
0.10403
0.1202
0.11842
0.10359
0.16154
0.26026
0.11923
0.12293
0.11847
0.11038
0.10504
0.14591
0.20204
0.12907
0.11165
0.12436
0.10341
0.2746
0.21927
0.13249
0.13514
0.1057
0.11269
0.12764
0.10813
0.13992
0.27723
0.13567
0.11164
0.1044
0.10143
0.10184
0.16215
0.17756
0.11966
0.09628
0.11909
0.24089
0.09722
0.10455
0.11783
0.09639
0.3819
0.21122
0.16163
0.13511
0.14191
0.12048
0.10813
0.11566
0.12291
0.1237
0.09506
0.23205
0.11075
0.10611
0.12414
0.09506
0.1909
0.24124
0.11943
0.09998
0.09618
0.10799
0.17269
0.12786
0.12368
0.12052
0.12874
0.38708
0.2543
0.15183
0.13818
0.12099
0.1073
0.11603
0.12054
0.09812
0.10331
0.10013
0.1649
0.10827
0.09022
0.16567
0.17657
0.09721
0.08747
0.22464
0.09821
0.0945
0.14969
0.17301
0.10702
0.12674
0.10535
0.12538
0.28755
0.12003
0.12199
0.11039
0.08834
0.1099
0.08946
0.23772
0.13626
0.13762
0.09445
0.2274
0.11247
0.09208
0.10979
0.11713
0.17104
0.09366
0.09357
0.08521
0.08033
0.0785
0.27186
0.20609
0.11048
0.10947
0.12171
0.09581
0.21623
0.11074
0.0963
0.1082
0.1786
0.12398
0.15283
0.08713
0.22122
0.2576
0.12186
0.10441
0.16988
0.09069
0.09341
0.19098
0.16921
0.14927
0.08737
0.10571
0.16905
0.15311
0.10637
0.09882
0.11506
0.20397
0.10029
0.08382
0.16101
0.13043
0.15232
0.09602
0.15873
0.09254
0.13958
0.11629
0.13527
0.17258
0.11609
0.08903
0.25621
0.10684
0.13685
0.08626
0.16739
0.09637
0.14043
0.08341
0.13172
0.22748
0.13148
0.09794
0.14469
0.101
0.18199
0.1058
0.08389
0.0952
0.21829
0.15158
0.09349
0.09309
0.16495
0.34176
0.17043
0.12083
0.10082
0.15094
0.09062
0.19313
0.11537
0.14059
0.11154
0.08731
0.08441
0.20083
0.20888
0.10199
0.10703
0.10376
0.0899
0.08005
0.19904
0.08542
0.08558
0.33706
0.20114
0.16955
0.0919
0.20555
0.09488
0.12875
0.08615
0.12643
0.12728
0.08562
0.19432
0.1297
0.10668
0.11217
0.0709
0.0831
0.21996
0.14418
0.08298
0.16609
0.0898
0.0823
0.11398
0.27218
0.22949
0.09095
0.16312
0.10948
0.09138
0.16632
0.18154
0.14377
0.10014
0.11884
0.11823
0.11132
0.12492
0.1107
0.10282
0.06989
0.07498
0.22704
0.09415
0.10074
0.21681
0.08901
0.095
0.0805
0.26182
0.18399
0.13717
0.09198
0.13216
0.08122
0.18036
0.08704
0.08654
0.07327
0.25209
0.09374
0.1078
0.06816
0.15571
0.08153
0.12871
0.06657
0.13129
0.0793
0.08954
0.09193
0.06624
0.28049
0.12825
0.08931
0.14139
0.07457
0.18287
0.12155
0.0919
0.10304
0.18539
0.08363
0.16699
0.07528
0.07252
0.21925
0.11786
0.11993
0.15901
0.07072
0.07447
0.26314
0.10724
0.0988
0.06979
0.18602
0.07203
0.145
0.06509
0.0692
0.06905
0.29486
0.11269
0.12888
0.0745
0.21695
0.08938
0.13073
0.0701
0.22166
0.18543
0.09251
0.13667
0.07388
0.0756
0.08095
0.215
0.11895
0.06413
0.18027
0.06773
0.08815
0.06424
0.23711
0.10155
0.06903
0.27657
0.14299
0.12987
0.08167
0.06918
0.14696
0.0594
0.06881
0.21245
0.12893
0.07728
0.07078
0.30635
0.25891
0.15715
0.09467
0.08792
0.08695
0.1601
0.08048
0.11284
0.1095
0.12286
0.07035
0.06165
0.17164
0.11352
0.07487
0.0719
0.17414
0.06497
0.06802
0.08893
0.06337
0.22014
0.07675
0.18632
0.08394
0.06425
0.05504
0.29556
0.10227
0.08607
0.06506
0.13119
0.06072
0.1274
0.1796
0.06621
0.06011
0.29792
0.13003
0.09133
0.06099
0.05371
0.12936
0.18949
0.13751
0.12716
0.12353
0.05914
0.17764
0.30251
0.11151
0.16683
0.14546
0.08534
0.06654
0.25439
0.09809
0.09831
0.05874
0.2201
0.09824
0.06363
0.07304
0.06097
0.05584
0.25501
0.15189
0.20302
0.14505
0.0851
0.13224
0.0645
0.062
0.0745
0.0531
0.30149
0.11345
0.08141
0.14624
0.13092
0.08338
0.05907
0.13265
0.13263
0.21467
0.13273
0.29668
0.13851
0.13984
0.07545
0.17666
0.06886
0.13455
0.16207
0.10468
0.06173
0.09825
0.06466
0.10462
0.15059
0.06901
0.07074
0.15364
0.05639
0.17434
0.09773
0.06241
0.05399
0.05206
0.13728
0.18026
0.09303
0.12856
0.09187
0.06675
0.1378
0.0641
0.11771
0.06717
0.05921
0.19093
0.127
0.06365
0.10928
0.12366
0.06427
0.18198
0.09099
0.23022
0.11606
0.08289
0.11318
0.06478
0.04707
0.1274
0.05609
0.05312
0.15101
0.07401
0.05072
0.16526
0.05947
0.05972
0.21303
0.0875
0.09754
0.05277
0.04997
0.05061
0.26381
0.08525
0.22457
0.10434
0.12031
0.09712
0.06195
0.05408
0.049
0.13106
0.32442
0.1208
0.11802
0.07997
0.08111
0.16845
0.06024
0.06128
0.05621
0.05553
0.25489
0.0835
0.07085
0.05975
0.17051
0.06114
0.06639
0.28532
0.1066
0.07424
0.05677
0.0711
0.09167
0.04454
0.23035
0.11261
0.14516
0.14328
0.1571
0.11655
0.06179
0.06918
0.05828
0.12669
0.14135
0.05696
0.05861
0.21518
0.10821
0.05882
0.07472
0.31147
0.11266
0.12142
0.05549
0.04645
0.05272
0.16709
0.07786
0.08728
0.22071
0.10423
0.0587
0.07602
0.23269
0.09444
0.0626
0.29011
0.1122
0.05686
0.05382
0.0508
0.1757
0.07112
0.05422
0.05748
0.04923
0.13117
0.16187
0.07332
0.06792
0.04832
0.05247
0.22908
0.10366
0.04907
0.13493
0.15763
0.06246
0.27397
0.20508
0.14825
0.096
0.1284
0.06077
0.06836
0.09348
0.08686
0.21333
0.07623
0.05686
0.06311
0.06612
0.05253
0.16857
0.08486
0.06282
0.06938
0.14376
0.07155
0.04324
0.18271
0.05188
0.0498
0.05149
0.05871
0.26806
0.08171
0.07811
0.06662
0.06012
0.13726
0.10733
0.04967
0.16741
0.11014
0.06004
0.04503
0.25931
0.10532
0.05761
0.19401
0.12068
0.18557
0.11687
0.06315
0.04647
0.05088
0.18003
0.08975
0.05683
0.05186
0.08003
0.21869
0.10609
0.055
0.07002
0.19595
0.06368
0.05844
0.20017
0.06082
0.05069
0.05061
0.16256
0.08631
0.05506
0.05071
0.18378
0.08098
0.05549
0.04349
0.16653
0.21157
0.09177
0.16469
0.09046
0.04795
0.05234
0.05749
0.21095
0.10881
0.06447
0.04848
0.04687
0.15096
0.16851
0.09443
0.05119
0.0511
