0.89693
0.882
0.86151
0.84623
0.82444
0.6533
0.60092
0.64715
0.64132
0.62445
0.67
0.67863
0.78619
0.79015
0.84664
0.75914
0.59847
0.65734
0.60974
0.64703
0.69093
0.72621
0.74402
0.76532
0.74879
0.70424
0.76257
0.70863
0.72745
0.67585
0.73469
0.62347
0.67821
0.73162
0.71618
0.75652
0.80697
0.69776
0.72665
0.69757
0.69361
0.6604
0.68212
0.71215
0.73377
0.69161
0.74736
0.7717
0.69537
0.74438
0.70867
0.76088
0.70323
0.79135
0.76907
0.75145
0.79143
0.78634
0.7738
0.80282
0.80566
0.78778
0.75826
0.75794
0.79925
0.79102
0.7673
0.80152
0.77757
0.74648
0.79675
0.7401
0.77839
0.73332
0.73159
0.73194
0.78372
0.75551
0.77983
0.69572
0.71225
0.76816
0.76393
0.71322
0.74649
0.76679
0.76306
0.75468
0.78779
0.70955
0.75535
0.7232
0.74645
0.79698
0.77542
0.75773
0.7551
0.80668
0.73425
0.80258
0.75862
0.8021
0.77717
0.79153
0.77814
0.69146
0.69058
0.73919
0.76172
0.76622
0.76421
0.82482
0.79845
0.78732
0.8073
0.78557
0.82726
0.82773
0.79955
0.8132
0.83198
0.7875
0.82644
0.76968
0.73553
0.78743
0.80409
0.81893
0.78484
0.83056
0.79914
0.8325
0.81267
0.81289
0.81271
0.83076
0.7728
0.76736
0.80965
0.84604
0.79443
0.75918
0.84169
0.80523
0.82975
0.7803
0.85608
0.84153
0.82004
0.8279
0.72307
0.80526
0.84779
0.84614
0.82641
0.80616
0.82271
0.82754
0.78785
0.83158
0.84109
0.8308
0.82301
0.87554
0.8654
0.83392
0.82777
0.79262
0.78342
0.83604
0.83015
0.8286
0.82552
0.84803
0.86229
0.82942
0.85307
0.83426
0.82939
0.81418
0.87911
0.8602
0.85152
0.85479
0.74269
0.82883
0.84418
0.8066
0.84196
0.82357
0.85162
0.86703
0.85322
0.83925
0.85623
0.87359
0.84582
0.79968
0.85254
0.8137
0.82754
0.86982
0.83034
0.85083
0.87507
0.86953
0.77063
0.82373
0.82233
0.81795
0.84579
0.79922
0.8766
0.84546
0.87208
0.86075
0.85379
0.84252
0.86286
0.85788
0.79437
0.81845
0.82093
0.85246
0.84621
0.85487
0.86838
0.84195
0.8563
0.89536
0.85623
0.87407
0.87843
0.85126
0.83022
0.82377
0.84832
0.86869
0.85777
0.88997
0.88832
0.8825
0.85557
0.88297
0.89339
0.81924
0.85262
0.87513
0.88034
0.80004
0.84729
0.80579
0.91048
0.86664
0.87014
0.88325
0.81912
0.88221
0.86683
0.87267
0.86296
0.87946
0.85221
0.88468
0.85852
0.89809
0.85791
0.90926
0.88224
0.88987
0.86563
0.88436
0.84248
0.84318
0.77647
0.76574
0.88188
0.83473
0.85306
0.83036
0.86663
0.86241
0.89728
0.88146
0.8739
0.8623
0.9013
0.85894
0.90726
0.85031
0.83165
0.81219
0.86499
0.88675
0.87633
0.88856
0.85135
0.84216
0.89693
0.87777
0.82898
0.89909
0.87477
0.82259
0.88388
0.88207
0.81791
0.85512
0.87114
0.87004
0.88691
0.89244
0.88908
0.8877
0.88132
0.84382
0.80762
0.85032
0.86489
0.8756
0.87235
0.84632
0.91518
0.89068
0.85891
0.85525
0.85164
0.88276
0.8592
0.90414
0.87106
0.90548
0.89007
0.87651
0.8462
0.85407
0.88266
0.88938
0.89678
0.86444
0.88394
0.89583
0.85324
0.91181
0.87366
0.80891
0.86943
0.85196
0.85802
0.8755
0.90618
0.84808
0.8113
0.89881
0.90857
0.84488
0.90999
0.89331
0.87896
0.91457
0.88316
0.88625
0.8813
0.8217
0.89379
0.77426
0.85919
0.85899
0.8637
0.88592
0.88349
0.87784
0.86523
0.86432
0.90995
0.90342
0.90063
0.90754
0.90496
0.90994
0.8756
0.88349
0.85434
0.86897
0.88135
0.8823
0.90545
0.90519
0.88791
0.90509
0.88599
0.90995
0.90323
0.86087
0.92125
0.90573
0.86639
0.8812
0.87332
0.84217
0.90418
0.87775
0.88458
0.887
0.90153
0.89005
0.91855
0.90934
0.88047
0.89248
0.90118
0.89616
0.92538
0.90894
0.90986
0.90304
0.91343
0.83322
0.79667
0.86529
0.90169
0.89308
0.85011
0.8716
0.91151
0.89544
0.81939
0.86443
0.8932
0.90179
0.90696
0.91484
0.91862
0.89917
0.91111
0.85166
0.90427
0.89418
0.89077
0.87679
0.87253
0.8999
0.91204
0.91666
0.90588
0.90145
0.90244
0.86511
0.90281
0.92129
0.90213
0.78433
0.90434
0.90138
0.89615
0.85705
0.92197
0.81071
0.87382
0.91082
0.90676
0.87163
0.8873
0.90278
0.89968
0.90937
0.8994
0.91767
0.88458
0.87667
0.86567
0.92396
0.8325
0.82726
0.86187
0.90428
0.90143
0.89144
0.88733
0.89346
0.83894
0.90765
0.91516
0.89806
0.90975
0.91562
0.83489
0.94093
0.89628
0.91104
0.91493
0.89421
0.94256
0.89992
0.90858
0.90035
0.76214
0.83916
0.86324
0.88938
0.87723
0.90004
0.88209
0.91541
0.86054
0.90238
0.84627
0.88148
0.90635
0.9144
0.90261
0.7793
0.89253
0.84897
0.89205
0.86235
0.91335
0.90993
0.8958
0.89623
0.90717
0.91497
0.90192
0.92092
0.84611
0.91083
0.87294
0.8922
0.89197
0.91887
0.87056
0.71679
0.8727
0.85296
0.84945
0.91653
0.88935
0.89709
0.84411
0.91857
0.88973
0.84358
0.89738
0.8204
0.90358
0.89826
0.89076
0.81779
0.9159
0.83524
0.89068
0.81888
0.88743
0.81198
0.89471
0.82917
0.82971
0.8723
0.87323
0.87522
0.81562
0.85508
0.75879
0.88472
0.88289
0.86879
0.8893
0.79715
0.88441
0.82829
0.79
0.79009
0.87228
0.88248
0.73535
0.86834
0.87751
0.83301
0.85063
0.83466
0.81679
0.88974
0.88088
0.87813
0.79768
0.79216
0.82753
0.88536
0.86165
0.8814
0.8824
0.78261
0.85968
0.88969
0.86421
0.87599
0.80534
0.7705
0.8605
0.88169
0.88758
0.83536
0.89232
0.85792
0.89677
0.83894
0.88326
0.85553
0.81958
0.89566
0.85183
0.89971
0.88219
0.86995
0.67191
0.82364
0.85787
0.83112
0.89561
0.89579
0.8156
0.86557
0.87641
0.89323
0.85993
0.9129
0.87928
0.70285
0.88005
0.88323
0.86664
0.89181
0.89217
0.81622
0.83785
0.88331
0.88089
0.86314
0.90933
0.68988
0.82022
0.86863
0.87886
0.87865
0.88926
0.87293
0.89377
0.82021
0.74404
0.87495
0.88946
0.89715
0.88966
0.90117
0.87187
0.78187
0.88285
0.90351
0.87644
0.77957
0.88656
0.88836
0.89153
0.8975
0.68047
0.75466
0.82565
0.86141
0.87673
0.8652
0.89425
0.88319
0.88985
0.85842
0.8964
0.76536
0.89292
0.89159
0.88268
0.90415
0.82013
0.74702
0.8816
0.89802
0.90404
0.89105
0.82323
0.88057
0.84217
0.90387
0.90239
0.55686
0.78671
0.84182
0.86471
0.87478
0.89415
0.88385
0.87432
0.89975
0.89753
0.90538
0.8321
0.87966
0.91787
0.85716
0.79449
0.90243
0.91156
0.78
0.89057
0.91167
0.8189
0.85825
0.89669
0.8513
0.91343
0.83076
0.74981
0.88675
0.89026
0.88394
0.90581
0.88981
0.91212
0.73573
0.89174
0.86326
0.90394
0.76947
0.89169
0.90829
0.88056
0.91043
0.80039
0.90581
0.90879
0.9156
0.91543
0.92079
0.71584
0.80369
0.89532
0.88807
0.8816
0.89706
0.77961
0.89667
0.90302
0.90061
0.7772
0.90991
0.83897
0.91746
0.76008
0.77335
0.883
0.88535
0.8321
0.90757
0.91159
0.82188
0.81816
0.8637
0.89176
0.90391
0.79848
0.87318
0.89147
0.9044
0.90162
0.76932
0.904
0.91068
0.83328
0.84002
0.888
0.87409
0.86673
0.90477
0.83394
0.91174
0.82638
0.85335
0.88237
0.90546
0.7577
0.90508
0.84974
0.91177
0.83348
0.92317
0.84432
0.9161
0.82488
0.80659
0.88005
0.8801
0.87293
0.87053
0.8407
0.90479
0.90589
0.90965
0.77053
0.85854
0.91053
0.91408
0.78218
0.68883
0.86799
0.86494
0.89494
0.85053
0.91207
0.78294
0.90326
0.85932
0.91037
0.89213
0.91874
0.74126
0.83578
0.90473
0.89976
0.88454
0.91761
0.91612
0.79754
0.913
0.91813
0.65449
0.81847
0.83193
0.89941
0.79665
0.89656
0.88255
0.91109
0.89811
0.84942
0.91685
0.78051
0.89173
0.9105
0.8693
0.92843
0.89271
0.79549
0.88753
0.89494
0.826
0.91504
0.91434
0.86684
0.72872
0.79139
0.90892
0.82886
0.902
0.91151
0.83232
0.8056
0.86627
0.91112
0.86538
0.90518
0.8649
0.85126
0.91198
0.90746
0.9232
0.93069
0.75301
0.90493
0.91677
0.77241
0.91644
0.90596
0.90513
0.74533
0.814
0.85929
0.92221
0.88311
0.88622
0.83322
0.90577
0.92378
0.92384
0.73339
0.9201
0.89312
0.92877
0.84317
0.92775
0.86036
0.92938
0.86482
0.92601
0.90116
0.9187
0.92934
0.70854
0.87022
0.91446
0.86908
0.93208
0.77846
0.90472
0.90931
0.86926
0.85915
0.90367
0.82648
0.93213
0.92156
0.78342
0.90544
0.85996
0.84098
0.92965
0.9319
0.71663
0.90531
0.90473
0.93633
0.81165
0.92019
0.85803
0.93204
0.93755
0.92482
0.68796
0.88851
0.8902
0.92151
0.77554
0.91192
0.87628
0.93377
0.82367
0.76278
0.91792
0.85646
0.93456
0.9158
0.90455
0.80046
0.88394
0.92355
0.8256
0.93712
0.9041
0.94124
0.76097
0.90001
0.93185
0.7509
0.82839
0.86072
0.93018
0.92914
0.85351
0.94039
0.93582
0.75993
0.90188
0.91509
0.93893
0.68053
0.77782
0.82148
0.8874
0.92261
0.88786
0.85721
0.92284
0.85297
0.92409
0.8619
0.94565
0.93753
0.80202
0.90808
0.93486
0.9244
0.81635
0.93367
0.93603
0.90805
0.9395
0.77573
0.93565
0.80182
0.91322
0.95112
0.93917
0.6999
0.90975
0.92041
0.924
0.86334
0.94597
0.90136
0.77997
0.94108
0.94748
0.69771
0.85358
0.91962
0.93743
0.9499
0.82235
0.85369
0.83263
0.90751
0.87407
0.94168
0.76951
0.74516
0.89757
0.85128
0.84189
0.92538
0.93527
0.73283
0.90307
0.90612
0.94582
0.77141
0.90765
0.93386
0.93253
0.93502
0.94517
0.70899
0.86553
0.82348
0.83083
0.93031
0.85193
0.94625
0.94325
0.91822
0.94526
0.73022
0.85188
0.90675
0.87015
0.86988
0.91995
0.94111
0.88739
0.84069
0.77488
0.88203
0.70517
0.85823
0.85189
0.93104
0.82325
0.93562
0.89519
0.80501
0.90423
0.94002
0.91443
0.92068
0.84992
0.8892
0.93906
0.88996
0.88048
0.95138
0.83024
0.89152
0.94019
0.94661
0.94847
0.88421
0.78829
0.91522
0.86509
0.90979
0.9312
0.86439
0.92242
0.89732
0.94178
0.93023
0.77266
0.90596
0.94035
0.92696
0.83494
0.94338
0.8343
0.8878
0.8002
0.86683
0.89007
0.90395
0.94389
0.95067
0.86437
0.95098
0.9469
0.84154
0.93325
0.95291
0.81939
0.94268
0.94738
0.79508
0.89953
0.90196
0.94873
0.95163
0.94142
0.74091
0.92242
0.76885
0.90124
0.84241
0.93791
0.93917
0.94937
0.94871
0.81373
0.7282
0.84891
0.90355
0.93227
0.87053
0.87963
0.94651
0.93366
0.95083
0.91165
0.7504
0.91344
0.93786
0.92397
0.84373
0.94698
0.94886
0.694
0.8858
0.93566
0.94213
0.93427
0.90665
0.95794
0.76537
0.88375
0.89972
0.81594
0.81858
0.90717
0.93758
0.9335
0.94526
0.90857
0.81113
0.94982
0.94947
0.76901
0.903
0.94696
0.94223
0.6641
0.89013
0.88192
0.95114
0.94801
0.95045
0.82688
0.92096
0.93266
0.75392
0.89761
0.94619
0.94099
0.72635
0.91205
0.95162
0.69854
0.90111
0.94523
0.94622
0.9474
0.81455
0.93234
0.9567
0.93642
0.95219
0.8527
0.83714
0.92549
0.94601
0.9539
0.94937
0.76396
0.89582
0.95554
0.82214
0.87753
0.94712
0.67627
0.85323
0.84606
0.93172
0.83939
0.94186
0.92611
0.90947
0.93418
0.75649
0.92376
0.94675
0.94204
0.94123
0.93987
0.81722
0.93317
0.93664
0.91139
0.87086
0.9391
0.93449
0.82159
0.9529
0.95451
0.94908
0.9222
0.74096
0.92343
0.94051
0.91422
0.94811
0.88129
0.8641
0.95658
0.82262
0.9
0.95015
0.95231
0.70899
0.91139
0.94914
0.78099
0.8981
0.80959
0.89453
0.94647
0.95933
0.94188
0.80521
0.91218
0.95369
0.94412
0.94462
0.74576
0.90773
0.94953
0.8879
0.83474
0.94078
0.95022
0.79608
0.93619
0.95356
0.95024
0.80863
0.93046
0.95366
0.95595
0.78986
0.92243
0.95437
0.9583
0.80959
0.79582
0.91051
0.8295
0.92325
0.95469
0.93904
0.95129
0.81093
0.86085
0.94504
0.95127
0.95367
0.87322
0.79734
0.91222
0.9504
0.94947
