7.44664
14.55535
16.02518
13.11186
12.50233
6.46431
3.15366
2.38525
2.25047
2.20475
2.53244
2.67459
2.86377
3.38972
3.64778
5.87255
4.12716
3.18663
2.56917
2.46501
2.82544
2.98625
2.99774
3.4862
3.64143
3.57405
3.11488
2.53773
2.167
2.28203
2.42491
2.22275
2.12916
3.50768
3.8689
3.1448
3.75579
3.30499
3.51759
3.65115
3.92259
3.32251
3.21145
3.47666
3.49191
3.05612
3.26488
3.46015
3.10071
3.47203
3.8605
3.30653
3.4273
3.53456
3.3305
3.5577
3.45356
3.58307
3.54234
3.87638
3.56738
4.00675
4.79199
4.22087
3.67226
3.9099
4.55717
3.62825
4.02348
3.89403
3.76465
4.13402
3.4943
3.54032
3.74664
3.86012
3.44373
3.29244
3.61243
3.88107
3.73838
3.37121
3.36576
3.74235
3.68965
3.79359
3.83597
3.67676
3.80242
3.99577
3.57727
4.01468
3.48389
3.77318
3.54016
4.03475
4.26721
3.93169
3.75507
3.69843
3.71625
4.03901
4.31143
3.80148
3.72
3.70147
4.42402
3.51003
3.31379
3.4649
3.48325
3.78205
3.97346
4.15859
4.03521
4.43526
4.05864
4.27592
3.94961
3.84016
3.72422
4.28958
4.07005
3.81441
5.0636
4.69005
3.79336
3.87641
4.11844
3.72139
4.18267
3.69255
3.77708
4.19304
4.20954
4.4083
4.2004
4.56785
4.50832
3.90942
4.26739
4.67716
3.90884
4.10985
4.40827
4.87514
4.24885
3.70892
4.02011
3.72365
4.79729
4.23445
4.77606
4.25645
3.56739
5.05106
4.21398
4.29375
4.52843
4.48498
3.78946
3.7004
4.43544
3.89969
3.95816
4.67417
4.68581
5.0293
5.94763
4.4268
4.28403
4.66019
4.33786
4.31425
4.03315
4.33928
4.25933
4.17474
4.62292
4.6793
4.29892
4.40764
4.47245
4.2873
5.19201
5.07302
5.19032
5.80979
4.96594
4.73426
4.25838
3.96567
3.9316
4.49141
4.22395
4.19041
4.14857
5.02863
4.46933
5.14416
5.16664
5.00342
4.86636
4.41603
4.25288
4.41785
6.35746
5.65357
4.88706
4.97797
4.76566
4.85309
5.90759
4.90309
4.22625
4.31651
4.85517
4.93097
4.7609
4.73982
7.11922
5.78395
5.18499
4.74343
4.71843
4.81087
4.79118
5.64696
4.52023
4.24076
4.49028
4.4261
4.44703
4.74359
5.2892
5.54827
6.34364
4.77469
4.83735
4.75804
4.83268
5.33776
4.97687
5.60296
4.51738
6.42499
6.05175
4.90252
5.14274
7.06838
6.12976
6.29192
5.36605
4.39218
5.18114
4.56379
5.82982
4.83964
5.35362
5.47183
5.14004
4.8739
5.28278
4.40306
4.91692
4.29654
4.75614
4.41905
4.30951
5.14247
5.53101
5.67584
5.82307
5.72467
6.28997
7.42785
4.93135
5.17594
5.25757
5.61746
4.98022
4.90865
4.31578
4.70188
4.78232
4.51627
4.48594
5.31664
4.63306
5.09711
5.36415
6.12194
6.75816
5.20694
4.77365
4.84295
5.72408
5.48464
5.45326
4.58697
6.13315
6.26023
5.0587
6.06803
5.89744
5.38506
6.87105
5.58482
4.60146
4.58513
5.54726
4.91115
4.94702
5.22185
4.78926
5.22136
6.14507
5.4756
4.85805
5.5077
4.97531
5.50949
5.03566
4.50722
6.50453
6.11426
5.664
4.9333
4.68127
5.12985
4.57488
5.05465
4.68443
5.84315
5.6473
6.31062
5.90199
5.52884
5.07072
5.23729
5.47723
7.21425
5.69407
5.70561
6.14478
7.6689
5.7037
5.51863
6.20851
5.08259
5.71485
7.0086
6.57534
5.91381
5.04547
6.33298
5.25267
5.34843
4.96987
5.01544
5.11985
5.56829
5.50421
5.6698
5.55941
7.55384
6.77506
5.88018
5.24624
5.79836
4.51293
5.50217
5.79584
5.10762
4.74908
4.51223
5.21385
4.91184
4.84816
4.45066
6.86243
5.4407
6.9727
6.38703
6.13307
6.11761
4.61961
4.44607
5.02357
4.76051
5.0775
5.09946
5.32608
6.17797
5.16848
5.06579
5.39445
6.6973
7.33761
7.70903
5.18675
5.42879
6.3473
5.67707
5.10235
5.07666
4.8982
4.85612
5.14668
5.78043
4.9868
5.00217
4.72512
4.8176
4.77193
4.90154
5.89255
8.43929
6.92269
6.34842
5.36181
5.47216
5.79407
6.74351
4.65767
5.00328
7.10673
5.83784
5.01975
4.44921
4.44463
4.46328
4.50638
5.13848
4.41972
6.99507
8.30387
5.4219
6.49635
5.47217
5.34373
5.14182
4.60841
4.87932
4.95616
5.15399
5.74412
5.55144
5.49139
4.53393
4.48028
7.65902
7.06902
5.48122
4.94948
6.29325
6.25519
7.59814
6.50722
5.12774
4.30358
5.38068
5.24739
4.63227
4.6259
4.26261
5.04047
4.58495
6.12863
5.76858
7.43935
5.94631
6.57506
8.03713
5.37039
4.85546
4.987
4.99818
4.66765
5.27619
6.45407
5.44898
4.48851
4.25715
4.74006
4.54169
5.01816
4.9718
4.57471
4.27798
4.22651
4.84123
5.02632
5.6364
5.12788
5.82939
7.62766
7.82629
5.66645
5.03146
5.19577
4.44624
4.50974
4.52393
5.34725
4.33951
5.23555
4.81609
4.5435
4.43288
4.51705
5.60459
5.9296
4.74979
4.99273
4.38504
4.69806
4.09968
3.9998
4.28603
4.11373
4.28481
4.35695
4.64674
5.54927
4.8917
5.70492
4.55239
4.45811
4.32683
4.46584
7.34222
4.96879
4.64118
4.75573
4.81435
4.39473
4.51774
4.67798
4.61156
4.0236
4.72895
4.15423
4.99067
4.48143
4.1404
4.01575
4.62428
4.39633
5.08493
4.05835
4.81842
3.92836
4.36992
4.07989
5.10356
4.38122
3.91127
3.83823
4.06158
4.38969
4.2003
4.86312
3.8001
3.71982
4.08041
3.5522
4.69384
3.91083
3.77798
4.37907
4.32467
4.09256
3.34483
4.74159
3.96222
3.53339
3.94241
3.70158
3.5115
3.92588
3.63412
3.5476
3.64432
4.57114
4.18491
3.85538
3.70815
3.7335
3.58782
3.95815
3.83303
4.08598
3.7571
3.39825
3.5371
4.52024
3.78037
3.51526
3.79431
3.26726
3.60399
3.34928
3.48065
3.48229
3.63428
3.28888
3.38515
3.96473
3.63605
3.40136
3.41005
3.52321
3.9017
3.75234
3.23286
3.42859
3.53719
3.29802
3.41148
3.80065
3.51651
3.46923
3.80437
3.45562
3.55967
3.92045
4.17799
3.423
3.3474
3.1826
3.36402
3.30926
3.59634
3.91245
3.29335
3.38111
3.59668
3.39665
4.26232
3.745
3.25282
3.25206
3.15212
3.24977
3.54438
3.26348
3.38934
4.13699
3.48448
3.38351
3.36642
3.3607
3.40306
3.91443
3.42558
3.49704
3.45197
3.36321
4.07178
3.36601
3.37701
3.44567
3.18035
4.34777
3.23693
3.28278
3.49044
3.49437
3.32287
3.14007
3.1622
3.35153
3.32711
3.16398
4.12274
3.41313
3.33846
3.77115
3.29856
3.76186
3.9148
3.43637
3.43995
3.33833
3.08534
3.8662
3.30148
3.37293
3.62856
3.65883
4.2839
3.64036
3.11418
3.30422
3.24434
3.41882
3.22343
3.38126
3.29051
3.2682
3.35446
3.74401
3.34443
3.3839
3.92782
3.68836
3.41727
3.34184
3.93302
3.51096
3.41515
3.51015
3.80573
3.35799
3.56382
3.78767
3.50882
4.2829
3.32823
3.47024
3.48182
3.39828
3.45373
3.28221
3.99776
3.69539
3.56843
3.42128
4.03464
3.59545
3.42424
3.51822
3.75754
3.77906
3.34854
3.44952
3.36935
3.3201
3.46099
4.36411
4.27148
3.37269
3.47413
3.70046
3.29806
3.8812
3.57032
3.3733
3.53699
3.7044
3.80408
3.46203
3.45702
3.65597
4.36883
3.51551
3.3374
3.88707
3.41876
3.43164
3.82758
3.56163
3.41076
3.3326
3.3792
3.42873
3.7457
3.42437
3.28353
3.47038
3.62237
3.40576
3.27985
3.61546
3.43218
3.89502
3.29199
3.88462
3.44057
3.6056
3.90297
3.55024
3.71184
3.60498
3.70073
4.30555
3.82349
3.65021
3.42377
3.76898
3.57108
3.41519
3.40435
3.49757
3.98154
3.7226
3.34507
3.63806
3.46741
4.19846
3.51383
3.49217
3.62042
3.75401
3.76624
3.4691
3.48062
3.62288
4.18836
3.74527
3.39751
3.20544
3.48773
3.30964
3.53978
3.39159
3.40245
3.58374
3.46179
3.45086
3.68091
3.94147
3.52392
3.54368
3.45404
3.42812
3.32471
3.7614
3.51881
3.58638
3.92853
3.63249
3.70416
3.3888
3.42327
3.17185
3.39851
3.20498
3.47259
3.22812
3.48603
3.33526
3.68884
3.57047
3.59081
3.72086
3.36211
3.65741
3.88485
3.72024
3.61265
3.71252
3.47246
4.00757
3.8764
4.00485
3.51137
4.01653
3.79353
3.47341
3.62904
3.87717
3.72335
3.70762
3.63679
3.77818
3.57023
3.51695
3.68072
3.71729
3.47355
3.61639
3.75259
3.74977
3.66411
3.62463
3.64692
3.55406
3.53579
3.87575
3.647
3.83867
3.58048
3.65023
3.41
3.71183
3.53589
3.57071
3.44015
3.94115
3.73682
3.57457
3.64118
3.98692
3.75708
3.78955
3.76164
3.8661
3.80361
3.7292
3.80561
3.56243
3.78538
3.80037
3.69509
3.93353
3.63854
3.84228
3.66082
3.70071
3.67533
4.07333
3.62871
3.94839
3.8181
3.54041
3.78506
4.08804
3.62069
3.75068
3.7991
3.81944
3.87395
3.78362
3.63112
3.86181
3.89037
3.73309
3.85503
3.75079
3.76452
3.45846
3.84951
3.65323
3.8624
3.79977
3.92542
3.60895
3.77424
3.72079
3.93648
3.62849
3.77156
3.80592
3.7843
3.64981
3.62219
3.67413
3.78636
3.76826
3.85171
3.8449
3.68004
3.71746
3.46068
3.82732
3.79451
4.42078
3.57648
3.71633
3.80131
3.64954
3.86746
3.79208
3.66145
3.54905
3.61941
3.89798
3.90133
3.83632
3.813
3.72222
3.55561
3.57822
3.56912
3.80711
3.68729
3.60175
3.89425
3.86708
3.89902
3.68469
3.66937
3.70745
3.92331
3.91511
3.70022
3.93293
3.91227
3.94973
3.81937
3.52456
3.8399
3.73432
3.68687
4.03933
3.87115
3.8058
3.89058
3.96184
3.85296
3.98524
3.83507
3.9984
3.09951
3.99277
4.09326
3.63032
3.71173
4.36599
4.16441
4.07687
3.86676
3.61397
4.19709
3.83939
4.11453
4.04172
3.80208
3.05544
3.77668
3.90575
3.06861
3.78017
3.88553
3.263
3.5623
4.00255
3.91258
3.61052
3.5737
3.73255
3.7952
3.69076
3.77417
3.33905
3.57346
4.66521
4.17066
3.87325
3.78924
4.02198
3.9794
3.8972
3.73457
4.13801
3.60108
3.85002
4.0254
4.06971
3.78111
3.91802
4.06068
3.32409
3.80419
3.87697
3.33866
3.41317
3.92199
3.80916
3.83271
3.97359
4.20509
4.00467
4.17767
3.92031
4.00471
3.79432
3.83157
3.38025
3.81264
3.82878
4.0153
3.99329
4.26551
3.71047
4.0489
3.97006
4.00043
4.14882
3.67814
4.10587
4.04433
3.95922
3.99193
4.31228
4.19653
4.14705
4.17328
4.06928
3.76071
3.5785
3.85951
4.31159
3.22875
4.06535
4.35542
3.77527
4.15939
4.12196
3.9663
4.38025
4.25315
4.2157
4.08775
4.21772
4.03519
3.84313
3.84664
4.0821
4.05385
4.12929
4.05689
4.00272
3.94965
4.5011
4.07782
4.0198
3.8682
4.01035
3.94801
4.03263
3.75767
4.78057
4.12173
4.04897
4.03144
3.90991
4.09025
4.00271
4.21818
4.52992
4.12572
4.04659
3.26265
4.18785
4.00066
4.13882
4.02616
3.61742
3.72999
4.24113
3.98459
4.14374
4.09299
4.2875
3.51195
3.67464
4.20786
3.87968
4.21906
4.03941
4.18154
3.37884
3.31993
4.35752
3.2447
4.14982
3.91433
3.96447
4.39701
4.03002
4.20626
3.19273
4.13573
4.10057
3.44858
3.71493
4.43356
4.6496
3.30619
3.72116
4.46697
4.24566
4.09597
4.16201
4.0194
3.7736
4.21297
3.78856
4.0029
4.22077
4.27505
3.60838
3.79745
4.14202
3.48835
3.7488
4.32795
4.1514
4.07513
3.87865
3.88159
4.21831
4.08199
3.98992
4.08248
3.04315
3.73426
4.37185
3.99284
4.1173
3.74319
3.61785
4.28834
4.29449
3.53671
4.20047
4.09301
3.37848
4.18022
4.34616
3.72061
4.0038
4.23727
4.18041
4.07726
3.4732
3.78719
4.00917
4.10619
4.05956
3.88244
3.69704
3.74004
3.99783
3.93376
4.01759
4.2699
4.0132
3.74813
4.06439
4.03546
4.02702
3.77454
4.12274
3.82992
4.24657
4.42917
4.29077
4.31836
3.57934
4.21982
3.89126
3.28838
4.13285
4.06133
4.10932
3.82917
4.31666
4.21164
3.65609
4.00341
3.79288
4.18531
4.27693
4.18893
4.16648
3.67164
4.16285
4.04188
4.48616
3.20016
3.45512
4.02277
4.09862
4.19759
4.06645
4.35501
4.30996
4.18845
4.19454
4.19993
4.18235
3.76423
4.18107
4.37832
4.08258
3.81636
4.25563
4.27587
4.31244
3.50834
4.02519
4.29003
4.01736
4.50672
4.26793
4.53356
4.49883
3.59383
4.20797
4.36394
4.2515
4.45282
3.07762
3.61086
4.15559
4.33051
