0.00358
4e-05
0.00017
0.00319
0.00257
0.08612
0.17167
0.18258
0.2067
0.19108
0.14874
0.16053
0.08431
0.11869
0.03332
0.04098
0.10865
0.12675
0.14938
0.1261
0.12847
0.09823
0.09071
0.04986
0.10084
0.08332
0.06645
0.15178
0.15908
0.18062
0.14358
0.24767
0.1433
0.08306
0.06516
0.07061
0.04518
0.11895
0.07599
0.10248
0.07693
0.11012
0.09939
0.08467
0.08216
0.08622
0.08143
0.06676
0.09331
0.07538
0.069
0.07808
0.08075
0.05071
0.05753
0.09022
0.0513
0.04948
0.06775
0.04638
0.05373
0.05192
0.04986
0.03986
0.05424
0.0438
0.0413
0.05028
0.05401
0.06228
0.05224
0.07038
0.05447
0.08762
0.07796
0.06387
0.06562
0.06418
0.06154
0.1172
0.08122
0.06491
0.08003
0.09323
0.06682
0.05627
0.07332
0.08258
0.05442
0.10224
0.06671
0.12328
0.0704
0.05447
0.05748
0.0575
0.06555
0.04611
0.09525
0.06572
0.07891
0.05355
0.04771
0.05355
0.1248
0.13606
0.09146
0.09723
0.07274
0.07112
0.05632
0.04088
0.04497
0.05513
0.04477
0.06754
0.04382
0.04475
0.04876
0.06503
0.05513
0.04986
0.04775
0.08381
0.15703
0.05444
0.05325
0.04074
0.06309
0.04728
0.07787
0.04655
0.0545
0.05243
0.04015
0.04609
0.07428
0.06898
0.05658
0.04002
0.06099
0.06353
0.04775
0.06322
0.03632
0.05621
0.04337
0.05595
0.0601
0.05609
0.14688
0.05192
0.02855
0.03745
0.07274
0.05078
0.05124
0.04078
0.06528
0.04159
0.05032
0.05663
0.05156
0.04017
0.04126
0.05084
0.0448
0.09235
0.04323
0.03716
0.039
0.05171
0.04122
0.03758
0.03952
0.06381
0.04371
0.05214
0.04231
0.05059
0.03412
0.03428
0.0321
0.03481
0.12891
0.03514
0.02834
0.0417
0.03121
0.04072
0.0325
0.03556
0.04929
0.06227
0.04196
0.03385
0.04415
0.06628
0.03997
0.05201
0.03281
0.03752
0.03853
0.03553
0.02989
0.02776
0.09243
0.03557
0.04252
0.0448
0.03215
0.04507
0.02023
0.03108
0.03284
0.03619
0.04221
0.03568
0.02889
0.05998
0.03363
0.04793
0.04443
0.02868
0.03192
0.03168
0.03117
0.03874
0.03903
0.03002
0.04496
0.03617
0.035
0.03403
0.04377
0.05437
0.04879
0.02881
0.03302
0.02081
0.01933
0.02497
0.03782
0.02284
0.02774
0.05178
0.0375
0.02223
0.02257
0.06428
0.02395
0.04492
0.01696
0.03554
0.02928
0.02479
0.04653
0.02688
0.02489
0.02687
0.02868
0.02554
0.03925
0.03186
0.03888
0.02778
0.03533
0.02838
0.03222
0.02674
0.03997
0.03007
0.05599
0.03315
0.10429
0.11534
0.01726
0.03851
0.02616
0.02961
0.02046
0.02585
0.02477
0.03045
0.03011
0.04012
0.02613
0.04344
0.02292
0.0352
0.0532
0.03967
0.06843
0.02153
0.02427
0.02002
0.03537
0.03613
0.01856
0.03112
0.04577
0.01962
0.03258
0.04139
0.01542
0.06708
0.02902
0.03349
0.03246
0.03119
0.02024
0.01867
0.02712
0.02344
0.03087
0.04171
0.11698
0.03176
0.0374
0.02162
0.02523
0.03404
0.02472
0.02683
0.03787
0.021
0.03174
0.02748
0.04724
0.03318
0.04343
0.02448
0.02802
0.03406
0.03888
0.05115
0.01763
0.03082
0.02123
0.02456
0.02478
0.02114
0.02712
0.02034
0.02624
0.09298
0.03748
0.03932
0.04157
0.02749
0.01709
0.07054
0.049
0.02519
0.01885
0.03029
0.01958
0.0244
0.02775
0.02253
0.02548
0.0284
0.02976
0.06229
0.0409
0.09888
0.02049
0.03444
0.02727
0.01767
0.02617
0.03092
0.03663
0.03172
0.02014
0.02119
0.02194
0.02017
0.02105
0.02741
0.04509
0.03066
0.03087
0.03608
0.02727
0.03109
0.02144
0.02458
0.03016
0.02642
0.03225
0.02973
0.02092
0.06118
0.0176
0.02894
0.03029
0.06702
0.018
0.04663
0.02152
0.03197
0.02462
0.02783
0.02372
0.02614
0.02002
0.02769
0.02803
0.02268
0.03092
0.03586
0.02419
0.02475
0.02321
0.02857
0.01662
0.04993
0.11307
0.02684
0.01877
0.01795
0.03721
0.03086
0.02429
0.0216
0.06421
0.03185
0.02828
0.0244
0.02528
0.02135
0.02001
0.02531
0.04274
0.02977
0.02231
0.02095
0.02828
0.032
0.03969
0.02835
0.02286
0.02297
0.02458
0.0276
0.02577
0.04654
0.03072
0.03018
0.0441
0.0679
0.02721
0.0252
0.02942
0.05109
0.01547
0.09216
0.03294
0.02093
0.03333
0.06467
0.0258
0.02434
0.02801
0.03802
0.03737
0.02723
0.04151
0.03595
0.04035
0.02085
0.05455
0.05728
0.03082
0.03601
0.02702
0.0286
0.03653
0.02388
0.0541
0.02764
0.02613
0.03815
0.02869
0.02805
0.06848
0.01757
0.03453
0.02861
0.02595
0.02882
0.02037
0.02941
0.03555
0.08066
0.11949
0.04597
0.04451
0.02455
0.02998
0.02741
0.03607
0.027
0.05119
0.03491
0.06151
0.03755
0.03344
0.02652
0.03361
0.1215
0.02642
0.06365
0.03184
0.05963
0.03092
0.03823
0.04164
0.04225
0.03689
0.03339
0.04131
0.03567
0.06621
0.02518
0.04755
0.03602
0.03718
0.0344
0.08148
0.13927
0.03412
0.04529
0.06657
0.03234
0.04089
0.04064
0.07267
0.03291
0.04855
0.07952
0.04523
0.09167
0.0375
0.03895
0.05332
0.0972
0.03608
0.0879
0.05133
0.09845
0.0572
0.09378
0.06465
0.07815
0.08984
0.06534
0.05506
0.05865
0.09687
0.07445
0.13346
0.06415
0.05517
0.06989
0.06818
0.11274
0.05956
0.0839
0.12215
0.13355
0.0548
0.0683
0.16616
0.06136
0.06289
0.09052
0.09761
0.0864
0.10245
0.06221
0.06795
0.07429
0.16086
0.0893
0.09599
0.06086
0.0754
0.07285
0.08689
0.13465
0.07231
0.06599
0.0714
0.07084
0.11525
0.17338
0.08489
0.06135
0.07265
0.10245
0.06611
0.09101
0.06163
0.10876
0.07187
0.09745
0.11746
0.06852
0.09624
0.06768
0.07686
0.09523
0.27269
0.09097
0.07913
0.10497
0.06719
0.06305
0.12744
0.08559
0.07559
0.05953
0.09518
0.0582
0.11837
0.20099
0.06622
0.07171
0.08185
0.06831
0.07081
0.13088
0.10538
0.08162
0.07602
0.09281
0.06537
0.26426
0.11544
0.07642
0.08016
0.07613
0.07357
0.08003
0.07473
0.14165
0.19017
0.07407
0.0676
0.06557
0.07156
0.06374
0.11495
0.14442
0.06419
0.06248
0.08916
0.16188
0.07047
0.07236
0.07515
0.07524
0.32872
0.14104
0.10236
0.07127
0.07919
0.07736
0.07269
0.08612
0.08634
0.09821
0.07489
0.17312
0.06452
0.06821
0.07497
0.06573
0.15097
0.19659
0.0668
0.06237
0.06384
0.07728
0.12324
0.08039
0.11638
0.05969
0.0841
0.4235
0.10185
0.08791
0.07519
0.0725
0.06256
0.0742
0.0824
0.06597
0.06769
0.06697
0.11871
0.07535
0.0586
0.11686
0.12655
0.06017
0.06157
0.15265
0.06251
0.05758
0.16142
0.07285
0.06007
0.09638
0.05115
0.13399
0.1747
0.06674
0.06412
0.06969
0.05793
0.07192
0.06317
0.21294
0.05544
0.08795
0.06062
0.1799
0.05765
0.05863
0.07352
0.06776
0.12379
0.06215
0.06119
0.0589
0.06079
0.05734
0.24432
0.11221
0.0678
0.06878
0.07369
0.07739
0.16065
0.06169
0.06282
0.0653
0.17502
0.05009
0.10742
0.05629
0.24768
0.11032
0.06666
0.07063
0.10826
0.05919
0.05954
0.146
0.12044
0.09616
0.06724
0.0651
0.16195
0.06317
0.06919
0.0666
0.07734
0.16993
0.06134
0.06577
0.11454
0.12531
0.07106
0.10837
0.07154
0.06484
0.13034
0.04954
0.13667
0.09008
0.07384
0.07538
0.14312
0.04624
0.08746
0.06716
0.1049
0.05697
0.11033
0.05727
0.14318
0.13132
0.06987
0.08877
0.07147
0.09983
0.09401
0.06058
0.06103
0.0589
0.18392
0.08722
0.05535
0.05696
0.19962
0.21516
0.07656
0.07975
0.07185
0.11005
0.06473
0.16616
0.06095
0.09363
0.06842
0.06583
0.05642
0.20859
0.09393
0.05455
0.06503
0.07577
0.05731
0.05953
0.15847
0.05451
0.05139
0.30425
0.10553
0.10632
0.06678
0.1329
0.07471
0.07869
0.06731
0.07717
0.09907
0.05331
0.18317
0.05932
0.06219
0.07458
0.04354
0.1033
0.12158
0.0908
0.05352
0.12479
0.0475
0.05914
0.10913
0.17145
0.12458
0.05401
0.09596
0.05435
0.05529
0.1341
0.10851
0.07614
0.05367
0.08217
0.06911
0.0815
0.10684
0.05147
0.05539
0.05436
0.04858
0.18639
0.05886
0.05098
0.16202
0.04981
0.06417
0.07634
0.17969
0.12165
0.08049
0.05328
0.08211
0.09747
0.0938
0.06325
0.05247
0.05773
0.2141
0.04962
0.0709
0.04941
0.10816
0.04693
0.08253
0.04521
0.09043
0.046
0.05941
0.05446
0.05066
0.22955
0.07064
0.06271
0.0798
0.04651
0.17868
0.05447
0.05673
0.1121
0.08624
0.05865
0.12736
0.0423
0.0648
0.15087
0.06139
0.09281
0.10885
0.04727
0.04689
0.22187
0.05503
0.06331
0.04157
0.13024
0.04813
0.09348
0.04592
0.04306
0.06042
0.23213
0.07524
0.06009
0.048
0.16402
0.05944
0.07116
0.04515
0.17918
0.12828
0.04418
0.09241
0.04333
0.05443
0.08228
0.13479
0.07511
0.05629
0.11828
0.04024
0.0595
0.04333
0.18981
0.05785
0.04541
0.22351
0.0925
0.09261
0.04074
0.04878
0.10028
0.04079
0.04611
0.19223
0.06009
0.04637
0.03934
0.25888
0.18093
0.08165
0.06017
0.05222
0.09464
0.07159
0.05205
0.10801
0.04568
0.09365
0.0392
0.04368
0.14905
0.05277
0.04515
0.04523
0.13242
0.04313
0.04165
0.05364
0.0424
0.17918
0.04151
0.13909
0.05419
0.03484
0.03993
0.24032
0.04595
0.04974
0.04508
0.08796
0.03894
0.09464
0.13072
0.0346
0.03272
0.23777
0.06377
0.04344
0.03434
0.03133
0.16737
0.07113
0.11097
0.04966
0.08151
0.03624
0.21778
0.15679
0.05007
0.12445
0.09135
0.04586
0.0409
0.19506
0.05271
0.06231
0.036
0.17512
0.05043
0.04353
0.04503
0.04561
0.04013
0.22046
0.05735
0.11959
0.08205
0.04264
0.09485
0.03341
0.03645
0.05217
0.04295
0.23329
0.06989
0.06362
0.06601
0.08718
0.04767
0.03736
0.09315
0.08938
0.17834
0.04307
0.20745
0.06105
0.09014
0.04904
0.11938
0.03467
0.08951
0.10904
0.05017
0.03711
0.06085
0.04496
0.10458
0.07275
0.03872
0.10928
0.05735
0.03336
0.12901
0.05523
0.03504
0.03522
0.03384
0.10831
0.13096
0.04451
0.0947
0.04191
0.04541
0.08026
0.04851
0.06166
0.03876
0.04151
0.17295
0.0546
0.04032
0.06372
0.08693
0.03365
0.14405
0.05544
0.17194
0.06105
0.0724
0.04139
0.03022
0.02756
0.08226
0.02706
0.03272
0.10665
0.04088
0.03214
0.10642
0.03495
0.0358
0.16854
0.04596
0.05423
0.03371
0.03244
0.0553
0.19181
0.03744
0.16654
0.04728
0.07147
0.03472
0.03461
0.0329
0.03546
0.1781
0.18744
0.06756
0.05125
0.03885
0.09298
0.07241
0.02959
0.03881
0.03205
0.0921
0.14812
0.04708
0.03694
0.06325
0.09937
0.03466
0.03915
0.25536
0.0519
0.03529
0.0406
0.03607
0.05841
0.02887
0.18818
0.06419
0.11584
0.09139
0.12881
0.04362
0.03993
0.03245
0.0362
0.09574
0.09758
0.02908
0.03203
0.1613
0.05116
0.02973
0.04357
0.26771
0.05216
0.05891
0.02667
0.0317
0.03204
0.12788
0.04489
0.04801
0.16214
0.05163
0.03035
0.04756
0.19994
0.04223
0.03021
0.24732
0.04893
0.02569
0.03179
0.03658
0.1192
0.03789
0.02855
0.03916
0.03373
0.10661
0.09868
0.04799
0.0315
0.0342
0.0353
0.19574
0.05179
0.02612
0.12189
0.06714
0.0292
0.27469
0.08239
0.07556
0.04963
0.09135
0.03483
0.04275
0.04895
0.05482
0.17317
0.04385
0.0373
0.03392
0.03863
0.04139
0.13121
0.04555
0.04694
0.07809
0.0736
0.04561
0.04981
0.12194
0.03249
0.03314
0.0351
0.07772
0.18165
0.04114
0.04482
0.05275
0.0323
0.10271
0.0802
0.02839
0.13793
0.06743
0.03108
0.0376
0.2095
0.04297
0.02712
0.15027
0.05496
0.11786
0.0482
0.02957
0.02588
0.03436
0.13411
0.04927
0.03069
0.03738
0.03776
0.18389
0.05723
0.03393
0.0905
0.10077
0.03388
0.02733
0.14532
0.03194
0.02839
0.03205
0.13368
0.04588
0.02871
0.03052
0.12841
0.04621
0.02824
0.02728
0.15854
0.1287
0.04212
0.12685
0.03814
0.02527
0.03617
0.0252
0.1782
0.06477
0.02932
0.02622
0.02737
0.11283
0.13135
0.04976
0.02941
0.03313
