0.55138
0.73428
0.82572
0.60749
1.03154
1.45838
1.64183
1.16031
1.15785
1.09201
0.97393
0.95894
0.50502
0.61818
0.32193
0.81869
1.62329
1.27873
1.25875
0.97323
0.9051
0.79634
0.61197
0.72857
0.98975
0.95301
0.59062
0.87853
0.73035
0.87794
0.76047
1.32976
0.83265
0.85068
0.93029
0.59508
0.50594
1.03402
0.78906
0.98665
1.0027
1.17863
1.03227
0.87765
0.81697
0.86784
0.73573
0.63401
0.92077
0.75152
0.84953
0.71222
0.81429
0.58145
0.6083
0.81007
0.54385
0.54743
0.59209
0.56587
0.5168
0.6195
0.7779
0.68319
0.57652
0.54971
0.69357
0.57194
0.64029
0.76664
0.60309
0.81738
0.62104
0.80778
0.86175
0.80706
0.62857
0.65302
0.61129
1.06975
0.87046
0.61191
0.60564
0.9154
0.77408
0.60502
0.69165
0.71566
0.5644
0.97931
0.61622
1.0921
0.64788
0.53853
0.53371
0.68157
0.74497
0.54614
0.79339
0.52187
0.70489
0.51204
0.62438
0.50585
0.62694
1.33046
1.14884
0.78825
0.59442
0.62592
0.56113
0.41216
0.53407
0.58581
0.49212
0.64328
0.40684
0.47212
0.49963
0.4892
0.41127
0.54695
0.4753
0.59335
1.41877
0.65247
0.46313
0.45836
0.61188
0.41712
0.60791
0.4071
0.47256
0.50481
0.49724
0.46517
0.66553
0.67187
0.57642
0.39887
0.5766
0.7238
0.42761
0.52304
0.44111
0.66393
0.38443
0.37706
0.50098
0.43894
1.22356
0.51945
0.40787
0.3661
0.40771
0.70661
0.50472
0.42021
0.63358
0.46399
0.38562
0.40553
0.49119
0.29886
0.32577
0.47406
0.47594
0.66511
1.12806
0.40592
0.42199
0.48513
0.45072
0.37601
0.3429
0.49459
0.37285
0.41277
0.4741
0.50539
0.33078
0.35123
0.37125
0.35661
1.02402
0.94001
0.45038
0.60501
0.44527
0.47521
0.36064
0.31145
0.34676
0.46999
0.36266
0.31907
0.39329
0.66219
0.38015
0.65254
0.48789
0.39069
0.46729
0.37004
0.29065
0.32144
0.97972
0.55342
0.50766
0.5049
0.40999
0.61074
0.37347
0.40234
0.3223
0.32134
0.43474
0.42168
0.34571
0.34839
1.02241
0.67497
0.51117
0.37441
0.4002
0.3601
0.31963
0.5025
0.33523
0.26549
0.38033
0.3046
0.31137
0.40569
0.55167
0.51102
0.55079
0.34538
0.36663
0.27352
0.2633
0.30967
0.38232
0.34007
0.24937
0.86793
0.48576
0.31138
0.31383
0.88439
0.44629
0.60699
0.279
0.32094
0.38437
0.27845
0.62844
0.30088
0.366
0.33726
0.36625
0.30913
0.41693
0.2808
0.38023
0.23949
0.36349
0.23333
0.27588
0.30905
0.38926
0.3244
0.50973
0.50621
0.9937
1.56459
0.29667
0.53399
0.38651
0.50452
0.3394
0.32648
0.24573
0.29938
0.32926
0.35264
0.23988
0.39859
0.21274
0.39247
0.70956
0.75304
0.59326
0.28556
0.30793
0.26956
0.45698
0.48203
0.25117
0.2915
0.56623
0.32622
0.32493
0.65919
0.35621
0.45147
0.81191
0.41626
0.30811
0.32489
0.31174
0.28525
0.27121
0.29934
0.30104
0.53658
1.15938
0.45653
0.32718
0.36418
0.3317
0.42249
0.22767
0.25227
0.48587
0.41218
0.40374
0.29687
0.41011
0.28659
0.29019
0.26702
0.27596
0.3578
0.51967
0.59447
0.31733
0.3198
0.2745
0.34198
0.29358
0.32339
0.38531
0.2691
0.38813
0.90747
0.41165
0.51181
0.61671
0.32613
0.27858
0.62351
0.61094
0.32706
0.21763
0.46272
0.26476
0.28638
0.2871
0.22912
0.29599
0.31984
0.34396
0.56834
0.32554
1.30293
0.46971
0.46024
0.35382
0.31991
0.29104
0.35183
0.36957
0.3569
0.21587
0.22747
0.26089
0.22068
0.22137
0.19689
0.46812
0.33028
0.5823
0.42031
0.38381
0.34981
0.23149
0.21649
0.31152
0.23365
0.31399
0.24334
0.24534
0.49832
0.19299
0.24799
0.37969
0.60843
0.41256
0.63193
0.23584
0.33489
0.36499
0.30896
0.25257
0.27989
0.19816
0.23507
0.29002
0.30742
0.25892
0.27235
0.18461
0.22671
0.20617
0.23405
0.25107
0.97306
1.27872
0.44498
0.25753
0.27677
0.40841
0.45629
0.22877
0.25978
0.95375
0.50731
0.27339
0.23867
0.21827
0.20024
0.18959
0.25741
0.1901
0.67418
0.3263
0.26952
0.33276
0.3697
0.38767
0.27354
0.20252
0.20983
0.22946
0.26528
0.25344
0.39433
0.27772
0.1831
0.23198
1.21955
0.41222
0.26412
0.26202
0.47293
0.19595
0.90553
0.4094
0.24458
0.20476
0.48369
0.28655
0.23978
0.2337
0.20873
0.28422
0.20393
0.33699
0.33679
0.47285
0.2174
0.79286
0.92948
0.38448
0.25967
0.26882
0.27071
0.27311
0.3322
0.60418
0.2617
0.19854
0.2337
0.21992
0.20617
0.53817
0.15262
0.26127
0.21024
0.18277
0.25048
0.15591
0.27593
0.23803
0.42556
1.76485
0.85736
0.42588
0.29815
0.3417
0.25298
0.28331
0.21577
0.40958
0.24328
0.54251
0.30954
0.25893
0.21369
0.23063
0.99413
0.41716
0.40371
0.3613
0.35427
0.25751
0.21392
0.23789
0.25012
0.21807
0.20527
0.24068
0.22106
0.53822
0.22738
0.42127
0.27525
0.268
0.20163
0.33688
1.77331
0.43231
0.38781
0.41174
0.26686
0.26137
0.25438
0.48734
0.22954
0.27633
0.48746
0.25775
0.70601
0.25764
0.25947
0.26407
0.59279
0.25089
0.58998
0.29046
0.59758
0.28507
0.59327
0.28341
0.81913
0.58119
0.35244
0.30618
0.32284
0.83116
0.44499
0.98765
0.31876
0.29758
0.39042
0.24575
0.89931
0.33156
0.51269
0.84061
0.7218
0.45024
0.27769
1.15449
0.3784
0.29787
0.55218
0.46904
0.47331
0.59239
0.28061
0.29185
0.30767
0.91981
0.65676
0.547
0.28733
0.35488
0.28851
0.41499
0.8512
0.40565
0.29426
0.32587
0.30104
0.89199
1.05091
0.34506
0.34787
0.26358
0.46274
0.26727
0.36182
0.25656
0.50177
0.26184
0.36043
0.62351
0.28707
0.39393
0.23737
0.29176
0.38488
2.20966
0.4494
0.36233
0.48434
0.25026
0.24318
0.61076
0.36384
0.27846
0.28241
0.33775
0.22497
0.43757
1.37109
0.28743
0.28882
0.30712
0.26252
0.25266
0.57275
0.62167
0.29901
0.28165
0.34709
0.22465
1.54141
0.70824
0.32141
0.30822
0.26649
0.2615
0.32304
0.25167
0.47879
1.1129
0.33644
0.26172
0.23947
0.25117
0.23316
0.44676
0.83268
0.28361
0.22065
0.29829
0.77528
0.24808
0.25528
0.2764
0.22701
2.48312
0.92822
0.45551
0.34168
0.32523
0.32134
0.24393
0.27551
0.28384
0.36125
0.22578
0.91944
0.25733
0.24676
0.30824
0.21538
0.652
1.11648
0.2837
0.23144
0.21972
0.24876
0.6032
0.30048
0.39047
0.27959
0.28372
2.8709
0.96134
0.38415
0.32954
0.28806
0.24521
0.26981
0.30384
0.22625
0.23561
0.22098
0.49366
0.27646
0.19275
0.4784
0.72135
0.22158
0.19613
0.82636
0.24415
0.20654
0.51657
0.52474
0.23914
0.36819
0.23142
0.46345
1.2088
0.27443
0.27245
0.27089
0.20586
0.26595
0.19852
1.09916
0.31434
0.36937
0.21662
0.8659
0.26674
0.20728
0.27841
0.25102
0.65704
0.21193
0.21201
0.18937
0.18338
0.17622
1.64555
0.69839
0.25034
0.26326
0.30771
0.22876
0.75653
0.25727
0.21933
0.24517
0.80793
0.2861
0.44058
0.19046
0.98609
1.30545
0.28576
0.25366
0.55254
0.20715
0.20611
0.80249
0.6554
0.37301
0.22784
0.23267
0.67662
0.39763
0.25628
0.21923
0.25113
0.81594
0.22498
0.19323
0.49192
0.46981
0.38231
0.28668
0.47393
0.21715
0.46914
0.2586
0.47388
0.46586
0.29043
0.22102
0.92489
0.23461
0.38278
0.19833
0.505
0.19621
0.4334
0.18533
0.56874
0.89928
0.32835
0.26443
0.38556
0.31276
0.62518
0.2345
0.20319
0.21563
0.99868
0.42186
0.20689
0.20097
0.76832
1.69752
0.39231
0.34882
0.23458
0.43131
0.19946
0.76447
0.2504
0.37623
0.24087
0.24414
0.18393
1.11972
0.61555
0.22615
0.24194
0.27266
0.19174
0.18131
0.73994
0.19483
0.18773
2.33863
0.59989
0.51127
0.22043
0.65869
0.22408
0.31446
0.19393
0.27827
0.39978
0.18928
0.79553
0.30524
0.23209
0.32012
0.15697
0.22732
0.83137
0.38211
0.24414
0.56055
0.19982
0.18808
0.31861
1.34285
0.79653
0.20404
0.48624
0.26105
0.20122
0.70581
0.73307
0.36444
0.21768
0.34245
0.27364
0.35441
0.38008
0.24444
0.22977
0.16202
0.15819
0.90227
0.22625
0.21175
0.79493
0.19549
0.22049
0.20363
1.14833
0.58091
0.36839
0.19212
0.3143
0.23913
0.61756
0.21248
0.1849
0.16526
1.05391
0.20217
0.26242
0.15295
0.48007
0.17125
0.37258
0.1512
0.36973
0.17326
0.22118
0.20405
0.14894
1.49652
0.3311
0.20387
0.402
0.15615
0.82842
0.26774
0.21475
0.32947
0.53634
0.21494
0.57592
0.16001
0.16855
0.84436
0.26351
0.38701
0.48728
0.1583
0.15839
1.27413
0.24074
0.22842
0.14659
0.64105
0.17137
0.41486
0.14583
0.14375
0.15781
1.57678
0.2774
0.32011
0.17168
0.81411
0.20312
0.34033
0.14962
0.79169
0.78463
0.19737
0.40489
0.15294
0.18177
0.20919
0.73888
0.308
0.15924
0.60932
0.14365
0.21641
0.13314
0.9766
0.23921
0.15258
1.07129
0.47093
0.37253
0.16999
0.15346
0.43567
0.12913
0.14489
0.8926
0.27322
0.18664
0.1442
1.71273
0.98428
0.49856
0.24421
0.18476
0.2469
0.4743
0.17878
0.37911
0.23233
0.39022
0.13818
0.13398
0.71181
0.24167
0.15769
0.17099
0.59939
0.14681
0.14792
0.2157
0.13606
0.87056
0.15652
0.67331
0.19688
0.12351
0.1267
1.4503
0.22471
0.1914
0.1607
0.41372
0.12382
0.33665
0.75496
0.13747
0.12198
1.50782
0.3873
0.20941
0.13806
0.11161
0.572
0.53781
0.5561
0.27467
0.35803
0.1292
0.89349
1.14728
0.25181
0.65532
0.38902
0.17928
0.14415
1.07943
0.22175
0.23934
0.12106
0.86766
0.2161
0.14215
0.15557
0.13785
0.11853
1.22252
0.38047
0.78364
0.52016
0.17359
0.41115
0.12881
0.12953
0.181
0.11562
1.25256
0.37562
0.20369
0.41949
0.43172
0.18546
0.1282
0.40493
0.42745
0.96995
0.31025
1.26642
0.33517
0.42508
0.16153
0.60706
0.1468
0.37095
0.597
0.25212
0.13266
0.22521
0.17023
0.49367
0.32892
0.14158
0.24732
0.46566
0.11353
0.70021
0.25811
0.13461
0.11556
0.1112
0.4062
0.78128
0.20879
0.51095
0.21129
0.15138
0.42051
0.16675
0.30389
0.14056
0.14545
0.89081
0.27731
0.13483
0.23666
0.49613
0.13263
0.65112
0.24855
0.86352
0.37884
0.24563
0.29397
0.13254
0.10365
0.39052
0.11346
0.11499
0.56818
0.15502
0.10481
0.67442
0.12999
0.12319
0.88248
0.23298
0.26166
0.11243
0.10497
0.11949
1.199
0.18327
0.91397
0.23759
0.43259
0.188
0.13583
0.11304
0.10726
0.70498
1.75875
0.39772
0.27589
0.16824
0.37757
0.39542
0.12373
0.14113
0.1141
0.18581
1.141
0.19136
0.1534
0.15866
0.54271
0.12527
0.13132
1.49444
0.25935
0.1592
0.12456
0.1587
0.22557
0.09235
0.94078
0.26387
0.47198
0.59635
0.67162
0.25918
0.13623
0.15967
0.1234
0.34786
0.55312
0.11577
0.11826
0.84608
0.23956
0.12401
0.15444
1.62602
0.26244
0.35098
0.11246
0.10615
0.11042
0.6216
0.17615
0.18257
0.83114
0.25071
0.12276
0.15423
1.09967
0.20802
0.12004
1.37593
0.24811
0.12256
0.1174
0.11178
0.6488
0.15307
0.1055
0.13801
0.10433
0.6973
0.42256
0.16415
0.14146
0.10093
0.11191
1.07483
0.24113
0.10106
0.74246
0.39424
0.12579
1.73057
0.48835
0.50646
0.19858
0.48747
0.12934
0.16454
0.22979
0.18043
0.86222
0.17063
0.1204
0.13473
0.13823
0.12369
0.61407
0.16807
0.14599
0.19396
0.43693
0.15746
0.12259
0.60287
0.10627
0.10234
0.11062
0.15941
1.19433
0.17753
0.15951
0.19939
0.12451
0.44806
0.36538
0.09996
0.64812
0.24121
0.11915
0.09958
1.38789
0.22551
0.11874
0.89677
0.26887
0.74307
0.26761
0.12757
0.09306
0.12032
0.7959
0.20162
0.11186
0.11949
0.15764
1.04927
0.22561
0.11508
0.28069
0.70362
0.13481
0.11692
0.72783
0.14189
0.10469
0.10939
0.66182
0.1741
0.10969
0.10276
0.87286
0.17859
0.11002
0.09121
1.02464
0.81608
0.21085
0.68554
0.19105
0.10212
0.12615
0.12078
0.83993
0.3643
0.13148
0.10479
0.09951
0.72881
0.69485
0.20648
0.10839
0.11166
