0.39308
0.33992
0.36687
0.31826
0.29729
0.29933
0.29289
0.28788
0.28468
0.28156
0.27717
0.26135
0.26135
0.25057
0.24463
0.23405
0.22456
0.21591
0.21763
0.20327
0.19731
0.18487
0.17079
0.15774
0.15874
0.14459
0.14548
0.13904
0.13177
0.12816
0.12078
0.12531
0.12541
0.12346
0.12145
0.11353
0.11008
0.11433
0.10911
0.10119
0.10383
0.10249
0.10265
0.11206
0.10276
0.10753
0.11036
0.10623
0.10079
0.1051
0.1014
0.1051
0.10082
0.09735
0.09894
0.09861
0.09477
0.0949
0.08875
0.08538
0.08649
0.09257
0.08674
0.08917
0.08485
0.08671
0.08158
0.08597
0.08384
0.0819
0.07838
0.08115
0.07498
0.07823
0.07128
0.0759
0.07915
0.0785
0.07001
0.07378
0.07188
0.07019
0.06954
0.07163
0.06822
0.06907
0.06925
0.07276
0.06671
0.06791
0.06886
0.06154
0.05965
0.06866
0.06208
0.05914
0.06033
0.05997
0.05439
0.05734
0.0597
0.05673
0.05891
0.05725
0.05771
0.0538
0.0589
0.05682
0.05123
0.0601
0.05019
0.05428
0.05347
0.05197
0.05057
0.05254
0.05554
0.05148
0.05239
0.04858
0.04699
0.05055
0.05451
0.04763
0.05256
0.05055
0.052
0.04969
0.05145
0.04912
0.0456
0.04903
0.04153
0.04565
0.04362
0.04348
0.04739
0.04304
0.04238
0.04362
0.04238
0.04325
0.04019
0.04759
0.04468
0.04171
0.04315
0.04461
0.03735
0.04362
0.04135
0.0405
0.03874
0.03818
0.0408
0.03551
0.03827
0.04469
0.03905
0.03914
0.03582
0.03844
0.03538
0.03718
0.03403
0.03374
0.03607
0.04212
0.03678
0.03622
0.03467
0.03462
0.03348
0.03528
0.03574
0.03893
0.0346
0.03404
0.03005
0.03259
0.0378
0.03079
0.03433
0.036
0.02881
0.03018
0.03536
0.03407
0.0297
0.03471
0.02786
0.03198
0.02796
0.0366
0.03175
0.02881
0.03417
0.02941
0.02941
0.03337
0.02972
0.03178
0.0285
0.03407
0.02714
0.03114
0.03332
0.03084
0.02451
0.02988
0.02859
0.02635
0.03044
0.03224
0.0247
0.02649
0.02566
0.02665
0.02798
0.02579
0.02989
0.0277
0.02307
0.02621
0.02612
0.02718
0.0232
0.02554
0.0244
0.02621
0.02139
0.02784
0.02572
0.02506
0.02265
0.02418
0.0233
0.02247
0.02377
0.02253
0.02301
0.02129
0.0261
0.02633
0.02268
0.023
0.02364
0.02711
0.02059
0.02253
0.02229
0.02352
0.02539
0.02351
0.02443
0.02668
0.02191
0.02076
0.02314
0.02069
0.02281
0.0212
0.02436
0.022
0.02376
0.02003
0.01779
0.0207
0.02215
0.0245
0.02057
0.02347
0.02466
0.0203
0.02195
0.02134
0.02025
0.02411
0.02206
0.02004
0.01916
0.02003
0.0198
0.02455
0.01988
0.02258
0.01893
0.0202
0.01902
0.02084
0.01812
0.01671
0.01918
0.01889
0.01658
0.02109
0.02302
0.02143
0.02166
0.02066
0.0218
0.01694
0.02263
0.01762
0.01709
0.02115
0.02017
0.01826
0.0165
0.02477
0.01863
0.01923
0.01846
0.02049
0.02022
0.01711
0.0169
0.01822
0.01775
0.01786
0.01755
0.0204
0.01986
0.01976
0.01731
0.01607
0.02169
0.0171
0.01945
0.0174
0.01942
0.01987
0.01777
0.01737
0.01569
0.0145
0.01906
0.01713
0.01769
0.01583
0.01595
0.01595
0.01843
0.01618
0.01692
0.01507
0.01962
0.01477
0.01685
0.01846
0.01404
0.01613
0.01512
0.01752
0.01593
0.01818
0.01517
0.01841
0.01902
0.01465
0.01613
0.01635
0.01694
0.01558
0.01546
0.0188
0.01315
0.0145
0.01271
0.01437
0.01792
0.01471
0.01652
0.01725
0.01426
0.01512
0.01933
0.01572
0.01489
0.01341
0.01409
0.01471
0.01354
0.0167
0.01728
0.01536
0.01388
0.01711
0.01443
0.01469
0.01817
0.01912
0.01782
0.01372
0.01563
0.01383
0.01307
0.01616
0.01511
0.01501
0.01465
0.0127
0.01203
0.0156
0.01726
0.01455
0.01615
0.01477
0.01667
0.01305
0.01845
0.01337
0.01455
0.01817
0.01536
0.01423
0.01692
0.01485
0.01207
0.01499
0.01524
0.01602
0.0162
0.01447
0.01825
0.01878
0.01933
0.01725
0.01596
0.02105
0.01909
0.01806
0.01765
0.01628
0.01829
0.02094
0.01825
0.02163
0.01793
0.02089
0.0182
0.01704
0.02061
0.02068
0.0209
0.01763
0.02311
0.02003
0.01659
0.0173
0.01672
0.01979
0.02104
0.01652
0.0211
0.02094
0.01721
0.01952
0.01961
0.01967
0.01697
0.02365
0.01714
0.01948
0.02103
0.01966
0.02167
0.01719
0.01704
0.02036
0.01873
0.01955
0.01827
0.01893
0.01857
0.01777
0.01936
0.0218
0.02166
0.01779
0.02281
0.0221
0.01924
0.01661
0.01681
0.01875
0.01734
0.01659
0.01884
0.01598
0.01615
0.0222
0.02019
0.01816
0.0179
0.01771
0.0173
0.0159
0.01586
0.02234
0.0161
0.02107
0.01751
0.01776
0.01971
0.01793
0.01669
0.02281
0.0171
0.02067
0.01805
0.01629
0.01756
0.01978
0.01916
0.01768
0.02256
0.0153
0.01899
0.01508
0.01825
0.0173
0.01469
0.02065
0.01802
0.02078
0.01959
0.01797
0.02225
0.01656
0.01968
0.01956
0.01614
0.01607
0.01719
0.01672
0.015
0.0157
0.01693
0.01451
0.01638
0.01734
0.01451
0.01824
0.01925
0.01477
0.016
0.01543
0.01816
0.0154
0.01448
0.01585
0.0182
0.01859
0.01629
0.01568
0.01739
0.01744
0.01569
0.01847
0.01197
0.01573
0.01364
0.01843
0.01751
0.01858
0.01713
0.01663
0.01439
0.01677
0.01676
0.01181
0.02003
0.01534
0.01728
0.0164
0.01305
0.01626
0.01283
0.01366
0.01497
0.01714
0.01389
0.01439
0.01568
0.01337
0.01798
0.01462
0.01377
0.01967
0.01424
0.01727
0.01566
0.01651
0.01738
0.01358
0.01354
0.01287
0.0157
0.01805
0.01371
0.01707
0.01465
0.0162
0.01485
0.01357
0.01421
0.01834
0.01459
0.01419
0.01433
0.01586
0.01692
0.01771
0.0155
0.01538
0.01702
0.01379
0.01833
0.00928
0.01579
0.01229
0.02029
0.01472
0.01339
0.01772
0.01584
0.0149
0.01401
0.01569
0.01749
0.01209
0.01456
0.01532
0.01263
0.01604
0.01361
0.01562
0.012
0.01281
0.01434
0.01425
0.0162
0.01523
0.01402
0.01719
0.01406
0.01288
0.01326
0.01649
0.01468
0.0134
0.01078
0.01386
0.01449
0.01369
0.01175
0.01541
0.01393
0.01315
0.01539
0.01736
0.01047
0.01351
0.01427
0.01159
0.01334
0.01388
0.01303
0.01376
0.01602
0.01158
0.01354
0.01318
0.01237
0.01272
0.01735
0.0119
0.01368
0.01274
0.01273
0.01203
0.0153
0.01252
0.01195
0.01494
0.01473
0.01777
0.01238
0.01448
0.01745
0.01405
0.01156
0.01594
0.01412
0.01214
0.01214
0.01519
0.01371
0.01207
0.01282
0.01053
0.01489
0.01223
0.01389
0.01489
0.01374
0.01366
0.01153
0.01322
0.01366
0.01394
0.01634
0.01432
0.01189
0.01066
0.0155
0.01368
0.01459
0.0129
0.01488
0.01401
0.01196
0.01633
0.014
0.01323
0.01448
0.01409
0.01623
0.01598
0.0138
0.01691
0.01352
0.01362
0.01105
0.01153
0.01112
0.01295
0.01111
0.0135
0.0107
0.01231
0.00837
0.0114
0.01582
0.01317
0.01122
0.01149
0.01399
0.01652
0.01453
0.01478
0.01545
0.01401
0.01184
0.00841
0.01422
0.01338
0.01373
0.01487
0.01551
0.01343
0.01152
0.01667
0.01387
0.01362
0.01273
0.01363
0.01586
0.0131
0.01619
0.01431
0.01325
0.01275
0.01383
0.01334
0.01269
0.0117
0.01356
0.01505
0.01264
0.01432
0.01525
0.0117
0.0137
0.0153
0.01341
0.01149
0.01422
0.01729
0.0114
0.01331
0.01518
0.01485
0.01436
0.01163
0.0128
0.01528
0.00992
0.01354
0.01054
0.0143
0.01384
0.01084
0.01385
0.01331
0.01322
0.01156
0.01113
0.00993
0.01134
0.01207
0.01701
0.01057
0.01474
0.01481
0.01286
0.01193
0.01446
0.01246
0.01498
0.01183
0.01279
0.01497
0.01429
0.01791
0.01297
0.01589
0.01011
0.01239
0.01154
0.01301
0.01227
0.01218
0.0146
0.01219
0.01369
0.01121
0.01531
0.01248
0.00835
0.01226
0.01118
0.01121
0.01299
0.01408
0.01218
0.01419
0.011
0.01424
0.01544
0.01431
0.01165
0.01323
0.01581
0.01412
0.00945
0.0137
0.01247
0.01222
0.01116
0.01452
0.01056
0.01013
0.01092
0.01355
0.01118
0.01177
0.01171
0.0163
0.01417
0.01321
0.01566
0.014
0.01312
0.01154
0.0105
0.01111
0.01067
0.01167
0.01127
0.01363
0.01208
0.01463
0.01401
0.00962
0.01232
0.01047
0.01107
0.0136
0.01285
0.01185
0.01143
0.01308
0.01128
0.01149
0.01392
0.01248
0.01395
0.00781
0.01238
0.01173
0.01407
0.01366
0.01066
0.01126
0.01311
0.01012
0.01275
0.01429
0.0146
0.01126
0.01414
0.01377
0.01639
0.01211
0.01228
0.01526
0.01253
0.01401
0.0165
0.01509
0.01594
0.0102
0.0121
0.01552
0.01091
0.01295
0.01151
0.01018
0.01087
0.0094
0.01367
0.01253
0.01433
0.01505
0.01035
0.01377
0.01161
0.01433
0.0145
0.01463
0.01371
0.01287
0.01367
0.01188
0.0122
0.01235
0.01231
0.01153
0.01257
0.0118
0.01201
0.01054
0.0127
0.0118
0.0107
0.01392
0.00762
0.01176
0.01482
0.01075
0.01196
0.0162
0.01191
0.01141
0.01502
0.00971
0.0142
0.01367
0.016
0.01504
0.01007
0.0118
0.01525
0.01307
0.0119
0.01058
0.01221
0.01222
0.01298
0.00984
0.01398
0.01115
0.01075
0.01295
0.01044
0.01191
0.01062
0.01114
0.01132
0.01083
0.01032
0.01206
0.01071
0.01082
0.01021
0.0137
0.01182
0.01261
