0.62496
0.67147
0.63224
0.68089
0.70535
0.70344
0.70955
0.71274
0.71884
0.71928
0.72588
0.73818
0.74204
0.75159
0.75962
0.76735
0.77819
0.78761
0.78599
0.79784
0.80723
0.81679
0.83131
0.84588
0.84636
0.85742
0.85754
0.86337
0.87143
0.87317
0.88278
0.87756
0.87698
0.87872
0.88116
0.88728
0.89387
0.8864
0.89367
0.9004
0.89708
0.89878
0.89833
0.88898
0.89931
0.88944
0.89194
0.893
0.90014
0.89604
0.89724
0.89613
0.90174
0.90236
0.90128
0.90163
0.9068
0.90569
0.91089
0.91532
0.91495
0.91102
0.91351
0.91194
0.91436
0.91451
0.91806
0.91493
0.91907
0.918
0.92082
0.92004
0.92531
0.9216
0.92756
0.92491
0.92156
0.92173
0.93095
0.92684
0.92858
0.92904
0.92988
0.92798
0.93325
0.93062
0.93201
0.92727
0.93248
0.93166
0.93415
0.93799
0.93994
0.92872
0.94139
0.94094
0.94101
0.93933
0.94627
0.94326
0.9383
0.94411
0.94156
0.94345
0.94359
0.94713
0.94217
0.94294
0.94732
0.94192
0.94647
0.94632
0.94648
0.94699
0.94912
0.94502
0.94664
0.94958
0.94843
0.95456
0.95214
0.94851
0.94686
0.9535
0.94614
0.95084
0.94604
0.9507
0.94964
0.9506
0.95437
0.95179
0.96172
0.95359
0.95372
0.95565
0.95393
0.95387
0.95778
0.95681
0.95448
0.95765
0.95606
0.95167
0.95643
0.95892
0.95596
0.95615
0.96201
0.95735
0.95724
0.95929
0.96114
0.96231
0.9594
0.96434
0.96038
0.9574
0.96126
0.96171
0.96677
0.9627
0.9644
0.96229
0.96621
0.96536
0.96513
0.95929
0.96233
0.96411
0.96801
0.96361
0.9663
0.96509
0.96429
0.9592
0.96677
0.96846
0.96842
0.96734
0.96045
0.96888
0.96621
0.96557
0.96934
0.96613
0.96684
0.96855
0.97062
0.96545
0.97229
0.96917
0.96984
0.96428
0.96828
0.97083
0.96528
0.97008
0.96866
0.96862
0.96778
0.97011
0.96944
0.96797
0.97256
0.97035
0.96709
0.97217
0.97536
0.96945
0.97358
0.97195
0.96984
0.96935
0.97632
0.97316
0.97397
0.97445
0.97221
0.97476
0.96833
0.9728
0.97664
0.97375
0.97568
0.97385
0.97901
0.97366
0.97506
0.9744
0.97722
0.97167
0.97485
0.9735
0.97685
0.97579
0.97716
0.97791
0.97559
0.97581
0.9778
0.97951
0.97287
0.97493
0.97618
0.97669
0.97413
0.97499
0.97731
0.97804
0.97643
0.97524
0.97572
0.97604
0.97779
0.97362
0.97975
0.97792
0.97642
0.97859
0.97685
0.97724
0.97771
0.97856
0.97852
0.97876
0.98138
0.97984
0.97814
0.97336
0.97974
0.97354
0.97839
0.97857
0.97863
0.97754
0.97773
0.97612
0.98059
0.98079
0.97927
0.97775
0.98063
0.97808
0.9787
0.97624
0.9791
0.98101
0.97999
0.98109
0.98061
0.98489
0.98037
0.98016
0.98457
0.97611
0.97967
0.97878
0.97863
0.98091
0.9781
0.98112
0.97885
0.98161
0.98087
0.97852
0.98016
0.98112
0.9835
0.97335
0.98174
0.98078
0.98191
0.97723
0.9826
0.98258
0.98196
0.98136
0.98359
0.98127
0.98181
0.97913
0.98081
0.98167
0.98357
0.98358
0.97831
0.98194
0.97997
0.98251
0.98025
0.98064
0.98142
0.98141
0.98483
0.98476
0.98033
0.98476
0.98362
0.98552
0.98159
0.98408
0.98256
0.9841
0.98559
0.9839
0.98091
0.98298
0.98141
0.98327
0.98545
0.98559
0.98456
0.98121
0.98263
0.98195
0.98392
0.98179
0.98101
0.98568
0.98246
0.98311
0.98249
0.98567
0.98443
0.98293
0.98634
0.98645
0.98776
0.98533
0.98245
0.98532
0.98001
0.98232
0.98742
0.98637
0.98442
0.98231
0.9863
0.98449
0.98732
0.98357
0.98434
0.98212
0.98517
0.98449
0.98768
0.98338
0.98654
0.98521
0.98193
0.98187
0.98094
0.98355
0.98438
0.98447
0.98526
0.98503
0.98523
0.98486
0.98594
0.98844
0.988
0.98082
0.98412
0.98488
0.98717
0.9859
0.98339
0.9851
0.98487
0.98551
0.98549
0.9814
0.98552
0.98631
0.98499
0.98474
0.98781
0.98285
0.98472
0.98496
0.98167
0.98242
0.98332
0.98126
0.97904
0.98377
0.98285
0.97934
0.98118
0.98189
0.98217
0.98309
0.98012
0.98062
0.98142
0.98
0.97941
0.97929
0.98375
0.97895
0.98028
0.97716
0.97661
0.98253
0.97504
0.97882
0.98192
0.98171
0.98285
0.98096
0.9791
0.98412
0.97829
0.97976
0.98374
0.98216
0.97783
0.97734
0.98168
0.97752
0.98084
0.98353
0.97938
0.97717
0.97483
0.97981
0.98311
0.98112
0.98074
0.97926
0.97996
0.98071
0.98091
0.98159
0.98139
0.98186
0.97753
0.98279
0.97854
0.97958
0.97896
0.98381
0.9831
0.97834
0.98352
0.98303
0.98209
0.98279
0.9833
0.9802
0.97879
0.98223
0.98095
0.98192
0.98328
0.9826
0.98419
0.97742
0.98335
0.98038
0.9834
0.97973
0.97881
0.9814
0.98105
0.97807
0.98371
0.97935
0.98219
0.98242
0.98032
0.98374
0.98203
0.98383
0.97932
0.98372
0.97929
0.98516
0.98321
0.98051
0.98686
0.98103
0.98307
0.97823
0.9824
0.98388
0.98111
0.97946
0.98239
0.97853
0.98306
0.98364
0.98422
0.98427
0.98454
0.98502
0.97987
0.98528
0.98383
0.98276
0.98534
0.98405
0.97834
0.98566
0.98295
0.98566
0.97859
0.98187
0.98413
0.98333
0.98139
0.98157
0.98333
0.98498
0.98228
0.98183
0.98256
0.98068
0.98413
0.98463
0.98503
0.98479
0.98311
0.98252
0.98204
0.98418
0.98635
0.98227
0.98452
0.989
0.98194
0.98594
0.98034
0.98542
0.98391
0.98491
0.98457
0.98704
0.98604
0.98086
0.987
0.98518
0.98364
0.98169
0.98447
0.98442
0.98479
0.97956
0.98501
0.98414
0.98607
0.98543
0.98557
0.98504
0.98371
0.98533
0.98404
0.98225
0.984
0.98527
0.98392
0.98411
0.9851
0.98586
0.98574
0.98324
0.98319
0.98783
0.98302
0.9849
0.98025
0.98165
0.98465
0.98149
0.98485
0.98425
0.98244
0.98745
0.98763
0.98316
0.98317
0.98418
0.98749
0.98299
0.98194
0.98573
0.98442
0.98251
0.98458
0.98551
0.98751
0.98346
0.98715
0.98349
0.98539
0.98263
0.98793
0.9853
0.98598
0.98594
0.98143
0.9871
0.98489
0.98304
0.98401
0.98568
0.98607
0.98122
0.98306
0.98696
0.98544
0.98723
0.98311
0.98388
0.98917
0.98502
0.98467
0.98751
0.98274
0.98469
0.98925
0.98541
0.98421
0.98848
0.98695
0.98404
0.98828
0.98643
0.98398
0.98796
0.98752
0.98474
0.98669
0.98712
0.98262
0.98763
0.98448
0.98665
0.98422
0.98774
0.98421
0.98845
0.98541
0.98485
0.98719
0.97985
0.98664
0.98662
0.98364
0.98646
0.98656
0.98387
0.98667
0.98888
0.98712
0.98749
0.98641
0.98675
0.98756
0.98574
0.98757
0.987
0.98459
0.986
0.98417
0.98631
0.98575
0.98924
0.98523
0.98382
0.98396
0.98686
0.98876
0.98827
0.98429
0.98471
0.98536
0.98655
0.98761
0.98713
0.98609
0.98333
0.98766
0.98543
0.98495
0.98697
0.98489
0.98278
0.98579
0.98683
0.98613
0.98833
0.98983
0.98907
0.98513
0.98792
0.98637
0.98498
0.98722
0.98898
0.99034
0.98646
0.98519
0.98705
0.988
0.9882
0.9869
0.98041
0.98823
0.98412
0.98277
0.98598
0.98839
0.99266
0.98373
0.98667
0.9868
0.98541
0.98512
0.98795
0.98792
0.98466
0.98165
0.9879
0.98735
0.98713
0.98531
0.98564
0.98329
0.98637
0.98561
0.98854
0.98452
0.98879
0.98663
0.98937
0.98449
0.98429
0.9871
0.98674
0.98259
0.98831
0.98576
0.98673
0.98395
0.98793
0.98458
0.98529
0.98647
0.98583
0.9841
0.98126
0.98628
0.98736
0.98431
0.98624
0.98837
0.98566
0.98701
0.98542
0.98731
0.99032
0.98564
0.98764
0.9868
0.98827
0.98713
0.9896
0.98901
0.98605
0.98603
0.98707
0.98885
0.98551
0.98691
0.98727
0.98664
0.98907
0.984
0.98932
0.98779
0.98535
0.98512
0.98522
0.98758
0.98383
0.99005
0.98834
0.98811
0.9877
0.98679
0.98994
0.98749
0.98771
0.98704
0.98447
0.9857
0.98863
0.98916
0.99017
0.98952
0.98999
0.98718
0.98565
0.98646
0.98719
0.98484
0.98628
0.9835
0.98632
0.98957
0.98706
0.97872
0.98892
0.98899
0.98429
0.98571
0.98815
0.98735
0.98792
0.98955
0.98579
0.98948
0.9863
0.98784
0.98599
0.98635
0.98348
0.98752
0.98509
0.98594
0.98808
0.98767
0.98594
0.98827
0.98733
0.98651
0.98851
0.98886
0.98777
0.98543
0.98451
0.98922
0.98989
0.98857
0.98912
0.98866
0.9865
0.9876
0.99144
0.98449
0.98778
0.98829
0.98909
0.98797
0.98768
0.98849
0.98789
0.98917
0.9873
0.98743
0.98516
0.98613
0.98713
0.98909
0.98752
0.98711
0.98556
0.98704
0.98816
0.98814
0.9849
0.98576
0.9846
0.9858
0.98547
0.98891
0.98351
0.98748
0.98511
0.98647
0.98822
0.98481
0.98688
0.98924
0.9891
0.98663
0.98856
0.98681
0.98592
0.98604
0.98709
0.98766
0.98583
0.98763
0.98534
0.98662
0.98899
0.98701
0.98325
0.98807
0.98458
0.98727
0.98722
0.9907
0.98967
0.98692
0.98424
0.98797
0.9879
0.98822
0.98716
0.98614
0.9888
0.98642
0.9871
0.98907
0.98646
0.98725
0.98799
0.98374
0.98591
0.98771
0.98647
0.98526
0.98882
0.98732
0.98247
0.98638
0.98564
0.98874
0.98536
0.98492
0.98848
0.98691
0.98775
0.99078
0.98577
0.98877
0.98996
0.98689
0.99087
0.98757
0.98906
0.98712
0.9896
0.98792
0.9891
0.98541
0.9868
0.98881
0.98973
0.98729
0.98831
0.98894
0.98642
0.98885
0.9878
