1.444
1.08855
1.16704
0.97868
0.92354
0.9279
0.91458
0.90912
0.89098
0.88387
0.84611
0.80501
0.80633
0.77494
0.75885
0.72046
0.70638
0.69435
0.6902
0.64137
0.6252
0.59936
0.54963
0.55097
0.51144
0.49849
0.50076
0.47467
0.46547
0.44144
0.42796
0.44151
0.42847
0.42939
0.41595
0.39979
0.37859
0.40773
0.39397
0.34012
0.37377
0.37148
0.37206
0.38849
0.37608
0.38388
0.37771
0.36806
0.33429
0.36694
0.34992
0.36966
0.34084
0.33177
0.34861
0.32689
0.31236
0.31488
0.3243
0.29801
0.29247
0.32527
0.2965
0.32212
0.28638
0.30276
0.29863
0.31284
0.27534
0.29086
0.28252
0.2765
0.27065
0.27213
0.266
0.26527
0.28254
0.27519
0.23769
0.28037
0.27655
0.25166
0.24306
0.25452
0.24047
0.23726
0.2409
0.26454
0.23866
0.24222
0.23372
0.22845
0.22014
0.2675
0.2083
0.21006
0.22229
0.22175
0.20819
0.20069
0.23473
0.19846
0.20514
0.22658
0.21859
0.18871
0.21348
0.19372
0.187
0.21883
0.19798
0.19322
0.19156
0.19002
0.19776
0.20307
0.20774
0.19055
0.19231
0.17288
0.17541
0.18754
0.20368
0.17726
0.20456
0.18681
0.21038
0.17929
0.18799
0.18326
0.16595
0.19707
0.15448
0.18174
0.16695
0.16284
0.17472
0.17662
0.16319
0.17838
0.17406
0.16381
0.16345
0.18749
0.16741
0.15141
0.17633
0.17438
0.14783
0.16835
0.15453
0.15047
0.14969
0.14051
0.14857
0.13538
0.14933
0.16752
0.15566
0.15483
0.13092
0.14287
0.12213
0.14652
0.12843
0.13181
0.12762
0.17855
0.14034
0.12975
0.11681
0.14409
0.11899
0.13374
0.15044
0.15207
0.12297
0.11799
0.10887
0.12604
0.15947
0.12062
0.13342
0.12946
0.10522
0.13828
0.13434
0.12398
0.11124
0.13364
0.11733
0.1231
0.11256
0.1415
0.1146
0.10844
0.13938
0.11359
0.1338
0.12814
0.12676
0.12158
0.11597
0.14485
0.09945
0.12157
0.14156
0.11166
0.09259
0.12056
0.10743
0.10248
0.11309
0.13796
0.10147
0.11111
0.0998
0.10604
0.10687
0.09549
0.12427
0.10073
0.08362
0.09558
0.09608
0.10381
0.07685
0.08929
0.09155
0.10588
0.09039
0.12149
0.10458
0.09362
0.08901
0.09861
0.09214
0.08641
0.10571
0.08957
0.08582
0.07428
0.11625
0.11512
0.08745
0.09201
0.10336
0.09799
0.08697
0.07993
0.09103
0.09843
0.10138
0.09937
0.10177
0.11398
0.08311
0.09081
0.08995
0.0762
0.0892
0.08368
0.09354
0.08361
0.09025
0.08196
0.06973
0.06957
0.0951
0.11258
0.09675
0.11484
0.08326
0.08378
0.08655
0.09078
0.08436
0.10187
0.08303
0.07873
0.07881
0.09324
0.07104
0.09751
0.09417
0.10175
0.07508
0.07644
0.08419
0.07515
0.08417
0.05434
0.06846
0.07452
0.055
0.09581
0.10115
0.08539
0.09358
0.07928
0.09693
0.08047
0.08525
0.07599
0.07053
0.0938
0.07599
0.07705
0.06217
0.12323
0.07594
0.06852
0.07027
0.09736
0.08056
0.06142
0.07331
0.06841
0.06586
0.07714
0.07934
0.08654
0.08607
0.07682
0.07608
0.06239
0.08341
0.07503
0.07884
0.06883
0.07742
0.08336
0.07169
0.07372
0.06589
0.06305
0.07371
0.06043
0.0712
0.0589
0.06453
0.05714
0.07039
0.06337
0.06271
0.06592
0.0783
0.06194
0.06328
0.06896
0.05411
0.06351
0.06322
0.06752
0.06603
0.07968
0.05688
0.07493
0.07678
0.05805
0.06763
0.06454
0.06688
0.05542
0.06624
0.075
0.04539
0.05303
0.04328
0.06016
0.07169
0.06196
0.08885
0.06876
0.04761
0.05787
0.0689
0.06583
0.05862
0.06717
0.04821
0.07403
0.05899
0.08306
0.0706
0.06205
0.04981
0.07203
0.05023
0.05491
0.07875
0.07544
0.08577
0.05957
0.06428
0.05984
0.05153
0.0599
0.06381
0.05728
0.05182
0.04988
0.04234
0.08757
0.07276
0.06444
0.06306
0.05854
0.07744
0.06341
0.07296
0.0555
0.0553
0.07792
0.05865
0.05714
0.06583
0.06449
0.0425
0.06874
0.06665
0.06575
0.08541
0.0779
0.06717
0.0835
0.09763
0.07004
0.06716
0.08853
0.08113
0.07935
0.08593
0.07555
0.08358
0.0954
0.07506
0.08563
0.08373
0.09288
0.06348
0.08242
0.09251
0.10385
0.09587
0.07865
0.12117
0.09651
0.06229
0.06872
0.07348
0.09388
0.09202
0.06866
0.09492
0.09211
0.06975
0.08011
0.08484
0.09035
0.07823
0.10363
0.08114
0.07176
0.09434
0.10986
0.1204
0.08649
0.06386
0.09072
0.07785
0.08111
0.08492
0.08443
0.07997
0.09908
0.09191
0.08657
0.11498
0.07054
0.09838
0.09302
0.09908
0.06213
0.06758
0.09054
0.0666
0.06849
0.07283
0.07038
0.06966
0.09324
0.0918
0.07427
0.07609
0.08444
0.07267
0.06115
0.06269
0.11464
0.07034
0.0908
0.06863
0.07858
0.08239
0.08681
0.08187
0.11313
0.07123
0.08317
0.07888
0.06973
0.10324
0.07634
0.07679
0.06916
0.10149
0.06337
0.0925
0.05205
0.0735
0.07916
0.04924
0.08353
0.08267
0.1007
0.07785
0.07396
0.09389
0.07852
0.08675
0.09911
0.06937
0.07512
0.07327
0.08433
0.06248
0.06965
0.08352
0.05497
0.06187
0.07748
0.0576
0.06766
0.10008
0.06864
0.06871
0.06273
0.08558
0.06896
0.06599
0.07406
0.07903
0.07886
0.07089
0.06507
0.07862
0.07357
0.06797
0.08419
0.07073
0.05842
0.05289
0.07627
0.06945
0.07049
0.069
0.07227
0.06159
0.08028
0.06768
0.03887
0.08741
0.06076
0.09413
0.06498
0.05815
0.06095
0.05229
0.06614
0.0623
0.08535
0.0456
0.06495
0.06489
0.07174
0.06761
0.05839
0.0588
0.08324
0.06769
0.07248
0.06345
0.08991
0.06781
0.05446
0.06005
0.05942
0.08753
0.08398
0.07707
0.05576
0.07404
0.07146
0.05984
0.0646
0.06108
0.08179
0.06986
0.04886
0.07969
0.05791
0.08502
0.07698
0.06752
0.07777
0.06635
0.0612
0.07705
0.04668
0.05239
0.08347
0.08937
0.06515
0.05255
0.07426
0.08359
0.06838
0.07206
0.09812
0.06612
0.05595
0.05774
0.06852
0.04671
0.07911
0.06411
0.07337
0.04416
0.0675
0.05988
0.05811
0.0792
0.06143
0.05749
0.07448
0.06119
0.05546
0.06452
0.0895
0.08118
0.04839
0.05893
0.05113
0.0714
0.06804
0.03889
0.06865
0.06583
0.05296
0.08185
0.06976
0.0399
0.05577
0.07141
0.04541
0.05642
0.06035
0.05131
0.05828
0.07189
0.04233
0.06233
0.06483
0.05042
0.05233
0.07966
0.04747
0.06935
0.04891
0.06175
0.04636
0.06831
0.05102
0.05396
0.07519
0.06116
0.10037
0.05846
0.06289
0.07617
0.05947
0.0517
0.06928
0.06075
0.05521
0.05338
0.05875
0.05329
0.05062
0.05849
0.05147
0.05563
0.05504
0.07758
0.06231
0.06326
0.05146
0.05626
0.0528
0.07234
0.06409
0.07998
0.06267
0.04141
0.03941
0.07516
0.07073
0.06911
0.04913
0.06014
0.05536
0.05223
0.07204
0.0593
0.06316
0.06691
0.05781
0.07055
0.08524
0.09328
0.06807
0.06099
0.05027
0.03908
0.04734
0.07106
0.04925
0.05957
0.08518
0.0466
0.04717
0.0305
0.05261
0.07035
0.05355
0.04406
0.04139
0.05518
0.10048
0.0508
0.07177
0.09439
0.05645
0.05099
0.02548
0.06526
0.06428
0.05638
0.06874
0.07321
0.05241
0.05447
0.0726
0.07091
0.06002
0.05261
0.05374
0.06595
0.06442
0.08437
0.05589
0.06646
0.04684
0.06892
0.05751
0.05102
0.04466
0.07735
0.08405
0.05121
0.05661
0.0814
0.04767
0.05836
0.05897
0.08273
0.04338
0.07141
0.06767
0.06524
0.06138
0.06441
0.09586
0.05433
0.05526
0.06195
0.06286
0.03692
0.05912
0.04689
0.06171
0.05661
0.04012
0.06153
0.04863
0.0579
0.04357
0.05437
0.04002
0.04141
0.05892
0.06845
0.04032
0.05922
0.07118
0.05775
0.05359
0.0618
0.0498
0.07836
0.04464
0.04945
0.07698
0.06509
0.07947
0.05159
0.08633
0.03909
0.04942
0.04478
0.05595
0.05504
0.0534
0.06766
0.05429
0.06097
0.06606
0.06995
0.05067
0.03614
0.04046
0.04208
0.04116
0.05883
0.05985
0.06047
0.06505
0.06327
0.06394
0.07686
0.06799
0.04269
0.06312
0.098
0.04818
0.05029
0.08975
0.06447
0.05218
0.04543
0.05609
0.03988
0.06561
0.03954
0.06369
0.04664
0.05921
0.0626
0.08439
0.06794
0.0683
0.07326
0.06043
0.04809
0.06128
0.04611
0.05344
0.05874
0.04704
0.04295
0.04999
0.05678
0.08626
0.05512
0.0485
0.04762
0.04474
0.04472
0.05475
0.05528
0.04939
0.05978
0.05164
0.04682
0.04227
0.05154
0.05594
0.06178
0.05506
0.05171
0.04801
0.05846
0.06055
0.05685
0.05503
0.0565
0.05771
0.05615
0.07088
0.06336
0.06412
0.05713
0.06991
0.06811
0.0649
0.06445
0.07297
0.05676
0.08906
0.05827
0.08167
0.06168
0.0442
0.07653
0.0774
0.04482
0.04683
0.05045
0.04037
0.0578
0.05302
0.06118
0.05772
0.05509
0.07105
0.05666
0.0779
0.04753
0.05629
0.06597
0.08555
0.05542
0.06695
0.05681
0.05023
0.06996
0.05221
0.05856
0.07656
0.04975
0.04962
0.05672
0.04756
0.0598
0.04984
0.08447
0.05801
0.04945
0.05892
0.06979
0.04737
0.06647
0.08869
0.0523
0.06146
0.06474
0.04218
0.07312
0.08028
0.07933
0.0738
0.0414
0.06667
0.07778
0.06194
0.05756
0.08205
0.04235
0.06926
0.04902
0.03734
0.06798
0.05012
0.05405
0.04894
0.05366
0.03938
0.05454
0.04775
0.06057
0.06113
0.05145
0.04738
0.05677
0.04713
0.04373
0.06399
0.0448
0.05796
