3.70358
2.49052
2.06226
2.48855
2.8048
2.78453
2.83195
2.78823
2.75209
2.69827
2.75239
2.85225
2.85267
2.94914
3.00749
3.09938
3.17154
3.26368
3.31738
3.42048
3.57977
3.65801
3.80699
3.94326
4.11751
4.1737
4.29749
4.37078
4.47161
4.54642
4.5467
4.5439
4.62031
4.67487
4.75182
4.82295
4.88792
4.80481
4.83259
5.00627
4.90111
4.98299
5.04316
4.98447
4.979
4.92427
4.93935
5.07383
5.04015
5.04447
5.08375
5.07383
5.13529
5.17747
5.09472
5.14898
5.2159
5.36465
5.35036
5.38453
5.39575
5.39057
5.44411
5.46262
5.40115
5.52518
5.43991
5.47349
5.5559
5.60818
5.60172
5.54058
5.75365
5.66185
5.76167
5.63622
5.71679
5.85286
5.84369
5.82637
5.88831
5.89968
5.98735
5.88653
5.91045
6.08126
5.97764
5.87935
6.07096
5.96867
6.0658
6.2278
6.15
6.08622
6.1169
6.17573
6.26691
6.26301
6.33079
6.33478
6.3029
6.34334
6.30769
6.27799
6.38058
6.49362
6.42745
6.45378
6.57407
6.38264
6.5287
6.43049
6.57048
6.55678
6.54853
6.59808
6.49565
6.50977
6.62287
6.77833
6.77124
6.67088
6.65559
6.74039
6.67432
6.66274
6.68634
6.76268
6.7466
6.8284
6.90128
6.76909
7.03304
6.89865
6.92182
6.86944
6.93383
6.97879
7.01614
7.11245
7.10782
7.0392
7.12594
6.90138
6.95083
7.01965
6.9994
7.11661
7.19697
7.23584
7.15471
7.15383
7.3848
7.26979
7.44683
7.3053
7.31478
7.3185
7.26659
7.38214
7.37945
7.46702
7.37098
7.41227
7.52903
7.56706
7.57709
7.58094
7.37541
7.53272
7.58774
7.48217
7.62023
7.60911
7.6362
7.59069
7.61645
7.72594
7.80085
7.67904
7.52506
7.70916
7.66723
7.8274
7.81513
7.86913
7.62101
7.87215
7.85105
7.90976
7.98529
7.93348
7.95747
7.70493
7.85325
8.00505
7.8502
7.99752
7.90944
7.74485
7.983
7.84211
7.96667
7.98262
8.05239
8.06484
8.0257
8.03831
8.37053
8.26667
8.1795
8.22358
8.17592
7.9303
8.22346
8.31276
8.40502
8.2242
8.28423
8.32019
8.14127
8.4318
8.43825
8.39985
8.33852
8.37996
8.42327
8.57206
8.46388
8.36365
8.60986
8.42623
8.51812
8.57087
8.57111
8.70312
8.58162
8.7477
8.54431
8.64568
8.58323
8.68778
8.5452
8.57622
8.52818
8.6118
8.82713
8.55225
8.6031
8.73028
8.77682
8.63761
8.55716
8.58695
8.64139
8.6595
8.68602
8.89631
8.67087
8.74274
8.81019
8.83182
8.93832
8.95089
9.12104
8.79101
9.1487
9.03117
8.84918
8.94211
8.73839
8.74836
8.75094
8.89982
9.18964
8.79536
8.90485
8.84722
8.74818
9.11426
9.05615
9.01891
9.01104
8.93534
8.92369
8.90545
9.07732
9.00064
9.06606
8.97749
9.14897
9.37037
9.54737
9.26434
9.37063
9.03754
9.01674
9.26597
8.97856
9.31102
9.14662
9.30136
9.0355
9.15827
9.21361
9.2808
9.23804
9.37598
9.40894
9.0439
9.06145
9.34995
9.30809
9.21719
9.09184
9.39479
9.35092
9.59265
9.31815
9.45522
9.48517
9.4585
9.16873
9.39917
9.57744
9.43389
9.43439
9.45953
9.36175
9.46584
9.26595
9.43578
9.31688
9.4846
9.36179
9.71226
9.48974
9.71741
9.70165
9.76608
9.6823
9.87889
9.5182
9.73403
9.70071
9.70323
9.42775
9.53428
9.69032
9.47125
9.7531
9.69265
9.84173
9.78508
9.73826
9.67797
9.88977
9.66016
9.70711
9.60086
9.63159
9.70989
9.78102
9.94392
9.76
9.83088
9.94311
9.97223
10.02008
10.0341
9.76328
9.93163
9.53571
9.72401
9.9882
10.03466
9.76511
9.75453
10.06545
10.14594
9.92679
10.0248
10.13348
9.95838
9.91655
10.09462
10.08401
9.95109
9.983
10.02168
9.77153
9.81017
9.98671
10.09839
9.93543
10.04982
10.24575
9.92839
9.83536
10.07938
10.25946
10.24556
10.37372
9.9013
10.10626
10.0271
10.15258
10.44083
10.18393
9.93832
10.12291
10.25426
10.50187
10.45839
10.75488
10.73315
10.24984
10.66883
10.84226
10.32868
10.71629
10.4107
10.30777
10.73218
10.5294
10.46722
10.23101
10.23492
10.38962
10.31383
10.15968
10.62769
10.12677
10.48459
10.66309
10.49223
10.4835
10.70431
10.43474
10.59695
10.63458
10.26213
10.18967
10.48262
10.33574
10.23202
9.82981
10.26265
10.91166
10.65617
10.51847
10.41924
10.35188
10.56304
10.56204
10.51678
10.2876
10.5001
10.67995
10.58412
10.40464
10.05607
10.5378
10.42472
10.84514
10.20801
10.22843
10.4289
10.72242
10.38355
10.41335
10.81263
10.3068
10.34717
10.11763
10.35025
9.93199
10.16522
10.59513
10.46154
10.69843
10.53844
10.21129
10.56881
10.09572
10.46643
10.46812
10.73021
10.45408
10.73321
10.5024
10.61178
10.43404
10.62499
10.38696
10.44317
10.86334
10.79661
10.4546
10.71328
10.46146
10.3332
10.38008
10.28586
10.56306
10.73745
10.35099
10.84773
10.01677
10.87244
10.62102
10.86047
10.90451
10.58328
10.84752
10.86287
10.28146
10.9543
11.14433
10.49473
10.60536
10.38127
10.79521
10.59795
10.42444
10.38695
10.57785
10.88156
10.30352
10.91064
10.85338
10.73388
10.37513
10.68783
10.77196
10.59983
10.87359
10.70164
10.62876
10.56154
10.96596
10.96372
10.4566
10.60806
11.15035
10.73392
10.68562
10.63556
10.60351
10.86421
10.55917
10.81096
10.51473
10.58469
10.91287
11.19
10.59256
10.96995
10.71868
10.32578
11.43768
11.05075
11.12946
10.58419
11.0974
10.56749
10.57696
11.27963
10.78149
11.13507
11.02351
11.24058
10.74802
11.0426
10.76995
11.19934
10.91114
10.68459
10.9923
11.47836
11.20265
11.09033
11.03737
11.28237
11.01542
11.28486
11.23647
11.62346
11.3126
10.99197
10.91795
11.15226
11.15258
10.76762
10.92397
11.09485
11.33553
11.04097
11.04077
10.84656
11.3589
10.99805
11.07805
11.03707
11.50208
11.29196
10.90145
11.09684
10.92586
10.78203
11.09555
11.39803
10.97217
11.05891
11.00938
11.33966
10.97827
11.55136
10.96407
11.83268
10.93473
11.2202
10.90017
11.32611
11.42143
11.13498
10.90884
11.30453
11.11834
10.94359
10.97608
11.54211
11.76877
11.13288
10.75349
10.75272
10.92313
11.04052
11.62131
11.74091
10.94971
11.61198
11.66471
10.88497
11.59119
11.48511
11.24152
11.01643
10.88946
11.10553
11.36979
11.42225
11.68834
11.14443
11.54913
11.16139
11.5957
11.39214
11.75698
11.82315
11.15969
10.95073
11.73779
11.09425
11.27343
11.41484
11.15253
11.70317
11.63505
11.66163
11.45156
11.33537
11.56167
11.3776
11.36994
11.37088
11.14939
11.36895
11.06335
11.48382
11.3911
11.84306
11.37306
11.61349
11.67497
11.25414
11.56361
11.22328
11.42185
11.5811
11.61204
11.71963
11.96934
11.58449
11.77701
11.03706
11.64756
11.68162
11.62228
11.67938
11.75996
11.52363
11.13612
11.72847
11.87542
11.60169
11.02768
11.86782
11.61186
11.98287
12.02398
11.59556
11.24706
11.67904
12.01376
12.13908
11.58667
11.95573
11.28273
11.70228
11.79751
11.90561
11.79255
11.5529
11.63318
11.70392
11.74709
11.62339
11.66579
11.60919
11.71457
11.56783
11.55249
11.8411
12.15181
11.76916
11.70844
11.6162
11.40268
11.97803
11.5187
11.4192
12.15517
11.6386
11.55317
12.13526
12.10265
12.41875
11.86874
11.53994
11.44618
11.62047
12.02134
11.76139
11.7135
12.26142
11.54927
12.0603
12.28943
11.55755
11.56932
11.8014
12.12625
11.89777
12.35597
12.03237
12.19679
12.07028
11.69689
12.15572
11.93084
12.35216
11.52959
11.66042
11.48081
12.03422
12.12378
11.89386
11.84325
11.89178
11.71641
11.87176
12.06641
11.99503
12.0697
12.05704
12.12908
12.25476
11.76066
11.54882
12.05743
11.93566
11.39316
12.03524
12.00844
11.72363
11.98784
11.94886
12.72224
12.064
11.99116
11.89717
12.11598
12.17656
11.93248
11.93377
12.16648
12.04809
11.9836
12.28508
12.28729
11.9291
11.90053
12.77066
12.05554
12.26472
11.75179
12.44413
12.09194
12.13204
11.94244
11.98096
12.21322
12.19795
11.9181
12.00262
12.35345
11.62332
12.52238
12.45746
12.41547
11.92683
12.0409
12.45292
12.10454
11.83297
12.47651
12.02502
11.6966
12.72682
12.3811
12.10811
12.79037
12.6043
12.26504
11.90673
12.12803
12.11801
12.22244
11.63647
11.95735
11.93832
12.23793
12.25184
12.00416
12.07889
12.40447
11.99692
12.15123
12.15893
12.82186
12.32321
12.45998
12.7477
11.99554
12.1461
12.30739
11.80823
12.01622
12.18215
12.1659
12.04158
12.12865
11.97086
12.16877
12.62194
12.45189
12.53455
12.14104
12.41096
12.87747
12.27521
12.50094
11.72915
12.16778
12.43375
12.48042
12.06157
12.70636
12.48596
12.47165
12.44497
11.97788
12.32129
13.05911
12.23147
12.47247
12.77087
12.89935
12.96143
12.02923
12.56643
12.30362
12.08689
12.64989
12.4505
12.35648
12.8192
12.46718
12.38272
12.02862
12.84937
12.03066
12.31709
12.24879
13.37816
12.57945
12.76648
13.0168
12.07526
12.41314
12.48522
12.54668
12.39025
12.3673
12.21348
12.5809
12.89674
12.5097
12.65779
11.86194
12.70698
12.00665
12.69334
12.54295
12.62234
12.58416
12.62915
12.61824
12.55687
12.479
12.24038
12.17879
12.23865
12.78767
12.35283
12.59558
13.1882
12.58617
12.28759
12.71602
13.23197
13.2237
12.74123
12.72806
12.53375
12.05218
12.58216
12.54505
12.97424
12.46853
12.93764
12.81109
11.77015
12.89993
12.16675
12.36026
12.35399
12.75506
12.07932
12.33969
12.28899
13.19454
12.45908
12.69476
12.60661
12.19704
12.71235
12.67045
12.81984
13.20212
12.88616
12.74395
13.38495
12.24286
13.01453
13.37415
12.99936
13.20202
12.57453
13.18348
12.44765
12.76745
12.85471
12.82079
12.61351
13.33479
13.24777
12.72756
12.75936
