0.54593
1.25505
1.15659
1.49563
1.13602
1.08986
1.10759
0.854
0.62321
0.8464
1.19285
1.00911
0.61895
0.89241
1.00952
0.64443
0.72855
0.52261
1.00871
1.14351
1.0122
0.89376
0.88245
0.80078
0.79508
0.78481
0.68979
0.57544
0.6553
0.615
0.72421
0.53976
0.63772
0.60917
0.64594
0.66635
0.87247
0.70846
0.78417
0.80934
0.78374
0.81059
0.71149
0.93692
0.67664
1.08828
0.60621
0.70243
0.7001
0.61074
0.84525
1.02356
0.59471
0.71948
0.56112
0.66927
1.03108
0.55058
0.67579
0.63406
0.52117
1.00601
0.52235
0.56194
0.43845
0.67365
0.63463
0.5406
0.53729
0.46354
0.56226
0.92026
0.58857
0.45664
0.41791
0.53263
0.52104
0.44658
0.46049
0.48456
0.58322
0.44984
0.44125
0.77051
0.38854
0.52112
0.34776
0.54698
0.50155
0.38009
0.36871
0.49149
0.40297
0.38898
0.43236
1.02976
0.45812
0.51522
0.3689
0.33176
0.35141
0.5877
0.38826
0.45182
0.37995
0.31605
0.49884
0.89947
0.51287
0.34512
0.32811
0.4144
0.36376
0.40203
0.32902
0.63512
0.43145
0.41143
0.29236
0.38869
0.37848
0.38722
0.31375
0.37036
0.30483
0.34987
0.60343
0.80145
0.37741
0.26763
0.38213
0.34851
0.49995
0.54631
0.32773
0.39328
0.32396
0.39863
0.36876
0.32747
0.39543
0.36489
0.32737
0.41018
0.35486
0.53712
0.42194
0.27122
0.40086
0.80226
0.34559
0.2425
0.30159
0.46525
0.52676
0.34094
0.26542
0.6225
0.38414
0.27992
0.26626
0.31748
0.37219
0.41686
0.30725
0.38541
0.33336
0.26404
0.33877
0.79424
0.6019
0.35272
0.28417
0.35666
0.32949
0.58431
0.32606
0.3324
0.29393
0.35441
0.32363
0.2481
0.52286
0.56142
0.24663
0.33056
0.42611
0.27436
0.28426
0.25076
0.32106
0.29731
0.28215
0.31646
0.24979
0.34423
0.6146
0.86792
0.47301
0.4087
0.32687
0.31623
0.26704
0.22068
0.25423
0.36656
0.26877
0.26944
0.51153
0.29639
0.61028
0.305
0.27892
0.20894
0.45286
0.37545
0.50319
0.50105
0.41839
0.27454
0.1929
0.21485
0.31186
0.35041
0.54763
0.50913
0.42869
0.25744
0.19627
0.31891
0.21643
0.17998
0.2054
0.47778
0.3328
0.65
0.26826
0.27601
0.23807
0.25787
0.20324
0.18605
0.26755
0.21845
0.15205
0.17604
1.0377
0.31449
0.2316
0.18164
0.19816
0.20226
0.24113
0.16062
0.13326
0.60752
0.36027
0.18796
0.1941
0.14826
0.90968
0.25629
0.19449
0.24865
0.29166
0.16968
0.21042
0.25125
0.41854
0.41508
0.47422
0.19741
0.16634
0.19385
0.25575
0.29397
0.1988
0.31089
0.21657
0.33847
0.46385
0.22018
0.22966
0.15972
0.41292
0.24756
0.23215
0.18584
0.1615
0.18023
0.17105
0.53005
0.45218
0.35907
0.31696
0.25118
0.2303
0.45374
0.22071
0.40992
0.76141
0.27473
0.25198
0.30302
0.19898
0.2174
0.54062
0.42603
0.29293
0.15116
0.17468
0.16496
0.21713
0.50147
0.25089
0.25617
0.21884
0.46685
0.20225
0.35948
0.2519
0.13137
0.36114
0.32796
0.27735
0.20699
0.2143
0.15107
0.17109
0.16281
0.22583
0.20788
0.1739
0.13819
0.3174
0.27045
0.45052
0.48788
0.31517
0.17
0.39493
0.24384
0.19352
0.28763
0.49084
0.18064
0.19157
0.16962
0.16392
0.20219
0.45575
1.86066
0.51397
0.2448
0.23725
0.24836
0.24257
0.29531
0.34885
0.40493
0.27417
0.23236
0.19553
0.25461
0.21366
0.21563
0.17938
0.88013
0.3251
0.44523
0.21418
0.31175
0.80206
0.26351
0.21727
0.35037
0.4011
0.44761
0.29685
0.25325
0.24719
0.22085
0.37683
0.36065
0.64162
0.34548
0.27462
0.24435
0.36741
0.23575
0.68427
0.53647
0.48852
0.21592
0.31277
0.32281
0.25887
1.0098
0.26349
0.37374
0.32111
0.20937
0.22611
0.51192
0.30296
0.24454
0.23495
0.43253
0.26946
0.27825
0.25962
0.23225
0.55681
0.19253
0.3047
0.23631
0.26168
0.2239
1.27133
0.41259
0.19943
0.18913
0.72166
0.25723
0.31621
0.32912
0.26773
0.22233
0.22547
0.25292
0.33001
0.19631
0.20811
0.73906
0.27042
0.2113
0.20683
0.43996
0.238
0.65115
0.26415
0.20574
0.32669
0.23211
0.2145
0.56031
0.35885
0.4518
0.3583
0.206
0.6544
0.24587
0.19844
0.30349
0.22283
0.46632
0.33425
0.18733
0.17908
0.44073
0.18352
0.25565
0.21453
0.1601
1.68669
0.40135
0.31797
0.24358
0.415
0.17062
0.3406
0.27861
0.22108
0.77174
0.61435
0.33828
0.25048
0.19096
0.6921
0.2604
0.20584
0.1868
0.2172
0.19574
0.20961
0.17759
1.80992
0.24344
0.20959
0.19753
0.24339
0.22384
0.25318
0.17696
0.1679
0.92798
0.24928
0.26835
0.15428
0.35466
0.15503
0.1656
0.59357
1.75808
0.30314
0.36411
0.20766
0.32061
0.20121
0.19896
0.5879
0.20764
0.19271
0.20427
0.83743
0.2296
0.1517
0.32376
0.19643
0.23755
0.16358
0.65767
0.26895
0.17889
0.2774
0.17062
0.57815
0.24998
0.18599
0.22196
0.15501
1.76367
0.29646
0.24561
0.38391
0.20263
0.18031
0.29854
0.14761
0.61387
0.18462
0.20389
0.36261
0.33631
0.22755
0.5711
0.17146
0.17126
1.23574
0.50637
0.16686
0.19651
0.2829
0.27317
0.27139
0.61518
0.18125
0.16413
0.45214
0.16709
0.33002
0.15953
1.01354
0.54073
0.16535
0.18499
0.45812
0.4756
0.19902
0.32078
0.20593
0.19347
0.27314
1.18889
0.66526
0.22436
0.21691
0.30537
0.2257
0.74049
0.30491
0.14859
0.18475
0.40273
0.15257
0.60977
0.17689
0.17627
0.58539
0.2427
0.16417
1.11621
0.29053
0.22236
0.33064
0.17813
0.26337
0.47078
0.24096
0.1775
0.24322
0.34308
0.35454
0.19527
0.49436
0.52514
0.13756
0.45406
0.41851
0.36314
0.15834
0.44368
0.20551
0.23862
0.12611
0.43589
0.13251
0.99398
0.17664
0.12449
0.72553
0.47131
0.90074
0.44793
0.19188
0.51467
0.15652
0.20382
0.30635
0.16101
0.7866
0.1618
0.35136
0.15391
0.18833
0.32111
1.07315
0.28033
0.16653
0.20059
0.40411
0.14105
0.50507
0.17794
0.19135
0.14867
0.40017
0.49311
0.16801
0.56781
0.12538
0.89502
0.22365
0.1252
0.67302
0.471
0.15281
0.29772
0.14377
0.14203
0.68748
0.25754
0.13176
1.02752
0.58242
0.16562
0.19753
0.12534
0.47832
0.18653
0.50731
0.15035
0.16751
0.14729
0.49919
0.16287
0.14317
0.1134
0.8542
0.59999
0.38922
0.15635
0.16881
0.52816
0.14267
0.3435
0.12112
0.48473
0.33308
0.12474
0.40083
0.5397
0.12252
0.49937
0.43007
0.13399
0.36418
0.12455
0.57464
0.15465
0.13241
0.54262
0.14407
0.64957
0.12803
0.10561
0.64194
0.16038
0.14508
0.94467
0.39962
0.14103
0.43492
0.77974
0.41905
0.15698
1.13914
0.18906
0.13788
0.48614
0.14058
0.67722
0.13313
0.13502
0.18982
0.57347
0.23585
0.14723
0.50844
0.33845
0.12181
0.52863
0.33727
0.13221
0.11965
1.06015
0.20152
0.33605
0.12488
0.20498
0.31549
0.25544
0.11184
0.23095
0.1756
0.26218
0.5628
0.12154
0.10909
0.57552
0.17886
0.1141
0.74943
0.11462
0.35494
0.50865
0.13519
0.11107
0.37995
0.10159
0.36784
0.1096
0.47202
0.18189
0.11834
0.11526
0.69595
0.11358
0.11767
0.60778
0.39578
0.55504
0.11309
0.11873
0.76875
0.11851
0.10479
0.52205
1.10776
0.43201
0.19558
0.30395
0.10637
0.78074
0.15239
0.11313
0.51399
0.11895
0.12214
0.45238
0.14022
0.10656
0.778
0.1169
0.67862
0.18756
0.31703
0.10399
0.14201
0.15981
0.13688
0.72396
0.11354
0.15562
0.45137
0.1571
0.1056
0.51994
0.10684
0.53938
0.23521
0.11632
0.93556
0.24155
0.17472
0.10906
0.21378
0.96114
0.11956
0.13921
0.53568
0.09958
0.10225
0.78619
0.13948
0.52452
0.52732
0.19204
0.09025
0.45931
0.48266
0.14349
0.09339
0.58221
0.12105
0.37794
0.09852
0.63504
0.1672
0.13105
0.0876
0.4451
0.10044
0.08743
0.48019
0.11819
0.61692
0.94012
0.66484
0.44954
0.21019
0.12962
0.50748
0.12508
0.09018
0.64935
0.25031
0.11876
0.8874
0.21229
0.10252
0.12013
0.26664
0.20962
0.09169
0.13481
0.77709
0.23252
0.13984
0.61573
0.11434
0.67228
0.1705
0.10391
0.16309
0.08652
0.49057
0.14448
0.08185
0.63927
0.13744
0.79926
0.13314
0.08682
0.11171
0.11328
0.09048
0.49922
0.18477
0.47571
0.11146
0.08271
0.08045
0.13976
0.43125
0.3185
0.44322
0.08956
0.08872
0.09439
0.35862
0.0789
0.46762
0.13599
0.0916
0.07663
0.61157
0.50326
0.09299
0.4211
0.09142
0.79274
0.22102
0.08275
0.50089
0.12053
0.08407
0.97963
0.13239
0.09917
0.09566
0.42155
0.1578
0.52778
0.36578
0.12461
0.42583
0.32035
0.08478
0.78515
0.20303
0.10159
1.53397
0.454
0.15022
0.09111
0.70966
0.10712
0.65512
0.33226
0.097
0.63542
0.17645
0.12728
0.08465
0.0926
0.08994
0.43941
0.09199
0.08424
0.89187
0.10852
0.09967
0.23313
0.41817
0.09476
0.0856
0.52748
0.12392
0.0879
0.8254
0.18985
0.08891
0.1774
0.08646
0.46197
0.13514
0.08098
0.07121
0.7446
0.21576
0.96788
0.14845
0.28341
0.09441
0.40734
0.35187
0.09793
0.08796
0.49256
0.08088
0.45194
0.37755
0.50097
0.14423
0.08252
0.68362
0.18931
0.09729
1.433
0.32668
0.17815
0.19129
0.08298
0.61119
0.17544
0.12113
0.08719
0.27145
0.33262
0.13726
0.07495
0.53607
0.10128
0.08488
0.69225
0.17545
0.08569
0.89416
0.3063
0.09604
0.14204
0.08122
0.53393
0.16352
0.07397
0.07452
0.13344
0.65121
0.11774
0.07058
0.6395
0.09808
0.10473
0.07382
0.73159
0.15513
0.07369
0.51302
0.08237
0.07323
0.58417
0.14175
0.59256
0.17106
0.09529
1.02208
0.17729
0.09616
0.0968
0.07607
0.49398
0.16694
0.07248
0.87355
0.30003
0.06891
0.40075
0.07709
0.08454
0.54446
0.10516
0.44407
0.07785
0.50554
0.10519
0.0643
0.88723
0.22725
0.11781
1.00236
0.15453
0.08166
0.44952
0.08587
0.07615
0.59101
0.09839
0.08751
0.30761
2.13918
0.36329
0.40678
0.10822
0.1423
0.29759
0.18665
0.07962
0.08969
0.18147
0.08044
0.53491
0.16148
0.09574
0.0824
0.38069
0.09565
0.06697
0.7464
0.28118
0.16756
0.1089
1.37929
0.19985
0.08537
0.12176
0.36361
0.3735
0.09206
0.17415
0.08002
0.08032
0.2017
0.07832
0.77888
0.16793
0.58074
0.13107
0.06672
0.07352
0.90618
0.22845
0.42484
0.11393
0.47357
0.13555
0.0717
1.04367
0.60011
0.25316
0.37652
0.2087
0.09766
0.64124
0.11113
0.07629
0.09363
0.13167
0.07623
0.60277
0.1169
0.07352
1.25665
0.39373
0.18267
0.11074
0.64422
0.24737
0.10165
0.08785
0.57777
0.117
0.08266
0.37322
0.06694
0.43746
0.1781
0.07642
0.06743
0.78298
0.16988
0.08673
0.07949
0.06187
0.64624
0.16703
0.77868
0.99789
0.21349
0.0985
0.239
0.08622
0.08803
0.45838
0.0936
0.07366
0.30334
0.06808
0.08034
0.13731
0.38396
0.06253
0.07172
0.80598
0.12592
0.54172
0.17284
0.07634
0.51178
0.12244
0.20977
0.13304
0.07019
0.69011
0.09475
0.07654
0.32004
0.30318
0.08098
0.14033
0.24969
0.07815
0.06306
0.37107
0.21446
0.0898
0.69505
0.39734
0.22909
0.12941
0.47437
0.07066
0.38892
0.31918
0.12952
1.9015
0.21371
0.10885
0.46543
0.13488
0.3304
0.10259
0.31233
0.11529
0.08147
0.07928
0.50799
0.08725
0.07261
0.96988
0.23137
0.1208
0.07228
1.27501
0.35849
0.16865
0.221
0.23888
0.08324
0.11212
0.61505
0.13802
0.08713
0.3197
0.74774
0.14462
0.07795
0.12335
0.07079
0.08391
0.08363
0.12025
0.10796
0.07286
0.10286
0.84165
0.08289
0.11993
0.45824
0.10344
0.59504
0.12706
0.24888
0.10191
0.07633
0.31969
0.06675
0.07313
0.06732
0.76755
0.15902
0.08743
0.06626
0.70228
0.20156
0.1159
1.09924
0.17432
0.1393
0.08365
0.49914
0.20054
0.07597
0.08679
0.07824
0.09507
0.3303
0.27612
0.1541
0.06915
0.07532
0.33699
0.05928
0.11585
0.12304
0.39849
0.08665
0.05769
0.05527
0.75125
0.13079
0.63011
0.20736
0.10253
0.53008
0.16504
0.07874
0.07021
0.0719
0.07462
0.06555
0.07961
0.06321
1.43401
0.25109
0.14
0.06859
0.51355
0.14367
0.2001
0.06032
0.06083
0.0721
0.06392
0.87392
0.29395
0.13973
0.19874
0.35362
0.09419
0.07307
0.56806
0.07449
0.63265
0.16729
0.10052
0.06372
0.44707
0.06528
0.0712
0.07713
0.51652
0.12372
0.08443
0.45607
0.17822
0.07276
0.0771
0.73417
0.09829
0.11975
0.05427
0.05306
0.48632
0.07409
0.05379
0.0578
1.44748
0.24915
0.42599
0.23743
0.08404
0.12621
0.34248
0.06933
0.62515
0.19996
0.31595
0.07828
0.07359
0.06033
0.6326
0.13265
0.81837
0.39423
0.39743
0.14211
0.08496
0.07229
0.82777
0.20105
0.18319
0.09831
0.07151
1.27295
0.22356
0.23473
0.09928
0.07374
0.77945
0.15161
0.11548
0.57406
0.13092
0.10081
0.09246
0.4053
0.09423
0.07166
0.06965
0.48022
0.07925
0.1528
0.0667
0.29863
0.29544
0.09342
0.06313
0.06685
0.4882
0.08579
0.06368
0.99911
0.14692
0.25653
0.07633
0.17465
0.13088
0.33738
0.07759
0.06237
0.26646
0.50859
0.09742
1.28858
0.20966
0.12656
0.07464
0.37601
0.07152
0.08636
0.22513
0.06548
0.05977
0.409
0.12435
0.08542
0.06815
0.62623
0.09535
0.06311
0.74063
0.17751
0.17836
0.15197
0.3555
0.07446
0.06864
0.76244
0.10239
0.05972
0.31476
0.07671
0.05804
0.59382
0.10998
0.06764
0.06622
0.7728
0.15198
0.07111
2.22367
0.5574
0.24916
0.49761
0.26032
0.09451
0.31374
0.39113
0.16993
0.11612
0.16262
0.5132
0.453
0.08733
0.08017
0.08857
0.4476
0.10773
0.07334
0.54851
0.13687
0.07393
0.18604
0.07453
0.0792
0.07189
0.923
0.13115
0.07362
0.07377
0.30403
0.06562
0.06269
0.34912
0.08263
0.44676
0.07179
0.06155
0.43456
0.15939
0.1283
0.75805
0.08739
0.0805
0.07097
0.0758
0.41798
0.07149
0.30682
0.06052
0.33156
0.13681
0.06013
0.07382
0.45155
0.07144
0.04794
0.60477
0.15252
1.23523
0.42514
0.24307
0.09746
0.0853
0.38607
0.11188
1.07612
0.18764
0.74578
0.26578
0.09904
1.0546
0.47941
0.16323
0.23864
0.11589
0.08973
0.60948
0.10431
0.0785
0.35862
0.10978
0.09499
0.0692
0.06822
0.1295
0.08834
0.55078
0.45889
0.28853
0.12371
0.09297
0.06473
0.06423
0.7343
0.13107
0.0847
0.05972
0.0674
1.13832
0.25183
0.13789
0.09664
0.65955
0.13566
0.09431
1.12532
0.32715
0.18403
0.11383
0.08369
0.9298
0.12779
0.0951
0.09436
0.57464
0.08436
0.22359
0.07676
0.29102
0.07784
0.06019
0.38804
0.08303
0.05885
0.41191
0.09052
0.0791
0.05965
0.53095
0.11124
0.13713
0.07727
0.76962
0.09276
0.06036
0.07203
0.42316
0.10266
0.07649
0.05592
0.51631
0.11735
0.07401
0.6188
0.06882
0.05838
0.45873
0.10317
