0.00075
0.00109
0.00539
0.12196
0.20377
0.19783
0.16679
0.14272
0.12474
0.12211
0.08801
0.13009
0.08911
0.18272
0.15824
0.07695
0.05243
0.05384
0.07956
0.11723
0.12634
0.11588
0.10602
0.09061
0.10125
0.09612
0.0622
0.06085
0.05358
0.05363
0.06253
0.03814
0.04652
0.04427
0.05396
0.06906
0.09288
0.07816
0.07379
0.08551
0.09238
0.1006
0.07436
0.09241
0.06528
0.13168
0.06688
0.05969
0.08457
0.07093
0.10966
0.11875
0.07506
0.08833
0.06353
0.09059
0.11493
0.05507
0.08248
0.08745
0.06471
0.11551
0.05711
0.05744
0.04525
0.06979
0.05409
0.07256
0.07716
0.05678
0.07397
0.12148
0.06707
0.05362
0.05146
0.05231
0.05078
0.05511
0.05831
0.04905
0.06324
0.03891
0.0385
0.07583
0.03587
0.05132
0.03105
0.04819
0.05287
0.03255
0.03419
0.04561
0.0351
0.02535
0.03689
0.09704
0.03429
0.03567
0.0364
0.03282
0.03885
0.05571
0.03974
0.04473
0.03408
0.03521
0.08568
0.05317
0.03792
0.02351
0.03082
0.04242
0.03986
0.03489
0.02596
0.03475
0.03602
0.04066
0.03022
0.03051
0.03293
0.0383
0.02396
0.03651
0.0356
0.03811
0.04456
0.04612
0.02049
0.02614
0.03312
0.04394
0.03229
0.0378
0.02993
0.02759
0.0342
0.03793
0.02445
0.0287
0.03907
0.02905
0.01884
0.03206
0.03789
0.03246
0.02459
0.01855
0.0426
0.04539
0.02881
0.02058
0.0186
0.02931
0.03795
0.03174
0.02512
0.03141
0.026
0.02409
0.02212
0.02624
0.04221
0.0289
0.02979
0.02378
0.03234
0.02768
0.02894
0.06611
0.03222
0.02333
0.01542
0.0223
0.02666
0.04145
0.02243
0.02966
0.02232
0.03127
0.02812
0.02112
0.03622
0.049
0.02999
0.03018
0.02985
0.02475
0.02674
0.02855
0.02553
0.03585
0.02981
0.03008
0.026
0.04261
0.07278
0.04541
0.04554
0.02009
0.02702
0.03866
0.03163
0.02227
0.0264
0.03531
0.02411
0.02754
0.03401
0.02811
0.03765
0.02565
0.0204
0.01646
0.03406
0.0332
0.02934
0.04289
0.02763
0.02567
0.01942
0.02187
0.03117
0.02621
0.02828
0.04296
0.0336
0.02132
0.01972
0.03272
0.01902
0.02039
0.02304
0.03707
0.03324
0.0283
0.02242
0.0186
0.02214
0.02376
0.02497
0.02498
0.02832
0.02182
0.02052
0.02445
0.08423
0.02622
0.01699
0.01409
0.02028
0.01773
0.0231
0.01542
0.01372
0.05889
0.03278
0.01625
0.0117
0.01472
0.07541
0.01726
0.01561
0.01938
0.02402
0.02176
0.02427
0.02458
0.03993
0.03183
0.03296
0.01959
0.02051
0.02437
0.03011
0.02729
0.02186
0.03976
0.02097
0.03543
0.04288
0.01659
0.01796
0.01516
0.03735
0.01789
0.02322
0.01877
0.01787
0.02073
0.02474
0.04704
0.0349
0.0182
0.0242
0.0202
0.0237
0.04074
0.0142
0.04585
0.04648
0.02227
0.02729
0.0316
0.02042
0.02868
0.03274
0.0235
0.02442
0.01681
0.02221
0.02403
0.02611
0.0366
0.02312
0.02278
0.02073
0.02828
0.01676
0.0299
0.02008
0.0122
0.02895
0.02613
0.01895
0.02119
0.02622
0.01943
0.02141
0.01845
0.02292
0.02013
0.01857
0.01933
0.03106
0.01532
0.0245
0.04856
0.02656
0.01506
0.03611
0.01973
0.01425
0.02888
0.05239
0.01582
0.02533
0.02054
0.02141
0.02695
0.03678
0.12603
0.03864
0.02696
0.03216
0.0375
0.02529
0.04107
0.04677
0.04483
0.03386
0.03574
0.02964
0.03433
0.02596
0.03155
0.0256
0.09572
0.04413
0.04447
0.02659
0.03797
0.08158
0.03061
0.03013
0.04895
0.0511
0.04696
0.0412
0.03299
0.03805
0.03773
0.05191
0.05103
0.0832
0.04187
0.04222
0.03809
0.06275
0.03253
0.10688
0.05148
0.06612
0.03679
0.04988
0.05445
0.05527
0.12327
0.03759
0.06274
0.05647
0.04063
0.0475
0.07832
0.04328
0.04538
0.04092
0.07713
0.04016
0.06317
0.03624
0.04548
0.09194
0.04577
0.0552
0.05223
0.05366
0.05086
0.13009
0.06762
0.04201
0.04672
0.10312
0.05881
0.06855
0.06354
0.0547
0.05033
0.05174
0.06267
0.06617
0.039
0.05257
0.12367
0.03854
0.04724
0.04268
0.08818
0.06334
0.06621
0.04821
0.0515
0.06339
0.05243
0.05098
0.08708
0.07321
0.04853
0.06325
0.05763
0.08125
0.0517
0.04721
0.05993
0.06483
0.06441
0.06566
0.0409
0.04847
0.07052
0.03854
0.05455
0.04669
0.03824
0.18537
0.04977
0.05749
0.05065
0.07272
0.03526
0.074
0.04745
0.04709
0.11326
0.07296
0.06328
0.05479
0.04912
0.11854
0.05601
0.05421
0.04985
0.05811
0.05139
0.05816
0.0489
0.20346
0.04483
0.04701
0.0464
0.06138
0.05189
0.05694
0.04506
0.04511
0.12115
0.03876
0.05848
0.03439
0.06503
0.03795
0.04253
0.12555
0.14972
0.04804
0.06842
0.04837
0.07014
0.05058
0.05209
0.1088
0.05039
0.04854
0.05829
0.11787
0.04191
0.0352
0.06218
0.04677
0.0543
0.04422
0.11016
0.05777
0.04639
0.06694
0.04341
0.09993
0.05225
0.04519
0.05937
0.03495
0.19554
0.06044
0.05895
0.08169
0.04575
0.05075
0.07159
0.04188
0.1067
0.04631
0.05098
0.07936
0.05987
0.05256
0.10417
0.03828
0.05708
0.14573
0.0774
0.03793
0.05024
0.0561
0.06146
0.05884
0.11538
0.04374
0.04792
0.09857
0.03719
0.07122
0.03838
0.14679
0.08385
0.03943
0.05187
0.07461
0.0976
0.04076
0.07316
0.04832
0.0472
0.07015
0.18358
0.10196
0.04573
0.05981
0.0693
0.0558
0.12535
0.063
0.03839
0.0481
0.07996
0.04175
0.10772
0.03902
0.04348
0.12124
0.03976
0.04219
0.16437
0.05337
0.05333
0.07352
0.04774
0.05768
0.09312
0.05124
0.04845
0.05867
0.08189
0.05545
0.06985
0.06619
0.09961
0.03331
0.07753
0.08248
0.07671
0.04296
0.08669
0.04557
0.05881
0.03702
0.08648
0.03631
0.13888
0.03678
0.03307
0.10158
0.0835
0.13436
0.0673
0.06591
0.07347
0.03824
0.05873
0.05946
0.04238
0.14122
0.03698
0.0784
0.03438
0.04507
0.0643
0.14892
0.0528
0.04048
0.05103
0.08816
0.04232
0.09308
0.04624
0.042
0.05219
0.07027
0.09744
0.04305
0.09159
0.0327
0.12445
0.04714
0.03585
0.11124
0.07787
0.04105
0.07332
0.0399
0.03976
0.11587
0.06012
0.03305
0.15003
0.10392
0.03299
0.0503
0.03601
0.09415
0.04215
0.08875
0.03467
0.0422
0.04657
0.09684
0.03591
0.03992
0.03437
0.1369
0.11451
0.06421
0.03587
0.04962
0.10728
0.03585
0.08142
0.03208
0.0878
0.06626
0.03019
0.08578
0.08169
0.02555
0.09103
0.0693
0.02674
0.06568
0.03198
0.10671
0.03406
0.04706
0.07688
0.03046
0.11506
0.02859
0.02692
0.1076
0.03911
0.06224
0.10369
0.08125
0.03379
0.07646
0.11569
0.07967
0.03742
0.1728
0.04152
0.03743
0.08837
0.03702
0.12218
0.03271
0.04196
0.04861
0.10844
0.05143
0.0401
0.09046
0.06821
0.0282
0.07841
0.0776
0.03023
0.03218
0.15997
0.03672
0.0731
0.03357
0.04895
0.08997
0.03441
0.03433
0.05855
0.04583
0.07144
0.08867
0.03057
0.03402
0.10417
0.03763
0.0273
0.10976
0.02915
0.08947
0.08139
0.02989
0.02816
0.07585
0.02548
0.07019
0.02554
0.08704
0.04421
0.02805
0.03774
0.10794
0.02832
0.0315
0.09724
0.07068
0.08636
0.02373
0.03459
0.12792
0.02824
0.02951
0.09959
0.16642
0.06585
0.03625
0.06325
0.03012
0.14897
0.02728
0.03048
0.10109
0.0303
0.03055
0.09338
0.03236
0.03262
0.12066
0.02523
0.11828
0.0376
0.06451
0.02533
0.04598
0.03851
0.03406
0.13618
0.02581
0.03887
0.09998
0.03186
0.03419
0.08259
0.02639
0.09115
0.02931
0.02598
0.13505
0.05342
0.03654
0.03055
0.07319
0.12105
0.02698
0.05414
0.06991
0.02358
0.02788
0.13046
0.0324
0.10151
0.09045
0.03176
0.0236
0.07274
0.07492
0.0294
0.02438
0.11534
0.02975
0.07135
0.02262
0.10944
0.03305
0.03007
0.02663
0.08501
0.02852
0.02491
0.08771
0.0287
0.09638
0.13467
0.08604
0.08822
0.03883
0.03028
0.09186
0.02949
0.02526
0.0948
0.06129
0.03012
0.13791
0.04702
0.02278
0.03313
0.07055
0.03591
0.02535
0.03552
0.12173
0.05861
0.03459
0.08876
0.02737
0.10649
0.04046
0.02443
0.04382
0.02444
0.0951
0.03436
0.02148
0.10668
0.03524
0.11661
0.02971
0.02163
0.03021
0.02501
0.02728
0.09176
0.04294
0.09004
0.02385
0.02226
0.02453
0.045
0.07759
0.07198
0.05522
0.02303
0.02801
0.02615
0.06738
0.02162
0.09432
0.0351
0.0244
0.02492
0.11417
0.09043
0.0159
0.07793
0.02084
0.13071
0.04726
0.01977
0.08459
0.02786
0.02413
0.13673
0.0249
0.02376
0.02592
0.0844
0.05885
0.07037
0.06315
0.02754
0.05183
0.06127
0.02021
0.12087
0.04475
0.02721
0.18955
0.08128
0.03059
0.02862
0.102
0.02436
0.11128
0.05804
0.02191
0.10012
0.04165
0.02519
0.0251
0.02567
0.02906
0.09588
0.02395
0.02439
0.14259
0.02227
0.0246
0.07079
0.06966
0.02348
0.02777
0.09242
0.03229
0.02515
0.13503
0.04086
0.02115
0.04212
0.02432
0.08928
0.03008
0.02093
0.01972
0.11545
0.04933
0.13733
0.02569
0.06076
0.02327
0.06574
0.06316
0.02273
0.0207
0.08684
0.01831
0.06192
0.07858
0.10134
0.03086
0.02132
0.10626
0.04301
0.02666
0.18853
0.06886
0.05126
0.03654
0.0229
0.10247
0.04114
0.03281
0.02828
0.0557
0.0686
0.03679
0.02041
0.09409
0.0261
0.02489
0.09808
0.03845
0.02163
0.1267
0.05303
0.02098
0.02402
0.02487
0.08854
0.04199
0.02064
0.02572
0.06641
0.08865
0.02239
0.01444
0.10004
0.02242
0.02566
0.02201
0.11958
0.03458
0.02418
0.07503
0.01887
0.02397
0.07769
0.03568
0.09119
0.03528
0.02114
0.14578
0.04024
0.02473
0.02679
0.02016
0.09025
0.03969
0.01902
0.11268
0.05353
0.01597
0.07385
0.01731
0.0222
0.10511
0.02181
0.07286
0.01853
0.07696
0.02237
0.01646
0.13193
0.05271
0.03132
0.13235
0.03358
0.02146
0.08581
0.02129
0.01865
0.09517
0.02178
0.0234
0.07551
0.18954
0.06231
0.06907
0.02279
0.03997
0.06421
0.04561
0.02387
0.0228
0.04211
0.02224
0.0955
0.03532
0.02563
0.02042
0.07445
0.02382
0.0213
0.11712
0.0616
0.05045
0.0194
0.18998
0.03866
0.0189
0.0351
0.09289
0.043
0.01885
0.04203
0.01864
0.02169
0.06197
0.02192
0.13999
0.03974
0.09408
0.0275
0.01786
0.02036
0.13512
0.0482
0.06017
0.01898
0.07972
0.03222
0.01966
0.12942
0.09449
0.05254
0.06209
0.03888
0.02836
0.08145
0.02301
0.02245
0.02627
0.0332
0.03638
0.07457
0.03125
0.02058
0.13301
0.08024
0.0424
0.02986
0.08118
0.05808
0.02489
0.02459
0.11813
0.02674
0.02186
0.06521
0.0174
0.07847
0.04169
0.01813
0.0196
0.12075
0.03758
0.02235
0.0219
0.01958
0.10748
0.04224
0.11208
0.10608
0.03673
0.02676
0.0392
0.02206
0.02487
0.08483
0.0223
0.0207
0.05155
0.0187
0.02567
0.03728
0.0642
0.01771
0.01844
0.13449
0.03081
0.08051
0.0387
0.02042
0.09091
0.03005
0.04974
0.0221
0.01906
0.11172
0.0219
0.02066
0.05621
0.05376
0.0187
0.02764
0.04953
0.01845
0.01623
0.06439
0.04367
0.04773
0.06711
0.06707
0.05216
0.03241
0.07109
0.0165
0.05945
0.07
0.05812
0.16809
0.03821
0.0254
0.08061
0.03476
0.06115
0.02011
0.06298
0.02848
0.02024
0.02032
0.06956
0.01895
0.02218
0.14492
0.05362
0.02753
0.01968
0.15892
0.07897
0.04141
0.05857
0.04403
0.02186
0.02625
0.0976
0.02944
0.02053
0.06158
0.11406
0.03245
0.0203
0.03011
0.0203
0.02628
0.02461
0.03584
0.02463
0.01928
0.03236
0.11757
0.01882
0.02811
0.08023
0.02698
0.0972
0.02965
0.04152
0.02609
0.02074
0.0649
0.01662
0.01961
0.02136
0.10315
0.03204
0.01751
0.01711
0.08058
0.04446
0.02471
0.13947
0.02594
0.03588
0.02145
0.08635
0.03908
0.0177
0.02177
0.02141
0.02427
0.05292
0.06616
0.03364
0.01701
0.02297
0.06797
0.01612
0.03601
0.02269
0.07679
0.01973
0.01659
0.01865
0.11058
0.02546
0.09022
0.04852
0.02097
0.08603
0.03196
0.01854
0.02005
0.01996
0.02471
0.0208
0.02273
0.02144
0.19149
0.05234
0.02705
0.0165
0.08379
0.03517
0.03662
0.0142
0.01825
0.01901
0.01902
0.10862
0.06461
0.02758
0.04248
0.05317
0.01925
0.02205
0.09326
0.01438
0.08873
0.03179
0.01492
0.01815
0.07485
0.01556
0.02129
0.0175
0.09434
0.02696
0.01831
0.07725
0.04238
0.0196
0.02132
0.09626
0.01756
0.02784
0.01639
0.01529
0.08818
0.01604
0.01438
0.01504
0.16412
0.05012
0.06402
0.03948
0.01569
0.05591
0.03634
0.01598
0.10184
0.04341
0.05481
0.01811
0.01771
0.01911
0.11566
0.03298
0.14005
0.04565
0.08924
0.0336
0.01749
0.01735
0.12568
0.04679
0.03713
0.02346
0.02161
0.1594
0.05466
0.06144
0.02564
0.02167
0.12637
0.04196
0.03132
0.0898
0.03456
0.02256
0.02748
0.07199
0.02536
0.0194
0.02224
0.0792
0.02248
0.04024
0.01573
0.05963
0.06661
0.02374
0.0179
0.01928
0.06647
0.0189
0.02074
0.13962
0.03113
0.05345
0.01893
0.05053
0.02007
0.05805
0.01593
0.01758
0.05839
0.09518
0.02285
0.17235
0.04898
0.02728
0.02021
0.06086
0.01885
0.02782
0.05517
0.01821
0.02001
0.08111
0.02997
0.01595
0.026
0.10969
0.025
0.01738
0.10468
0.0407
0.0642
0.0163
0.05945
0.01707
0.01777
0.10899
0.02274
0.01536
0.06492
0.01862
0.01432
0.10268
0.02738
0.01809
0.04145
0.09656
0.03833
0.01746
0.25862
0.11045
0.0448
0.09716
0.04783
0.02807
0.06889
0.07752
0.04771
0.04168
0.02856
0.08988
0.06587
0.01787
0.02302
0.02523
0.08255
0.02894
0.01934
0.06933
0.03522
0.02197
0.03998
0.02093
0.02271
0.02284
0.13799
0.03101
0.01624
0.02047
0.06745
0.01705
0.01916
0.07289
0.02351
0.06839
0.01519
0.01674
0.07833
0.04019
0.05876
0.09288
0.01843
0.01921
0.01767
0.02445
0.08227
0.0191
0.05257
0.01478
0.06626
0.03382
0.01591
0.02286
0.07909
0.01742
0.01407
0.10062
0.03626
0.15026
0.07794
0.046
0.02332
0.02241
0.07324
0.02481
0.16352
0.03908
0.09194
0.05007
0.024
0.13011
0.07502
0.03345
0.04247
0.03163
0.02243
0.10665
0.02741
0.02036
0.0774
0.02859
0.02521
0.01919
0.02007
0.03683
0.024
0.08983
0.08265
0.05789
0.03127
0.02016
0.01887
0.02054
0.11957
0.03229
0.02005
0.01755
0.02051
0.15655
0.06613
0.03996
0.0238
0.09757
0.029
0.02215
0.14195
0.07831
0.04291
0.03052
0.01948
0.11196
0.02342
0.02017
0.03505
0.08192
0.02172
0.04497
0.01813
0.0619
0.01959
0.01679
0.07673
0.02053
0.01456
0.07036
0.02523
0.02011
0.03218
0.08264
0.03804
0.0213
0.02371
0.10665
0.01933
0.01826
0.02446
0.08851
0.02932
0.02088
0.01758
0.08169
0.0337
0.02262
0.08784
0.01543
0.0176
0.0814
0.02606
