11.28294
14.37293
12.47082
4.59158
2.12408
2.12945
2.54583
2.56482
2.58208
3.28016
3.52023
2.51617
2.7085
2.19624
2.72864
3.25969
4.20321
3.89635
4.42641
3.16791
3.04679
2.92228
3.11156
3.21136
2.99278
3.33312
3.55313
3.48725
4.00995
4.11396
4.26482
3.92289
4.18681
3.91769
3.98172
3.61351
3.47284
3.34129
3.41524
3.51099
3.2961
3.39328
3.41829
3.91227
3.51809
3.66151
3.41036
3.86205
3.39185
3.43864
3.98468
3.43512
3.12283
3.49762
3.61248
3.50417
3.9821
3.56914
3.48477
3.46723
3.53255
4.19937
3.63147
3.75641
3.91789
4.30948
4.1621
3.49962
3.52227
3.70422
3.73454
3.93941
3.76962
3.76517
3.8769
4.46333
4.6161
3.84957
4.04493
4.45412
4.58938
4.44437
4.67998
4.99379
4.388
4.39409
4.33358
4.87637
4.57116
4.4187
4.67322
5.28078
4.76964
4.97458
4.94011
5.79782
4.66824
5.12791
4.21773
4.13495
4.34773
5.46981
4.42422
4.66661
4.64356
4.44
4.6928
5.56011
5.31577
4.70248
4.73423
4.57688
4.51104
5.22549
4.88118
6.03942
5.26915
4.76565
4.5033
5.20272
5.20861
4.93764
4.9382
4.81011
4.61004
5.09415
5.89745
7.18711
5.3148
4.54344
4.99467
4.6675
5.30882
6.06183
4.72524
5.40805
4.59559
5.11166
5.82732
4.72318
4.93103
5.48525
5.48066
5.71566
5.13139
6.39063
5.87099
5.5311
6.25435
7.64725
5.11611
4.52344
5.33899
5.70472
5.94349
5.89565
4.79546
6.59485
5.27805
4.85613
5.25575
5.30307
5.01567
5.75927
5.10439
5.63162
5.57053
5.45096
5.59807
6.25028
6.81289
5.86771
5.20771
5.98624
5.64945
6.49367
6.01871
5.34047
5.42338
5.45974
5.78767
5.06568
6.50424
6.1153
4.42167
5.36644
5.99151
5.19118
5.2726
5.03619
5.22408
4.94809
5.12948
5.57405
4.92962
5.55636
6.30337
7.1936
5.76534
5.82967
5.46989
5.13592
4.93093
4.62698
5.11985
5.24519
5.35892
5.30146
7.61572
6.25922
6.26658
5.77894
5.87068
5.63751
6.45686
6.45951
6.89598
6.92705
5.29462
5.98755
4.77501
4.95807
5.14359
5.883
7.20542
6.34974
6.91869
6.15841
4.79551
5.65636
5.21239
4.92041
5.03631
6.53009
5.65051
6.19665
5.71761
5.83849
5.21735
5.66272
4.74007
4.66899
5.48466
5.45551
4.82636
4.97227
8.0256
6.48484
5.2
5.36033
5.20676
5.37879
5.66357
5.69716
5.08029
7.11324
7.28022
5.18282
6.11173
5.13017
7.78823
5.88749
5.11066
6.10646
6.34313
5.15592
5.40234
5.61586
7.524
6.5847
6.88647
5.29307
4.82037
5.12393
5.89881
5.62453
5.19762
5.59069
7.06604
6.42839
7.77675
5.82459
6.09044
5.3887
5.89319
6.31124
5.65158
5.1379
5.07513
5.58149
5.28311
9.03607
9.64361
7.94159
7.34124
6.92103
7.70838
10.25834
8.35591
7.90432
9.18337
6.34442
5.52368
6.68931
5.12886
5.42568
6.6227
6.51621
5.88915
4.8973
4.8759
4.70123
5.1053
6.54112
8.39094
6.05495
5.44272
6.87831
5.67685
6.26462
5.96244
5.61158
7.38169
6.84041
6.42828
6.02029
7.12075
4.92249
5.1232
5.12525
5.86381
5.7408
5.26859
5.0265
6.41678
7.98456
8.16349
7.31821
6.57297
5.77198
6.88602
7.255
5.67645
6.06052
6.73916
5.55094
5.47926
5.42753
4.98088
5.57699
6.78477
8.49677
7.12941
4.79999
4.63785
5.211
5.70052
5.13651
5.17447
5.96899
5.22731
5.00271
4.93931
5.50772
4.97822
4.97543
4.85921
7.30049
5.60044
6.13757
4.91521
6.27589
6.43684
4.74982
4.3653
5.51774
5.95918
5.09778
5.11505
5.02038
4.99585
4.44255
5.0576
5.11927
5.52788
5.26054
4.3433
4.40169
4.44615
4.70697
5.08201
5.04659
4.78902
4.28795
4.95909
4.74357
4.47207
5.83451
4.68474
4.92205
4.35881
4.01418
4.06765
5.01925
5.04415
4.08906
4.22421
4.59771
4.56328
4.0719
4.55504
4.2817
4.75548
3.98026
4.4541
4.11066
4.1788
4.03562
5.19422
4.4204
3.97978
3.90099
5.15916
3.80002
4.24047
4.27912
3.97986
4.0185
4.13663
4.0975
4.28909
4.15114
3.89214
4.39676
4.70346
4.11438
4.14552
4.691
4.56646
5.24282
4.56006
3.98455
4.56541
4.08265
3.93458
4.84094
4.26845
4.9352
4.71279
4.04888
5.09294
4.2611
3.88268
4.15181
3.76182
4.74893
4.2578
4.24914
3.78548
4.79461
4.12517
4.53935
4.56461
4.15422
5.86602
5.01001
4.33086
4.06724
4.30077
4.22719
4.29731
4.22652
4.14861
4.57627
4.71533
4.40318
3.89347
3.8045
4.42015
4.17585
3.70457
3.7803
3.83927
3.77297
3.89507
3.89994
5.04136
4.01014
3.84845
3.92701
3.90565
4.10396
4.1321
4.02839
3.86216
5.03642
4.35253
4.07232
4.20228
4.5947
4.04726
3.96956
4.21663
4.83873
4.47584
4.41119
3.76429
4.04928
3.77246
3.73412
4.48552
3.81626
3.87627
3.92685
4.76103
4.45829
4.22732
4.91233
4.10616
4.19451
3.9845
4.16601
4.09872
3.92633
4.08632
3.84557
4.31141
4.26772
3.98436
3.98997
4.17188
4.46007
4.06979
3.9018
4.08931
3.95647
3.73842
4.0916
3.87471
4.2458
3.96678
4.14729
4.21104
4.35916
4.24155
4.08463
4.10329
4.0017
4.95012
5.01577
4.0155
4.05809
4.16174
4.04629
4.13643
4.5514
4.02508
3.76115
4.04656
4.28831
4.20269
4.13004
4.15095
4.37515
4.1374
3.93015
4.21391
3.99411
4.25073
4.03678
4.28356
4.02085
4.04334
3.89084
4.64462
4.07906
3.77541
3.9768
3.93741
3.90958
3.98232
3.96704
3.9761
4.31522
3.84924
4.03687
4.20926
4.06969
4.47724
4.17275
3.95712
4.3644
4.16698
3.93492
4.17279
4.01718
4.06437
4.1577
4.22862
3.96012
4.02416
3.8073
4.27024
3.92677
4.24742
4.04826
4.16018
4.05762
4.06175
4.20788
4.11072
4.13852
4.34267
4.09087
3.99043
4.17952
4.02615
4.09861
4.16352
4.0401
4.30732
4.55169
4.27873
3.85068
3.96972
4.00502
4.10418
3.94809
4.20438
4.01708
3.55526
4.15164
4.32706
4.26881
4.29081
4.29772
4.04173
4.68162
4.18194
4.02769
3.80679
4.0508
4.44277
4.09564
4.31025
3.94563
4.15702
4.31652
4.32264
4.12473
4.2491
3.90904
4.3021
4.1507
4.23143
3.91946
4.08208
4.10909
4.00722
4.00413
3.92168
3.65059
4.20164
4.06313
4.20518
4.35483
4.08527
4.06124
4.11483
4.03376
4.16667
4.20753
4.27908
3.92643
4.27973
4.44692
4.19548
4.10148
4.13166
3.85832
4.44804
4.21366
3.95594
4.04538
4.13648
4.18923
4.29091
4.18417
4.43669
4.27143
3.90872
5.1161
4.53357
4.39363
4.42126
4.39488
4.53486
4.38924
4.51968
4.25247
4.01782
3.9361
4.43927
4.31214
4.3188
4.35778
4.19062
4.1347
4.19697
3.87435
4.10686
4.31184
4.34287
3.49946
4.24044
4.04849
4.30503
4.00241
4.04804
3.7305
4.10931
3.87861
4.17327
3.92939
4.22582
4.19036
3.95729
4.22421
4.30981
4.18089
4.41811
4.29619
3.94398
4.41576
4.17649
4.35627
4.46191
4.2509
4.07945
4.26181
4.07093
4.46951
4.04217
4.34
4.30628
4.30213
3.97821
4.34151
4.1555
4.12074
4.13067
4.47477
4.30724
4.29894
4.17763
4.40528
4.54164
4.3725
4.29566
4.54601
4.40705
4.50709
4.38714
3.92076
4.47702
4.17021
4.33873
4.48918
4.50922
4.48057
3.96212
4.41952
4.70721
4.31543
4.41445
4.54629
4.27247
3.91303
3.90415
4.92702
4.55149
4.34228
4.26286
3.64534
4.51623
4.27334
4.38166
4.27702
4.39418
4.29328
4.18618
4.25388
3.98388
4.54528
4.15973
4.2078
4.47873
4.56061
4.36676
4.49729
4.52086
3.68883
4.54195
4.44307
4.48576
4.41222
4.43906
4.17444
4.53976
4.36898
4.62651
4.76974
4.29351
3.73055
4.78972
4.43241
4.38217
3.8187
4.40587
4.31735
4.13909
4.60343
4.38173
3.84889
4.37306
4.41295
4.56786
4.3899
4.58845
4.63414
3.87989
4.86114
4.41895
3.93862
4.35157
4.49445
4.64231
4.31191
4.30063
4.8777
4.42885
4.19774
4.4963
4.49716
4.13921
4.46785
4.38019
4.41429
3.55528
4.48464
4.06495
4.51153
4.17504
4.27585
4.39907
4.33554
3.54287
4.32388
4.31453
3.84152
4.58098
4.50508
4.43144
4.35525
4.41981
4.72352
3.7478
3.4301
4.20417
4.71874
4.34879
4.79936
4.06643
4.50506
4.6096
4.55062
4.21005
4.63854
4.70127
4.16318
4.06277
4.58355
4.343
4.57892
4.60996
4.57447
4.28343
4.42723
3.97254
4.4956
4.65877
4.56114
4.43552
4.80741
4.57475
4.89812
4.88653
4.60438
4.40828
4.52844
4.49799
4.68492
4.11617
4.15649
4.70693
4.65199
4.41756
4.82349
5.11085
4.55402
4.67671
4.65356
4.2605
4.75199
4.20921
4.54893
4.78314
4.15808
4.55814
4.80031
4.73905
4.34614
4.5819
3.93155
4.56248
4.42512
4.79053
3.92858
4.9642
3.89449
3.91211
4.31702
4.40737
3.44766
4.32114
4.46319
4.26474
4.51871
4.24062
4.49101
4.54219
4.6498
4.10631
4.84801
4.42428
4.45317
4.34289
4.06217
4.51191
4.55935
4.34363
4.69835
4.758
4.2636
3.93074
4.66118
4.46058
4.35705
4.22083
4.6365
4.06828
4.2739
4.84221
5.20932
4.72064
4.44104
4.3069
4.77584
4.74649
4.48745
3.78404
4.5825
4.92592
4.53001
4.56856
4.91039
3.68417
4.57528
4.76057
4.26751
4.87648
4.88284
3.60941
4.67543
4.37716
4.80683
4.27952
3.83803
4.56088
3.99917
3.40042
4.33178
4.98179
4.62154
4.5731
3.96917
4.81545
4.52673
4.67277
4.7082
4.12104
4.7662
4.07122
4.42732
4.52498
4.71079
3.99819
4.73541
4.65698
3.88473
4.77626
4.97997
4.48243
4.61316
4.04037
4.70115
4.47858
4.46316
3.66004
4.83392
5.2093
4.31486
4.64868
4.80822
4.70034
3.9824
4.66328
5.09832
4.50484
4.79347
4.69023
4.77164
4.13916
5.11962
4.20842
4.90617
3.83721
4.00041
4.84077
4.86007
4.88505
4.7598
4.09214
4.88108
4.97376
3.90976
5.01602
4.35527
5.02221
4.78681
4.89085
4.77431
4.65714
4.81788
4.21288
4.97359
4.89998
4.0904
3.62343
4.16284
4.73337
4.23865
4.74354
4.71316
4.65449
4.80957
4.51729
4.74719
4.72682
4.72405
3.67139
4.06966
4.32592
4.76839
4.6115
4.38041
4.5526
4.56715
4.64399
4.46175
4.72841
4.05847
4.83809
4.93016
4.8611
4.44669
4.50808
4.72643
4.39208
3.49582
4.11429
4.94187
4.17238
4.1429
4.91276
4.99281
4.71964
4.45557
5.0697
4.7674
4.9372
4.63056
4.36048
4.78114
3.38894
3.9108
4.81589
4.5407
4.89723
4.75979
4.13156
3.76299
4.66808
4.83522
4.59733
4.22997
4.83634
4.51804
4.67419
3.65537
4.62095
4.26814
4.54294
4.58166
4.62799
4.6664
4.55385
4.5912
4.43394
3.99041
4.06784
4.6726
5.04673
3.42303
3.79485
4.23266
4.88583
3.76087
4.69825
4.52284
4.61515
4.4529
4.73562
4.48914
4.80657
4.94394
3.92108
4.83139
4.84935
4.68289
4.11808
4.72787
4.70979
4.65793
4.48995
3.87109
4.75672
4.02033
4.81346
4.78418
4.72648
4.6559
4.62171
4.63934
4.61519
4.82318
4.89718
4.87535
4.6176
4.8627
4.1823
4.93649
4.9328
4.04983
4.20978
4.96017
4.09949
4.82931
4.74309
4.32354
4.97352
5.04427
4.7944
4.10334
4.63155
4.77393
4.86108
4.24955
5.14755
5.09303
4.94242
4.89592
4.94552
5.07015
3.98992
4.80839
4.87716
4.69177
3.64981
4.19207
4.59364
4.94761
5.26228
3.90049
4.64694
4.25687
4.04156
4.66309
4.7002
4.13671
4.91666
4.83104
4.79359
4.27148
4.75546
4.72324
4.37094
4.92208
4.67332
4.19577
3.61998
4.39947
4.80906
4.25268
3.63097
4.10881
4.79478
4.57976
4.76705
5.05684
4.83891
4.36512
4.83899
4.4267
4.80769
4.21351
4.77389
5.09745
4.75666
4.67493
4.64675
4.80695
4.91058
4.93802
4.63388
4.49949
4.91014
5.18738
3.94936
4.69118
4.83831
4.48731
4.90497
4.47869
4.96906
4.6927
4.9157
4.91945
4.83028
4.54381
4.3799
5.10686
5.12429
5.06871
3.95817
4.56944
4.99399
4.75786
5.28907
4.73749
4.79916
4.74217
4.85155
4.8891
4.80698
4.72091
4.67756
4.07653
5.22326
5.05878
4.78563
4.99417
4.9315
5.24528
5.02084
4.95678
5.02986
4.9986
4.80145
4.49924
4.84789
5.11429
3.93918
4.70493
5.17219
4.63327
4.94048
4.7945
4.85815
4.7689
4.8718
4.85167
4.70681
4.25986
3.85058
5.21995
5.02259
4.5693
4.14523
5.31526
5.15378
4.77293
5.05275
4.89346
4.76836
3.77285
4.95278
5.23657
5.6886
5.44879
4.76942
4.45695
5.13933
5.20649
4.87398
5.36831
5.07695
4.93582
5.07904
4.92214
5.15106
4.94145
4.6005
5.32115
4.96651
4.03629
4.80664
5.18424
4.37188
5.26648
5.52261
5.10345
5.06688
4.71368
4.99476
5.14981
5.22215
4.74025
3.91461
4.97276
5.07839
5.4707
5.0022
4.73264
5.05652
4.77596
4.09812
5.09709
5.06651
5.1135
4.92212
4.04939
4.15104
4.48621
4.93409
3.5986
4.66254
5.22032
5.07203
4.06535
3.83049
4.57952
4.83305
4.80393
4.39101
3.61226
4.19909
4.47818
4.6554
4.01452
3.85646
4.41235
4.28268
4.20834
4.85916
4.66075
4.79153
4.58952
4.82442
4.63963
4.9028
4.70184
5.49734
5.12586
4.85712
3.99403
4.92656
4.9267
4.80712
4.41755
4.90956
4.87218
5.05771
4.60746
4.93006
4.92101
5.04304
5.18799
4.7965
5.26779
5.00508
4.98513
3.70844
4.69761
4.01264
3.77131
4.84325
4.94011
4.68322
4.91154
4.94995
5.0069
4.92725
4.80202
4.44619
5.00937
5.21526
4.86284
3.93777
4.48279
5.02095
4.63606
3.9416
5.03962
5.61093
4.77081
4.94019
5.12519
4.72068
4.86506
5.04421
4.79736
4.93512
5.18329
4.53449
4.86253
5.03825
4.86584
4.1217
4.494
5.12103
4.15799
3.09507
4.0896
4.32651
4.87878
4.59761
4.06194
4.42301
3.75175
4.4147
4.69588
5.10703
4.10004
5.03892
4.76988
4.76321
4.32172
4.25795
4.77239
4.69292
4.26988
4.69237
5.01803
4.68193
4.7813
4.82863
4.4286
4.36013
5.1823
4.83042
4.66845
4.95733
4.87109
4.43395
4.85
4.75697
5.26225
4.96613
4.93976
4.1069
4.82204
4.29448
5.06191
5.22464
4.93033
4.62595
4.21682
4.83957
4.76065
5.16237
4.8823
4.36149
5.0952
4.89735
4.58602
5.22205
5.23027
4.1311
4.10868
5.00572
3.61657
4.76013
4.80076
4.79928
4.15903
4.78938
3.94148
4.05527
4.6929
3.96589
4.55778
4.8266
4.43053
4.3981
4.91968
4.25794
4.67664
4.29393
4.51521
4.82016
4.42691
4.4379
4.59579
4.83597
4.72596
4.5362
4.90674
4.95235
3.57845
4.59528
4.30468
5.02758
4.96433
4.68667
3.98462
4.32215
4.9561
4.90619
4.72593
4.09546
3.3769
3.97408
4.55156
4.92811
4.42333
4.70289
4.53745
3.19609
3.86695
4.2898
4.81088
5.49062
4.80744
4.93218
4.86408
4.64067
4.65184
5.07569
5.01863
4.98036
4.72579
4.85876
4.35218
4.74563
5.17052
4.43219
4.53674
5.14769
4.78748
4.04978
4.13492
5.22109
4.87005
4.69253
4.91255
4.90662
4.80918
4.32336
4.28331
4.89223
4.87886
4.49624
4.4199
4.98523
4.57036
5.13689
4.96678
4.85075
4.59691
