0.21833
0.22172
0.21492
0.35895
0.3303
0.33539
0.35337
0.28306
0.2002
0.26061
0.35899
0.33428
0.23089
0.29194
0.29069
0.23809
0.22443
0.19297
0.30219
0.32998
0.32825
0.28005
0.28333
0.26827
0.26611
0.26027
0.25359
0.20907
0.23176
0.19279
0.22978
0.19628
0.20626
0.21939
0.2173
0.23367
0.259
0.24213
0.26642
0.2669
0.26506
0.25784
0.2534
0.26396
0.25079
0.29027
0.21983
0.25126
0.24126
0.23396
0.24553
0.29356
0.23298
0.24148
0.21425
0.22678
0.29143
0.20347
0.23084
0.22803
0.19549
0.2648
0.19418
0.21266
0.16964
0.20707
0.22176
0.19654
0.20023
0.17588
0.19858
0.23894
0.19998
0.18312
0.16446
0.17881
0.18059
0.17259
0.17178
0.17565
0.1891
0.15187
0.17075
0.21271
0.14986
0.17817
0.14171
0.17355
0.17113
0.14943
0.14426
0.16063
0.1431
0.14588
0.15057
0.22049
0.16652
0.1647
0.14957
0.13377
0.13627
0.1793
0.14801
0.15897
0.14669
0.12511
0.16048
0.20621
0.17044
0.13753
0.12155
0.14921
0.14351
0.13717
0.1287
0.17343
0.14937
0.14694
0.11858
0.13937
0.13297
0.13578
0.12348
0.13799
0.1103
0.1213
0.15399
0.2017
0.14435
0.11168
0.13107
0.12548
0.15218
0.16164
0.12806
0.1287
0.12407
0.12801
0.13632
0.12216
0.12824
0.12419
0.12155
0.13402
0.13834
0.13196
0.13616
0.11522
0.12225
0.18255
0.13127
0.09847
0.1168
0.13958
0.1396
0.12098
0.10515
0.1647
0.1258
0.11165
0.09932
0.12767
0.12771
0.12881
0.10479
0.12497
0.11735
0.10189
0.1168
0.16721
0.15727
0.11908
0.11256
0.12257
0.11492
0.13477
0.11631
0.11094
0.11045
0.11678
0.11543
0.09664
0.1275
0.15113
0.10093
0.11157
0.13027
0.10499
0.10098
0.09751
0.11338
0.10473
0.10401
0.10761
0.09743
0.10831
0.16243
0.19681
0.13764
0.12343
0.11841
0.11631
0.10078
0.09071
0.09784
0.1175
0.10103
0.09378
0.13208
0.10429
0.14545
0.11343
0.10659
0.08201
0.11404
0.11261
0.13747
0.15254
0.09823
0.09972
0.08195
0.085
0.09468
0.11129
0.12393
0.14373
0.1203
0.08778
0.08228
0.10563
0.08602
0.07371
0.0847
0.11697
0.12917
0.11224
0.1106
0.10453
0.0892
0.09953
0.07795
0.07593
0.09192
0.08476
0.06608
0.06747
0.18304
0.10403
0.09038
0.07775
0.07885
0.0837
0.08686
0.06662
0.05775
0.14199
0.10493
0.07515
0.0749
0.06313
0.14748
0.09776
0.08135
0.08358
0.10261
0.06851
0.08133
0.08361
0.11878
0.11036
0.11288
0.08061
0.07091
0.07704
0.08402
0.09615
0.08044
0.08979
0.07773
0.09009
0.11823
0.08296
0.0867
0.06476
0.09341
0.09799
0.08269
0.076
0.06799
0.07049
0.06646
0.12672
0.11612
0.10739
0.08836
0.08119
0.08962
0.10223
0.07565
0.10376
0.16547
0.09737
0.08826
0.09522
0.07804
0.09202
0.10453
0.10693
0.09764
0.06741
0.07121
0.06807
0.08251
0.12132
0.08605
0.09331
0.08412
0.115
0.08442
0.10135
0.09189
0.05495
0.10665
0.07801
0.08681
0.08661
0.06699
0.06314
0.06962
0.06702
0.07628
0.07696
0.07364
0.05328
0.08551
0.09537
0.10213
0.11503
0.09737
0.06844
0.10518
0.08239
0.07444
0.09161
0.11709
0.07977
0.06788
0.0689
0.06687
0.07457
0.11147
0.26604
0.13528
0.09737
0.09041
0.09934
0.08447
0.09618
0.10929
0.11993
0.09639
0.08927
0.07709
0.09725
0.07372
0.08186
0.07588
0.17481
0.11037
0.11203
0.08417
0.10258
0.16422
0.1011
0.08871
0.10506
0.12164
0.10793
0.12042
0.08065
0.09077
0.08563
0.11511
0.11915
0.14761
0.11945
0.10384
0.09614
0.1232
0.09463
0.14684
0.13756
0.13186
0.09353
0.1051
0.11102
0.1051
0.18836
0.10248
0.12012
0.11104
0.08571
0.09558
0.13147
0.10395
0.09535
0.09341
0.1328
0.09266
0.09413
0.10521
0.09988
0.14492
0.08195
0.10705
0.09231
0.09771
0.09149
0.20477
0.11956
0.08837
0.07921
0.17228
0.10474
0.10439
0.10914
0.10255
0.09102
0.09222
0.09761
0.10053
0.08691
0.0863
0.14942
0.11076
0.08619
0.08649
0.13349
0.07346
0.15353
0.09945
0.0856
0.10386
0.08991
0.08939
0.13309
0.10655
0.13966
0.11529
0.08192
0.16101
0.09297
0.08805
0.10416
0.08843
0.12701
0.10799
0.08032
0.07807
0.12998
0.07857
0.10122
0.07912
0.06703
0.26467
0.13978
0.11248
0.09857
0.11535
0.07687
0.12086
0.08217
0.08792
0.15806
0.13856
0.10807
0.10339
0.07852
0.16045
0.10155
0.0876
0.0816
0.08612
0.08496
0.08424
0.07882
0.26748
0.10016
0.09204
0.08073
0.09676
0.08733
0.09325
0.07559
0.07219
0.18112
0.09662
0.10091
0.06778
0.11139
0.06716
0.07058
0.11494
0.26589
0.11865
0.11521
0.09105
0.11133
0.08383
0.08573
0.15869
0.08881
0.08229
0.07871
0.19152
0.09116
0.06911
0.1006
0.08473
0.08245
0.07236
0.14186
0.09531
0.08102
0.09623
0.07558
0.14583
0.09212
0.07806
0.08099
0.07461
0.26263
0.10985
0.0962
0.11151
0.09231
0.07798
0.10607
0.06694
0.146
0.07876
0.08383
0.10848
0.09478
0.08391
0.14246
0.07289
0.0672
0.24193
0.14329
0.07356
0.08887
0.09002
0.09457
0.0958
0.15866
0.08059
0.06923
0.1293
0.06983
0.11138
0.06734
0.1777
0.15956
0.07414
0.07615
0.13516
0.13485
0.08254
0.10543
0.08322
0.08189
0.09841
0.21469
0.17561
0.09589
0.09597
0.0999
0.0873
0.16491
0.11105
0.07102
0.07527
0.11919
0.06907
0.15538
0.07635
0.07491
0.15535
0.09774
0.07253
0.21266
0.11636
0.09046
0.10698
0.08167
0.09088
0.12986
0.09715
0.07646
0.09316
0.08256
0.12138
0.07019
0.13506
0.14403
0.06361
0.11326
0.12823
0.11565
0.06982
0.13141
0.08134
0.09221
0.05743
0.12409
0.06129
0.20007
0.07726
0.05651
0.16213
0.12533
0.18062
0.14173
0.07049
0.14426
0.06955
0.0793
0.1068
0.06962
0.18308
0.0749
0.11418
0.06207
0.07506
0.10676
0.20864
0.10114
0.0749
0.0773
0.1231
0.06224
0.14456
0.07328
0.07391
0.06101
0.12085
0.13438
0.07002
0.15408
0.05865
0.18379
0.09274
0.05698
0.14013
0.12093
0.06984
0.09924
0.06213
0.06387
0.13938
0.10287
0.06278
0.20572
0.15838
0.07016
0.08115
0.05823
0.10741
0.08544
0.13368
0.06611
0.0746
0.05948
0.12648
0.06988
0.06343
0.05358
0.15935
0.17275
0.13305
0.07061
0.07395
0.13614
0.06576
0.10842
0.05606
0.13482
0.10432
0.05568
0.12408
0.1609
0.05523
0.09676
0.14394
0.06454
0.10936
0.05496
0.14276
0.06577
0.05787
0.15004
0.06388
0.15862
0.05844
0.04905
0.15483
0.07067
0.05979
0.19312
0.12181
0.06335
0.07669
0.19577
0.12056
0.0698
0.22641
0.08386
0.06243
0.13972
0.06311
0.16939
0.06105
0.06028
0.07788
0.13351
0.08967
0.06629
0.11514
0.11694
0.05655
0.10843
0.12109
0.05668
0.05667
0.21067
0.08466
0.10578
0.05809
0.07856
0.09152
0.0934
0.05118
0.0826
0.06805
0.09626
0.12867
0.05336
0.05049
0.13515
0.07669
0.05162
0.16425
0.0553
0.08435
0.14598
0.06245
0.05152
0.11046
0.04641
0.1013
0.05093
0.11862
0.08325
0.05637
0.04847
0.15457
0.05172
0.05386
0.11582
0.11944
0.1382
0.05183
0.05346
0.17118
0.05267
0.04878
0.1402
0.21251
0.13551
0.07256
0.09714
0.0501
0.20096
0.06751
0.0507
0.13573
0.05562
0.05559
0.11281
0.06887
0.04728
0.17535
0.0545
0.14983
0.08461
0.10225
0.04707
0.063
0.05765
0.06484
0.18074
0.05223
0.06506
0.12392
0.05927
0.04625
0.14212
0.04969
0.10628
0.09764
0.0539
0.16792
0.10607
0.06921
0.04807
0.06303
0.21404
0.05615
0.05184
0.13703
0.04547
0.04826
0.17313
0.06282
0.13078
0.12961
0.08538
0.04328
0.07699
0.14637
0.06078
0.04418
0.14921
0.05697
0.10559
0.0482
0.14244
0.0769
0.0526
0.04204
0.12388
0.04842
0.03928
0.12506
0.057
0.15069
0.13008
0.21079
0.13011
0.09284
0.05814
0.12294
0.05861
0.04287
0.12293
0.10126
0.05372
0.17215
0.0957
0.04697
0.05164
0.09181
0.06193
0.04566
0.05324
0.17019
0.1026
0.06388
0.12576
0.05441
0.13394
0.0774
0.04892
0.06414
0.04156
0.13136
0.05834
0.04019
0.14477
0.06499
0.15968
0.06063
0.04213
0.05213
0.04184
0.04238
0.11068
0.07418
0.11623
0.05378
0.03977
0.03634
0.05468
0.11793
0.07299
0.12378
0.0416
0.03939
0.04234
0.09957
0.03677
0.12061
0.06354
0.04248
0.03452
0.15648
0.13347
0.04291
0.10956
0.04504
0.15427
0.08664
0.04095
0.1232
0.05442
0.03916
0.18166
0.05993
0.04562
0.04183
0.10816
0.04499
0.14667
0.09302
0.06135
0.07574
0.11111
0.04069
0.17308
0.09028
0.04926
0.22726
0.14994
0.06943
0.04035
0.15737
0.05017
0.15252
0.1048
0.04928
0.11943
0.08414
0.05259
0.03811
0.04265
0.04151
0.12523
0.04428
0.03969
0.1844
0.04908
0.04507
0.05947
0.13102
0.0454
0.04031
0.12233
0.0607
0.03993
0.16984
0.08553
0.03878
0.0659
0.03894
0.11017
0.06333
0.03803
0.03225
0.13963
0.09828
0.18178
0.06643
0.09151
0.04538
0.06897
0.13837
0.047
0.0405
0.12593
0.03967
0.07249
0.13343
0.12731
0.06709
0.03911
0.14374
0.0874
0.04587
0.23069
0.13534
0.0796
0.05931
0.03847
0.13327
0.07659
0.05243
0.03936
0.09056
0.08764
0.0621
0.03482
0.13355
0.04888
0.03793
0.12581
0.07876
0.04071
0.12898
0.12165
0.04799
0.04978
0.03832
0.11337
0.07573
0.0354
0.03381
0.04736
0.16874
0.0534
0.03258
0.14831
0.04781
0.04592
0.03398
0.15967
0.06877
0.03085
0.13211
0.0408
0.03415
0.11071
0.06262
0.11516
0.07701
0.04571
0.19509
0.08091
0.04285
0.04155
0.03659
0.10691
0.08068
0.03424
0.13681
0.10696
0.03426
0.10584
0.03704
0.03817
0.13116
0.04993
0.11452
0.0367
0.1271
0.04692
0.03089
0.17998
0.10081
0.05597
0.16994
0.07084
0.03911
0.11887
0.04166
0.0356
0.12528
0.04581
0.04106
0.06056
0.30277
0.14185
0.11529
0.04889
0.05794
0.09594
0.06874
0.03609
0.04285
0.06739
0.03659
0.13595
0.06201
0.04276
0.03788
0.10752
0.04388
0.03017
0.14024
0.11816
0.06789
0.04981
0.23651
0.08987
0.0411
0.04972
0.08631
0.11104
0.04156
0.06542
0.03619
0.03683
0.07494
0.03807
0.18222
0.07533
0.11881
0.06172
0.03284
0.03446
0.17762
0.1033
0.10417
0.05654
0.11111
0.06557
0.03362
0.18721
0.13468
0.1121
0.09996
0.08916
0.04408
0.13453
0.05345
0.03438
0.04108
0.05437
0.03329
0.13796
0.05285
0.03603
0.14105
0.14997
0.08359
0.05124
0.1044
0.09688
0.05013
0.03834
0.13995
0.05598
0.0394
0.10739
0.03236
0.09704
0.08171
0.03647
0.03204
0.15015
0.07653
0.04092
0.03821
0.02868
0.12592
0.07438
0.09459
0.21476
0.08493
0.04342
0.07963
0.0415
0.0404
0.11357
0.0449
0.03399
0.09428
0.0308
0.03544
0.06171
0.0909
0.03029
0.03251
0.17422
0.0617
0.1003
0.07866
0.03553
0.12229
0.05896
0.05999
0.05974
0.03381
0.15897
0.04549
0.03463
0.05454
0.1128
0.04095
0.0493
0.07211
0.03999
0.02866
0.07115
0.09911
0.03569
0.13217
0.10037
0.09949
0.05699
0.11932
0.03458
0.08413
0.12413
0.0482
0.27102
0.09144
0.05049
0.11017
0.06439
0.096
0.04749
0.08845
0.05561
0.04079
0.03342
0.11343
0.04263
0.03343
0.18135
0.10105
0.05469
0.03557
0.21193
0.13573
0.07124
0.08727
0.06614
0.03806
0.0481
0.12357
0.06463
0.04072
0.10153
0.14421
0.06744
0.03718
0.04614
0.03345
0.03731
0.03786
0.05003
0.0463
0.03138
0.04347
0.15756
0.04053
0.0564
0.11631
0.04779
0.12566
0.06248
0.06853
0.04874
0.03551
0.09735
0.03203
0.03319
0.03207
0.14064
0.07368
0.03852
0.03155
0.11271
0.09097
0.05438
0.18296
0.07349
0.05597
0.03764
0.12854
0.07336
0.03746
0.0404
0.03272
0.04271
0.07155
0.10044
0.06016
0.03148
0.03346
0.09439
0.02798
0.05238
0.04427
0.10082
0.04035
0.02863
0.02532
0.1505
0.0605
0.11645
0.09187
0.04878
0.11134
0.07447
0.03871
0.03177
0.03281
0.03322
0.03129
0.03545
0.02955
0.22718
0.11059
0.05673
0.03244
0.11687
0.06621
0.06499
0.02901
0.02826
0.03284
0.0302
0.12145
0.123
0.06205
0.05608
0.10224
0.04232
0.03291
0.12756
0.03645
0.11797
0.07383
0.04415
0.02778
0.11144
0.03214
0.03096
0.03533
0.11496
0.05805
0.03799
0.0895
0.08254
0.03494
0.03878
0.14443
0.04637
0.04455
0.0248
0.02603
0.11833
0.03561
0.027
0.02692
0.1865
0.10386
0.1088
0.07702
0.03954
0.03889
0.09832
0.03454
0.11685
0.08998
0.08233
0.03729
0.03551
0.02682
0.14415
0.05912
0.18351
0.08334
0.14024
0.0627
0.03722
0.03457
0.16226
0.08668
0.07271
0.04444
0.03291
0.18902
0.09395
0.09118
0.04593
0.03542
0.16871
0.07104
0.05269
0.13015
0.06035
0.04676
0.04059
0.09859
0.04363
0.03514
0.03216
0.1139
0.03658
0.05969
0.02884
0.06824
0.10797
0.04273
0.0303
0.03106
0.10416
0.04183
0.02966
0.15945
0.06817
0.07783
0.03764
0.05244
0.05834
0.08718
0.03905
0.02871
0.07199
0.13104
0.04726
0.2286
0.0954
0.05299
0.03404
0.08992
0.03512
0.03886
0.07497
0.03177
0.02792
0.11064
0.04501
0.04207
0.02957
0.15536
0.04788
0.02954
0.12403
0.08154
0.05306
0.06161
0.09259
0.03648
0.03248
0.13744
0.04695
0.02875
0.09057
0.03593
0.0271
0.13412
0.05044
0.03074
0.0269
0.16158
0.06733
0.03282
0.3154
0.19283
0.10605
0.13911
0.08755
0.04309
0.10762
0.10639
0.07864
0.04522
0.06605
0.10573
0.11298
0.04277
0.03559
0.04135
0.12301
0.05096
0.03466
0.11115
0.06258
0.03562
0.06689
0.03577
0.0371
0.03125
0.17768
0.06289
0.03394
0.03467
0.09474
0.03224
0.02988
0.09818
0.03809
0.1107
0.03303
0.02933
0.08588
0.07153
0.03961
0.17077
0.04055
0.03625
0.0328
0.0339
0.11898
0.03482
0.08952
0.02913
0.0896
0.06336
0.02892
0.03213
0.10978
0.03259
0.02426
0.13568
0.07037
0.15725
0.16213
0.09472
0.0426
0.03748
0.11776
0.05245
0.2125
0.08628
0.12561
0.11572
0.04776
0.16379
0.13391
0.06934
0.07512
0.0555
0.04219
0.14273
0.04775
0.03859
0.09663
0.05276
0.04366
0.03238
0.03148
0.0538
0.0411
0.07735
0.15381
0.08873
0.06188
0.04083
0.02982
0.03
0.16106
0.06311
0.04015
0.02797
0.03122
0.18548
0.1054
0.06056
0.04648
0.1299
0.06379
0.04412
0.17916
0.13757
0.08248
0.05156
0.0406
0.1638
0.0567
0.0452
0.0379
0.12651
0.04047
0.07433
0.03658
0.08159
0.03677
0.02937
0.10477
0.03937
0.02831
0.1003
0.0429
0.03628
0.02619
0.13479
0.04843
0.05475
0.03287
0.15214
0.04332
0.02902
0.0339
0.11481
0.05033
0.03637
0.02496
0.11928
0.05613
0.03366
0.12199
0.0329
0.02796
0.10565
0.04874
