0.9071
0.83941
0.78932
0.62216
0.63546
0.62651
0.65777
0.70076
0.77846
0.72953
0.63631
0.65073
0.74529
0.69962
0.69987
0.75695
0.75488
0.80143
0.70317
0.68877
0.69566
0.6977
0.70779
0.72993
0.71713
0.72719
0.76735
0.78009
0.77199
0.77312
0.7898
0.79223
0.78106
0.78433
0.77423
0.7706
0.72612
0.75024
0.73348
0.73507
0.72984
0.72271
0.74902
0.71958
0.75813
0.70257
0.76264
0.76532
0.74302
0.76919
0.73175
0.71057
0.77058
0.74653
0.7856
0.75854
0.7237
0.77674
0.76032
0.7713
0.80228
0.73839
0.78907
0.79208
0.82234
0.77754
0.79214
0.79301
0.80152
0.81961
0.79355
0.76081
0.78276
0.82604
0.83397
0.81095
0.81886
0.82473
0.82201
0.82412
0.80516
0.8287
0.85045
0.78072
0.84329
0.81965
0.85942
0.81223
0.82492
0.85108
0.85737
0.83674
0.84227
0.85349
0.84574
0.78426
0.84123
0.81392
0.8536
0.86066
0.86164
0.81115
0.85019
0.8337
0.85419
0.87674
0.83328
0.81074
0.8233
0.86001
0.8689
0.84215
0.86896
0.84974
0.86983
0.82344
0.84486
0.84918
0.8825
0.85669
0.86449
0.8562
0.87951
0.86393
0.87609
0.87313
0.83221
0.80579
0.86867
0.88808
0.85934
0.86184
0.84564
0.84981
0.87607
0.8558
0.87781
0.85901
0.87795
0.86987
0.86188
0.87585
0.88027
0.85983
0.88351
0.83802
0.85445
0.90411
0.85951
0.81716
0.87407
0.89654
0.88347
0.85686
0.84898
0.88645
0.89005
0.83727
0.87077
0.89052
0.89047
0.88724
0.872
0.86383
0.88282
0.86334
0.88656
0.90489
0.87754
0.83748
0.84473
0.87638
0.88703
0.87638
0.88442
0.84915
0.89129
0.873
0.89562
0.88093
0.8866
0.90341
0.86096
0.85518
0.89702
0.88195
0.87436
0.89598
0.88953
0.902
0.88828
0.89394
0.89694
0.88259
0.90227
0.88002
0.83807
0.82039
0.86368
0.86951
0.88154
0.88395
0.89698
0.90862
0.90106
0.87398
0.8997
0.89674
0.86759
0.89771
0.84304
0.89799
0.89956
0.9159
0.87086
0.88036
0.8669
0.8703
0.87949
0.90063
0.91812
0.91086
0.89728
0.89144
0.87331
0.87015
0.87394
0.90618
0.91809
0.8858
0.9119
0.92166
0.92178
0.87611
0.89349
0.84326
0.91434
0.89465
0.90156
0.90549
0.91546
0.92161
0.90622
0.91444
0.93594
0.92441
0.81984
0.89865
0.90502
0.9265
0.91575
0.91954
0.90512
0.93508
0.94267
0.86205
0.8935
0.9221
0.92368
0.93637
0.84214
0.90845
0.92096
0.91017
0.89709
0.92951
0.91716
0.9038
0.89204
0.88063
0.89183
0.91905
0.93089
0.92242
0.91418
0.90527
0.92141
0.8939
0.92927
0.90525
0.88505
0.91822
0.91477
0.93088
0.88267
0.92618
0.91107
0.92346
0.93304
0.92847
0.92722
0.88604
0.87554
0.89883
0.90717
0.91377
0.92363
0.88332
0.9187
0.89021
0.85593
0.9019
0.90822
0.90453
0.91956
0.92423
0.87002
0.89855
0.89425
0.93771
0.92699
0.92822
0.91731
0.86997
0.91636
0.9102
0.91182
0.87543
0.92478
0.8901
0.91302
0.94367
0.89401
0.91234
0.91238
0.92694
0.92155
0.93542
0.92871
0.93217
0.92284
0.91877
0.93316
0.93782
0.89829
0.92277
0.8955
0.89005
0.90138
0.93172
0.89285
0.91691
0.92212
0.90608
0.87659
0.9326
0.9261
0.93057
0.93006
0.92201
0.88898
0.75521
0.86634
0.90112
0.90294
0.91102
0.90826
0.89032
0.88798
0.89019
0.89964
0.90887
0.91961
0.91329
0.91149
0.91595
0.92945
0.82699
0.89652
0.87416
0.91307
0.90476
0.84295
0.90123
0.91109
0.8844
0.88144
0.88351
0.89996
0.90606
0.90522
0.90962
0.87706
0.88501
0.85169
0.88643
0.89385
0.90288
0.87977
0.91032
0.82363
0.87457
0.86159
0.92153
0.89235
0.88921
0.91178
0.80307
0.89965
0.88182
0.88911
0.91005
0.90849
0.85954
0.89602
0.89955
0.90652
0.87383
0.89822
0.88948
0.91145
0.91044
0.83572
0.9202
0.89843
0.90675
0.89946
0.90932
0.80385
0.87342
0.91714
0.91851
0.83455
0.89845
0.88629
0.88937
0.8959
0.91186
0.91094
0.90248
0.87796
0.924
0.91318
0.83433
0.90713
0.91205
0.91548
0.8672
0.90541
0.86873
0.90161
0.91506
0.89359
0.90556
0.9111
0.86415
0.87955
0.87653
0.88262
0.91104
0.84725
0.9084
0.91946
0.88833
0.90357
0.8792
0.88545
0.92368
0.92157
0.86927
0.9209
0.90571
0.91593
0.92906
0.73868
0.86904
0.88574
0.90313
0.87346
0.92905
0.89299
0.90109
0.91231
0.8622
0.85148
0.88181
0.90219
0.91577
0.84252
0.90023
0.91189
0.91919
0.90631
0.91939
0.9155
0.92515
0.72816
0.90239
0.91196
0.91542
0.90145
0.91268
0.90258
0.92524
0.92638
0.82602
0.89852
0.89752
0.93311
0.89142
0.9303
0.92662
0.85605
0.77133
0.88826
0.87716
0.91363
0.88588
0.91292
0.917
0.83998
0.91398
0.91666
0.90935
0.81789
0.90713
0.93557
0.89553
0.92386
0.90691
0.93062
0.86174
0.89527
0.92611
0.89328
0.92766
0.85183
0.91081
0.92147
0.90739
0.94024
0.73792
0.89327
0.90217
0.87067
0.92308
0.92261
0.89164
0.93497
0.84929
0.9211
0.91815
0.90167
0.8934
0.91607
0.85639
0.92628
0.92255
0.77341
0.85305
0.92694
0.92681
0.89917
0.89841
0.90347
0.84179
0.92578
0.92514
0.87428
0.92752
0.89177
0.92886
0.81867
0.83729
0.93073
0.92112
0.871
0.8608
0.91875
0.88849
0.92193
0.91991
0.89698
0.79514
0.82048
0.90903
0.91269
0.88946
0.90854
0.83625
0.88375
0.93776
0.91952
0.87942
0.93306
0.83967
0.92724
0.9236
0.82948
0.91679
0.92849
0.77926
0.8952
0.90744
0.89187
0.92988
0.89699
0.86177
0.91174
0.92566
0.90742
0.89236
0.90319
0.91385
0.87139
0.85895
0.94041
0.89278
0.86247
0.88213
0.93381
0.86847
0.91913
0.90783
0.94284
0.87206
0.94147
0.79546
0.92619
0.94358
0.8367
0.87102
0.8244
0.86111
0.91445
0.8643
0.93449
0.91167
0.9024
0.93031
0.81207
0.93313
0.88751
0.93026
0.92626
0.89448
0.78929
0.90256
0.93175
0.91665
0.87391
0.93634
0.86037
0.92683
0.92344
0.93236
0.88484
0.86482
0.92872
0.85046
0.94583
0.79828
0.91708
0.94437
0.87015
0.86518
0.93543
0.89777
0.93592
0.93809
0.86194
0.88919
0.94523
0.79398
0.84271
0.92884
0.91857
0.94504
0.87488
0.92606
0.86709
0.93422
0.93196
0.93208
0.86435
0.93745
0.93694
0.95032
0.83789
0.81481
0.87962
0.93421
0.92824
0.85564
0.93834
0.89
0.94748
0.86364
0.89636
0.94369
0.87348
0.84504
0.94652
0.86894
0.87829
0.94583
0.88386
0.94574
0.86107
0.93193
0.93985
0.853
0.93748
0.83886
0.9434
0.95323
0.84016
0.93122
0.93486
0.80801
0.87571
0.94063
0.90271
0.82378
0.8844
0.93174
0.765
0.92138
0.93819
0.85987
0.93842
0.82826
0.94255
0.93986
0.92382
0.87416
0.90226
0.93891
0.88193
0.87942
0.94759
0.88014
0.88255
0.941
0.94874
0.78375
0.922
0.89352
0.94439
0.91816
0.88911
0.92697
0.9483
0.91434
0.93022
0.92072
0.85685
0.94532
0.95087
0.86325
0.92311
0.95059
0.82912
0.95234
0.8908
0.87045
0.94377
0.95102
0.88343
0.95426
0.89389
0.95208
0.87564
0.92545
0.95082
0.94503
0.84554
0.94936
0.94905
0.88418
0.87719
0.86024
0.95121
0.94685
0.82384
0.94861
0.9528
0.85357
0.78684
0.88109
0.9231
0.89845
0.95293
0.79668
0.93491
0.94808
0.86316
0.94788
0.94708
0.87155
0.94492
0.95005
0.82095
0.95038
0.84046
0.92438
0.89542
0.95296
0.94306
0.93326
0.94553
0.80824
0.94973
0.93492
0.88504
0.92892
0.95129
0.86496
0.95324
0.86525
0.92772
0.95159
0.81843
0.90177
0.93021
0.95099
0.91576
0.80607
0.9482
0.93627
0.86965
0.95581
0.95519
0.82107
0.94097
0.86836
0.8642
0.92388
0.9605
0.89747
0.86975
0.94312
0.95769
0.84713
0.94869
0.89017
0.95889
0.84731
0.93025
0.94187
0.96121
0.87261
0.95728
0.95855
0.86741
0.9505
0.84622
0.84214
0.81223
0.86254
0.9244
0.94415
0.87022
0.94652
0.96006
0.8729
0.89534
0.94647
0.82505
0.91337
0.95337
0.94721
0.92111
0.92035
0.96091
0.94567
0.82141
0.90193
0.93917
0.86839
0.9512
0.855
0.93064
0.95423
0.93292
0.96197
0.86181
0.9397
0.9656
0.84992
0.942
0.83632
0.94292
0.96206
0.95474
0.94823
0.95835
0.89161
0.92106
0.87453
0.95386
0.96307
0.9614
0.94183
0.88199
0.90698
0.89938
0.95939
0.95779
0.9577
0.90113
0.96422
0.87121
0.94175
0.95998
0.96426
0.83384
0.87518
0.95941
0.88756
0.96187
0.8384
0.91245
0.96564
0.86904
0.9475
0.9626
0.81148
0.94252
0.95685
0.95625
0.88982
0.9354
0.87938
0.90099
0.94944
0.91534
0.88976
0.96429
0.81623
0.91871
0.95609
0.7738
0.83761
0.93783
0.95725
0.84249
0.95321
0.83999
0.89604
0.96024
0.86405
0.93396
0.94724
0.95972
0.95785
0.95832
0.86811
0.95941
0.96211
0.81098
0.95181
0.95629
0.91682
0.89067
0.96051
0.96151
0.86705
0.94932
0.96042
0.82331
0.9219
0.95951
0.93302
0.96069
0.88045
0.94417
0.96441
0.96625
0.84831
0.9138
0.81502
0.94071
0.90606
0.95884
0.90612
0.87895
0.95759
0.96115
0.86996
0.96572
0.91577
0.87082
0.87116
0.94052
0.96385
0.84543
0.92165
0.95741
0.75599
0.87139
0.93273
0.93053
0.96222
0.86114
0.924
0.95033
0.95981
0.90591
0.91163
0.94217
0.9658
0.86094
0.95582
0.96028
0.86504
0.92685
0.96221
0.84751
0.8957
0.96156
0.9439
0.96314
0.87982
0.93448
0.96679
0.96408
0.94033
0.83863
0.94979
0.96886
0.84849
0.95962
0.95317
0.9655
0.83211
0.93824
0.96462
0.87025
0.96525
0.96594
0.87811
0.93637
0.88451
0.93184
0.96079
0.79086
0.92552
0.95766
0.95619
0.967
0.87601
0.93691
0.96787
0.85766
0.88994
0.97056
0.8907
0.9667
0.96139
0.86811
0.9564
0.8823
0.96497
0.86778
0.95385
0.97072
0.81055
0.90768
0.94846
0.82169
0.93593
0.96412
0.87428
0.96313
0.96534
0.86531
0.95709
0.96167
0.91419
0.71409
0.86709
0.88488
0.9531
0.94014
0.90585
0.93158
0.96272
0.961
0.92956
0.96352
0.86422
0.93814
0.95923
0.96243
0.89057
0.95646
0.96823
0.84309
0.89286
0.92422
0.95959
0.75216
0.92018
0.96363
0.95064
0.89295
0.90664
0.96175
0.93299
0.96397
0.96305
0.92586
0.96631
0.80634
0.92775
0.87497
0.94631
0.97033
0.9661
0.8085
0.91038
0.88186
0.95742
0.87905
0.94386
0.96701
0.80626
0.8571
0.8997
0.89563
0.92454
0.95555
0.8607
0.95352
0.96363
0.9561
0.94463
0.96308
0.86298
0.94616
0.96805
0.83264
0.86693
0.9228
0.95
0.89195
0.90363
0.95915
0.95843
0.85389
0.95025
0.9638
0.88517
0.97014
0.89568
0.9279
0.96609
0.96942
0.83542
0.92912
0.96206
0.96542
0.97024
0.8657
0.92606
0.87416
0.81537
0.91918
0.95576
0.92337
0.96282
0.95983
0.87751
0.96081
0.96655
0.9067
0.96861
0.96187
0.95616
0.88967
0.97248
0.96658
0.81667
0.94911
0.8865
0.93012
0.96556
0.87164
0.95025
0.92089
0.95827
0.96868
0.83527
0.9599
0.96497
0.91686
0.90925
0.96836
0.94779
0.91731
0.96883
0.97003
0.90614
0.92423
0.95687
0.86664
0.8989
0.90512
0.9403
0.87967
0.96919
0.90851
0.88347
0.94113
0.7281
0.9111
0.9534
0.88648
0.94434
0.90484
0.9556
0.90376
0.95059
0.96583
0.96222
0.87575
0.96469
0.96664
0.80822
0.90286
0.9459
0.96871
0.77742
0.87182
0.9269
0.9357
0.91842
0.9623
0.95514
0.86345
0.94347
0.96174
0.89753
0.85001
0.93953
0.96523
0.95106
0.96761
0.96097
0.96223
0.95002
0.95581
0.96572
0.95348
0.83445
0.96543
0.95962
0.87002
0.95539
0.85916
0.95077
0.9269
0.95621
0.96673
0.89783
0.96984
0.96641
0.96973
0.84727
0.93506
0.96065
0.97143
0.8703
0.92035
0.95008
0.81106
0.92709
0.94611
0.96196
0.87117
0.92957
0.96821
0.96286
0.9614
0.95798
0.91761
0.90517
0.94406
0.96792
0.96426
0.90241
0.97273
0.95774
0.94715
0.89338
0.96236
0.97447
0.97307
0.83993
0.94819
0.8735
0.91806
0.95619
0.87355
0.93835
0.96676
0.96679
0.96656
0.96469
0.97059
0.96288
0.97034
0.75843
0.89925
0.94359
0.96926
0.87514
0.93894
0.93492
0.97326
0.97103
0.96711
0.97087
0.85351
0.89343
0.94569
0.92612
0.9124
0.96047
0.96541
0.86981
0.9686
0.86949
0.93372
0.96104
0.96911
0.88717
0.97185
0.96582
0.96866
0.87711
0.94936
0.96584
0.89346
0.92945
0.96765
0.96991
0.84041
0.9622
0.9548
0.97424
0.97618
0.87197
0.96731
0.97641
0.97382
0.80633
0.89991
0.89138
0.91824
0.96631
0.94487
0.91804
0.97075
0.87142
0.92114
0.90965
0.96656
0.96892
0.97086
0.84838
0.93985
0.8215
0.90999
0.87074
0.94299
0.9623
0.96883
0.82526
0.91389
0.92973
0.95769
0.96692
0.79989
0.90265
0.91544
0.95563
0.96701
0.82885
0.93547
0.95026
0.85671
0.94342
0.95976
0.95804
0.89683
0.95798
0.96877
0.96726
0.87938
0.96384
0.94954
0.96735
0.92511
0.89646
0.96013
0.97163
0.96891
0.8838
0.96364
0.97064
0.83102
0.94193
0.91786
0.96825
0.93066
0.95685
0.90538
0.96875
0.97111
0.94212
0.85364
0.95957
0.75359
0.91507
0.95111
0.96616
0.89981
0.96892
0.96302
0.92262
0.97075
0.97192
0.88333
0.94837
0.971
0.96705
0.84584
0.96007
0.97101
0.85911
0.92734
0.93199
0.95471
0.90423
0.96721
0.97001
0.85315
0.95539
0.9734
0.90948
0.96567
0.97339
0.86002
0.95273
0.9688
0.9669
0.83707
0.9376
0.96745
0.68456
0.79653
0.90296
0.8639
0.91447
0.9573
0.89548
0.88779
0.92919
0.94569
0.94323
0.90379
0.86657
0.96422
0.9631
0.96131
0.87372
0.95251
0.96669
0.87783
0.94183
0.96737
0.93206
0.96677
0.96479
0.9652
0.81038
0.94684
0.96814
0.96733
0.90092
0.97147
0.97132
0.89702
0.96319
0.88717
0.96799
0.97216
0.90597
0.93441
0.94522
0.84059
0.9614
0.96633
0.96766
0.96385
0.88039
0.96843
0.90755
0.97374
0.90464
0.94219
0.97302
0.96523
0.88567
0.96816
0.9793
0.85295
0.93586
0.8193
0.86403
0.91657
0.95584
0.96023
0.8794
0.95372
0.77637
0.92469
0.85839
0.89897
0.95757
0.82129
0.87305
0.92943
0.91979
0.95077
0.96185
0.85282
0.95351
0.96691
0.88981
0.95388
0.95808
0.96849
0.96766
0.94474
0.96333
0.88575
0.87288
0.90632
0.95297
0.95969
0.96988
0.96969
0.82533
0.94692
0.96448
0.97223
0.96855
0.80261
0.89076
0.93658
0.95912
0.86715
0.94541
0.95896
0.80558
0.8681
0.92152
0.94943
0.96564
0.82581
0.94666
0.96105
0.95641
0.86861
0.96294
0.92776
0.96759
0.91435
0.96461
0.97264
0.88837
0.96328
0.97387
0.89549
0.96
0.9652
0.97066
0.86512
0.94803
0.95458
0.96302
0.84173
0.95949
0.97301
0.96775
0.87937
0.95627
0.96678
0.97238
0.86748
0.95193
0.96669
0.87113
0.96952
0.97321
0.89274
0.95679
