0.18951
0.08623
0.05677
0.03787
0.02632
0.0204
0.0168
0.01359
0.01173
0.01204
0.01121
0.02521
0.03152
0.02857
0.02333
0.01345
0.10885
0.21901
0.2078
0.22858
0.24895
0.26482
0.25153
0.15524
0.07708
0.0835
0.06014
0.04319
0.04394
0.02494
0.0125
0.01547
0.01098
0.00771
0.00582
0.00574
0.00509
0.00449
0.00439
0.00418
0.00394
0.00422
0.00343
0.0033
0.00287
0.00286
0.00299
0.00287
0.00278
0.00225
0.00216
0.00196
0.00194
0.00171
0.00153
0.00137
0.00118
0.00114
0.00101
0.00094
0.00103
0.001
0.00095
0.00099
0.00099
0.00093
0.00092
0.00092
0.00093
0.00087
0.00078
0.00074
0.00063
0.00053
0.00051
0.00048
0.00046
0.00045
0.00041
0.00036
0.00039
0.00037
0.00034
0.00031
0.00028
0.00026
0.00025
0.00026
0.00028
0.00027
0.00028
0.00027
0.00027
0.00026
0.00026
0.00025
0.00026
0.00025
0.00026
0.00026
0.00024
0.00023
0.00023
0.00023
0.00022
0.0002
0.00019
0.00018
0.00018
0.0002
0.00018
0.00017
0.00018
0.00019
0.00018
0.00017
0.00016
0.00016
0.00015
0.00014
0.00014
0.00014
0.00014
0.00017
0.00015
0.00015
0.00013
0.00013
0.00013
0.00012
0.00013
0.00012
0.00012
0.00011
0.00011
0.00011
0.0001
0.00011
0.0001
0.0001
0.0001
9e-05
9e-05
9e-05
9e-05
9e-05
9e-05
9e-05
9e-05
8e-05
8e-05
8e-05
8e-05
8e-05
8e-05
8e-05
7e-05
8e-05
8e-05
7e-05
8e-05
8e-05
8e-05
8e-05
7e-05
7e-05
8e-05
7e-05
7e-05
7e-05
7e-05
7e-05
7e-05
7e-05
7e-05
7e-05
6e-05
7e-05
6e-05
6e-05
6e-05
6e-05
6e-05
6e-05
6e-05
5e-05
6e-05
6e-05
6e-05
6e-05
6e-05
6e-05
6e-05
6e-05
6e-05
6e-05
6e-05
6e-05
7e-05
6e-05
6e-05
6e-05
5e-05
5e-05
5e-05
5e-05
5e-05
5e-05
5e-05
5e-05
5e-05
5e-05
5e-05
5e-05
5e-05
5e-05
4e-05
4e-05
4e-05
4e-05
4e-05
4e-05
4e-05
4e-05
4e-05
4e-05
4e-05
4e-05
4e-05
4e-05
4e-05
4e-05
4e-05
4e-05
4e-05
4e-05
4e-05
4e-05
4e-05
4e-05
4e-05
3e-05
3e-05
3e-05
3e-05
3e-05
3e-05
3e-05
3e-05
3e-05
3e-05
3e-05
3e-05
3e-05
3e-05
3e-05
3e-05
3e-05
3e-05
3e-05
3e-05
3e-05
3e-05
3e-05
3e-05
3e-05
3e-05
3e-05
3e-05
3e-05
3e-05
3e-05
3e-05
3e-05
3e-05
3e-05
3e-05
3e-05
3e-05
3e-05
3e-05
3e-05
3e-05
3e-05
3e-05
3e-05
3e-05
3e-05
3e-05
3e-05
3e-05
3e-05
3e-05
3e-05
3e-05
3e-05
3e-05
3e-05
3e-05
3e-05
3e-05
2e-05
2e-05
2e-05
2e-05
2e-05
2e-05
2e-05
2e-05
2e-05
2e-05
2e-05
2e-05
2e-05
2e-05
2e-05
2e-05
2e-05
4e-05
3e-05
3e-05
3e-05
3e-05
3e-05
3e-05
3e-05
3e-05
3e-05
3e-05
3e-05
3e-05
3e-05
3e-05
3e-05
3e-05
3e-05
3e-05
3e-05
3e-05
3e-05
3e-05
3e-05
3e-05
3e-05
3e-05
3e-05
3e-05
3e-05
3e-05
3e-05
3e-05
3e-05
3e-05
3e-05
3e-05
2e-05
2e-05
2e-05
2e-05
2e-05
2e-05
2e-05
2e-05
2e-05
2e-05
2e-05
2e-05
2e-05
2e-05
2e-05
4e-05
4e-05
3e-05
3e-05
3e-05
3e-05
3e-05
3e-05
3e-05
3e-05
3e-05
3e-05
3e-05
3e-05
3e-05
3e-05
3e-05
3e-05
3e-05
3e-05
3e-05
3e-05
3e-05
3e-05
3e-05
3e-05
3e-05
3e-05
3e-05
3e-05
3e-05
2e-05
2e-05
2e-05
2e-05
2e-05
2e-05
2e-05
2e-05
2e-05
2e-05
2e-05
2e-05
2e-05
3e-05
3e-05
3e-05
3e-05
3e-05
3e-05
3e-05
3e-05
2e-05
2e-05
2e-05
2e-05
3e-05
3e-05
2e-05
2e-05
3e-05
2e-05
2e-05
2e-05
2e-05
2e-05
2e-05
2e-05
2e-05
2e-05
2e-05
2e-05
2e-05
2e-05
2e-05
2e-05
2e-05
2e-05
2e-05
2e-05
2e-05
2e-05
2e-05
2e-05
2e-05
2e-05
2e-05
2e-05
2e-05
2e-05
2e-05
2e-05
2e-05
2e-05
2e-05
2e-05
2e-05
2e-05
2e-05
2e-05
2e-05
2e-05
2e-05
2e-05
2e-05
2e-05
2e-05
2e-05
2e-05
2e-05
2e-05
2e-05
2e-05
2e-05
2e-05
2e-05
2e-05
2e-05
2e-05
2e-05
2e-05
2e-05
2e-05
2e-05
2e-05
2e-05
2e-05
2e-05
2e-05
2e-05
2e-05
2e-05
2e-05
2e-05
2e-05
2e-05
2e-05
2e-05
2e-05
2e-05
2e-05
2e-05
2e-05
2e-05
2e-05
2e-05
2e-05
2e-05
2e-05
2e-05
2e-05
2e-05
2e-05
2e-05
2e-05
2e-05
2e-05
2e-05
2e-05
2e-05
2e-05
2e-05
2e-05
2e-05
2e-05
2e-05
2e-05
2e-05
2e-05
2e-05
2e-05
2e-05
2e-05
2e-05
2e-05
2e-05
2e-05
2e-05
2e-05
2e-05
2e-05
2e-05
2e-05
2e-05
2e-05
2e-05
2e-05
2e-05
2e-05
2e-05
2e-05
2e-05
2e-05
2e-05
2e-05
2e-05
2e-05
2e-05
2e-05
2e-05
2e-05
2e-05
2e-05
2e-05
2e-05
2e-05
2e-05
2e-05
2e-05
2e-05
2e-05
2e-05
2e-05
2e-05
2e-05
2e-05
2e-05
2e-05
2e-05
2e-05
2e-05
2e-05
2e-05
2e-05
2e-05
1e-05
2e-05
2e-05
2e-05
2e-05
1e-05
2e-05
2e-05
2e-05
2e-05
2e-05
2e-05
2e-05
2e-05
2e-05
2e-05
2e-05
2e-05
2e-05
2e-05
2e-05
2e-05
2e-05
2e-05
2e-05
2e-05
2e-05
2e-05
2e-05
2e-05
2e-05
2e-05
2e-05
2e-05
2e-05
2e-05
2e-05
2e-05
2e-05
2e-05
2e-05
2e-05
2e-05
2e-05
2e-05
2e-05
2e-05
2e-05
2e-05
2e-05
2e-05
2e-05
2e-05
2e-05
2e-05
2e-05
2e-05
2e-05
2e-05
2e-05
2e-05
2e-05
2e-05
2e-05
2e-05
2e-05
2e-05
2e-05
2e-05
2e-05
2e-05
2e-05
2e-05
2e-05
2e-05
2e-05
2e-05
2e-05
2e-05
2e-05
2e-05
2e-05
2e-05
2e-05
2e-05
2e-05
2e-05
2e-05
2e-05
2e-05
2e-05
2e-05
2e-05
2e-05
2e-05
2e-05
2e-05
2e-05
2e-05
2e-05
2e-05
2e-05
2e-05
2e-05
2e-05
2e-05
2e-05
2e-05
2e-05
2e-05
2e-05
2e-05
2e-05
2e-05
2e-05
2e-05
2e-05
2e-05
2e-05
2e-05
2e-05
2e-05
2e-05
2e-05
2e-05
2e-05
2e-05
2e-05
2e-05
2e-05
2e-05
2e-05
2e-05
2e-05
2e-05
2e-05
2e-05
2e-05
2e-05
2e-05
2e-05
2e-05
2e-05
2e-05
2e-05
2e-05
2e-05
2e-05
2e-05
2e-05
2e-05
2e-05
2e-05
2e-05
2e-05
2e-05
2e-05
2e-05
2e-05
2e-05
2e-05
2e-05
2e-05
2e-05
2e-05
2e-05
1e-05
1e-05
1e-05
1e-05
1e-05
1e-05
1e-05
1e-05
1e-05
1e-05
1e-05
1e-05
1e-05
1e-05
1e-05
1e-05
1e-05
1e-05
1e-05
1e-05
1e-05
1e-05
1e-05
1e-05
1e-05
1e-05
1e-05
1e-05
1e-05
1e-05
1e-05
1e-05
1e-05
1e-05
1e-05
1e-05
1e-05
1e-05
1e-05
1e-05
1e-05
1e-05
1e-05
1e-05
1e-05
1e-05
1e-05
1e-05
1e-05
1e-05
1e-05
1e-05
1e-05
1e-05
1e-05
1e-05
1e-05
1e-05
1e-05
1e-05
1e-05
1e-05
1e-05
1e-05
1e-05
1e-05
1e-05
1e-05
1e-05
1e-05
1e-05
1e-05
1e-05
1e-05
1e-05
1e-05
1e-05
1e-05
1e-05
1e-05
1e-05
1e-05
1e-05
1e-05
1e-05
1e-05
1e-05
1e-05
1e-05
1e-05
1e-05
1e-05
1e-05
1e-05
1e-05
1e-05
1e-05
1e-05
1e-05
1e-05
1e-05
1e-05
1e-05
1e-05
1e-05
1e-05
1e-05
1e-05
1e-05
1e-05
1e-05
1e-05
1e-05
1e-05
1e-05
1e-05
1e-05
1e-05
1e-05
1e-05
1e-05
1e-05
1e-05
1e-05
2e-05
2e-05
2e-05
1e-05
1e-05
2e-05
1e-05
1e-05
2e-05
2e-05
1e-05
2e-05
2e-05
2e-05
1e-05
1e-05
1e-05
2e-05
2e-05
2e-05
2e-05
2e-05
2e-05
1e-05
2e-05
1e-05
1e-05
1e-05
1e-05
1e-05
1e-05
2e-05
2e-05
1e-05
1e-05
1e-05
1e-05
1e-05
1e-05
1e-05
1e-05
1e-05
1e-05
1e-05
1e-05
1e-05
1e-05
1e-05
1e-05
1e-05
1e-05
1e-05
1e-05
1e-05
1e-05
1e-05
1e-05
1e-05
1e-05
1e-05
1e-05
1e-05
1e-05
1e-05
1e-05
1e-05
1e-05
1e-05
2e-05
2e-05
1e-05
2e-05
1e-05
1e-05
1e-05
1e-05
1e-05
1e-05
1e-05
1e-05
1e-05
1e-05
1e-05
1e-05
1e-05
1e-05
1e-05
1e-05
1e-05
1e-05
1e-05
1e-05
1e-05
1e-05
1e-05
1e-05
1e-05
1e-05
1e-05
1e-05
1e-05
1e-05
1e-05
1e-05
1e-05
1e-05
1e-05
1e-05
1e-05
1e-05
1e-05
1e-05
1e-05
1e-05
1e-05
