0.22141
0.11384
0.07897
0.05041
0.03358
0.02639
0.02023
0.01559
0.01323
0.0139
0.0126
0.02997
0.03673
0.03318
0.02682
0.01435
0.12949
0.23962
0.22427
0.24802
0.2681
0.28402
0.28019
0.20113
0.10442
0.10327
0.07532
0.05787
0.05173
0.03377
0.01654
0.02278
0.01377
0.00895
0.00651
0.00632
0.0056
0.00483
0.00467
0.00443
0.00415
0.00449
0.00358
0.00345
0.00297
0.00297
0.00312
0.003
0.00291
0.00233
0.00223
0.00201
0.00199
0.00174
0.00155
0.0014
0.00119
0.00115
0.00102
0.00095
0.00105
0.00101
0.00096
0.001
0.001
0.00094
0.00093
0.00093
0.00095
0.00088
0.00079
0.00075
0.00063
0.00053
0.00052
0.00048
0.00047
0.00046
0.00041
0.00037
0.00039
0.00038
0.00034
0.00031
0.00028
0.00026
0.00025
0.00027
0.00028
0.00027
0.00028
0.00027
0.00028
0.00026
0.00026
0.00025
0.00026
0.00026
0.00026
0.00026
0.00024
0.00023
0.00023
0.00023
0.00022
0.0002
0.00019
0.00018
0.00018
0.0002
0.00018
0.00017
0.00018
0.00019
0.00018
0.00017
0.00016
0.00016
0.00015
0.00014
0.00014
0.00014
0.00014
0.00017
0.00015
0.00015
0.00014
0.00013
0.00013
0.00013
0.00013
0.00012
0.00012
0.00012
0.00011
0.00011
0.0001
0.00011
0.0001
0.0001
0.0001
9e-05
9e-05
9e-05
9e-05
9e-05
9e-05
9e-05
9e-05
8e-05
8e-05
8e-05
8e-05
8e-05
8e-05
8e-05
7e-05
8e-05
8e-05
7e-05
8e-05
8e-05
8e-05
8e-05
7e-05
7e-05
8e-05
7e-05
7e-05
7e-05
7e-05
7e-05
7e-05
7e-05
7e-05
7e-05
6e-05
7e-05
6e-05
6e-05
6e-05
6e-05
6e-05
6e-05
6e-05
5e-05
6e-05
6e-05
6e-05
6e-05
6e-05
6e-05
6e-05
6e-05
6e-05
6e-05
6e-05
6e-05
7e-05
6e-05
6e-05
6e-05
5e-05
5e-05
5e-05
5e-05
5e-05
5e-05
5e-05
5e-05
5e-05
5e-05
5e-05
5e-05
5e-05
5e-05
4e-05
4e-05
4e-05
4e-05
4e-05
4e-05
4e-05
4e-05
4e-05
4e-05
4e-05
4e-05
4e-05
4e-05
4e-05
4e-05
4e-05
4e-05
4e-05
4e-05
4e-05
4e-05
4e-05
4e-05
4e-05
3e-05
3e-05
3e-05
3e-05
3e-05
3e-05
3e-05
3e-05
3e-05
3e-05
3e-05
3e-05
3e-05
3e-05
3e-05
3e-05
3e-05
3e-05
3e-05
3e-05
3e-05
3e-05
3e-05
3e-05
3e-05
3e-05
3e-05
3e-05
3e-05
3e-05
3e-05
3e-05
3e-05
3e-05
3e-05
3e-05
3e-05
3e-05
3e-05
3e-05
3e-05
3e-05
3e-05
3e-05
3e-05
3e-05
3e-05
3e-05
3e-05
3e-05
3e-05
3e-05
3e-05
3e-05
3e-05
3e-05
3e-05
3e-05
3e-05
3e-05
2e-05
2e-05
2e-05
2e-05
2e-05
2e-05
2e-05
2e-05
2e-05
2e-05
2e-05
2e-05
2e-05
2e-05
2e-05
2e-05
2e-05
4e-05
3e-05
3e-05
3e-05
3e-05
3e-05
3e-05
3e-05
3e-05
3e-05
3e-05
3e-05
3e-05
3e-05
3e-05
3e-05
3e-05
3e-05
3e-05
3e-05
3e-05
3e-05
3e-05
3e-05
3e-05
3e-05
3e-05
3e-05
3e-05
3e-05
3e-05
3e-05
3e-05
3e-05
3e-05
3e-05
3e-05
2e-05
2e-05
2e-05
2e-05
2e-05
2e-05
2e-05
2e-05
2e-05
2e-05
2e-05
2e-05
2e-05
2e-05
2e-05
4e-05
4e-05
3e-05
3e-05
3e-05
3e-05
3e-05
3e-05
3e-05
3e-05
3e-05
3e-05
3e-05
3e-05
3e-05
3e-05
3e-05
3e-05
3e-05
3e-05
3e-05
3e-05
3e-05
3e-05
3e-05
3e-05
3e-05
3e-05
3e-05
3e-05
3e-05
2e-05
2e-05
2e-05
2e-05
2e-05
2e-05
2e-05
2e-05
2e-05
2e-05
2e-05
2e-05
2e-05
3e-05
3e-05
3e-05
3e-05
3e-05
3e-05
3e-05
3e-05
2e-05
2e-05
2e-05
2e-05
3e-05
3e-05
2e-05
2e-05
3e-05
2e-05
2e-05
2e-05
2e-05
2e-05
2e-05
2e-05
2e-05
2e-05
2e-05
2e-05
2e-05
2e-05
2e-05
2e-05
2e-05
2e-05
2e-05
2e-05
2e-05
2e-05
2e-05
2e-05
2e-05
2e-05
2e-05
2e-05
2e-05
2e-05
2e-05
2e-05
2e-05
2e-05
2e-05
2e-05
2e-05
2e-05
2e-05
2e-05
2e-05
2e-05
2e-05
2e-05
2e-05
2e-05
2e-05
2e-05
2e-05
2e-05
2e-05
2e-05
2e-05
2e-05
2e-05
2e-05
2e-05
2e-05
2e-05
2e-05
2e-05
2e-05
2e-05
2e-05
2e-05
2e-05
2e-05
2e-05
2e-05
2e-05
2e-05
2e-05
2e-05
2e-05
2e-05
2e-05
2e-05
2e-05
2e-05
2e-05
2e-05
2e-05
2e-05
2e-05
2e-05
2e-05
2e-05
2e-05
2e-05
2e-05
2e-05
2e-05
2e-05
2e-05
2e-05
2e-05
2e-05
2e-05
2e-05
2e-05
2e-05
2e-05
2e-05
2e-05
2e-05
2e-05
2e-05
2e-05
2e-05
2e-05
2e-05
2e-05
2e-05
2e-05
2e-05
2e-05
2e-05
2e-05
2e-05
2e-05
2e-05
2e-05
2e-05
2e-05
2e-05
2e-05
2e-05
2e-05
2e-05
2e-05
2e-05
2e-05
2e-05
2e-05
2e-05
2e-05
2e-05
2e-05
2e-05
2e-05
2e-05
2e-05
2e-05
2e-05
2e-05
2e-05
2e-05
2e-05
2e-05
2e-05
2e-05
2e-05
2e-05
2e-05
2e-05
2e-05
2e-05
2e-05
2e-05
2e-05
2e-05
2e-05
2e-05
2e-05
2e-05
1e-05
2e-05
2e-05
2e-05
2e-05
1e-05
2e-05
2e-05
2e-05
2e-05
2e-05
2e-05
2e-05
2e-05
2e-05
2e-05
2e-05
2e-05
2e-05
2e-05
2e-05
2e-05
2e-05
2e-05
2e-05
2e-05
2e-05
2e-05
2e-05
2e-05
2e-05
2e-05
2e-05
2e-05
2e-05
2e-05
2e-05
2e-05
2e-05
2e-05
2e-05
2e-05
2e-05
2e-05
2e-05
2e-05
2e-05
2e-05
2e-05
2e-05
2e-05
2e-05
2e-05
2e-05
2e-05
2e-05
2e-05
2e-05
2e-05
2e-05
2e-05
2e-05
2e-05
2e-05
2e-05
2e-05
2e-05
2e-05
2e-05
2e-05
2e-05
2e-05
2e-05
2e-05
2e-05
2e-05
2e-05
2e-05
2e-05
2e-05
2e-05
2e-05
2e-05
2e-05
2e-05
2e-05
2e-05
2e-05
2e-05
2e-05
2e-05
2e-05
2e-05
2e-05
2e-05
2e-05
2e-05
2e-05
2e-05
2e-05
2e-05
2e-05
2e-05
2e-05
2e-05
2e-05
2e-05
2e-05
2e-05
2e-05
2e-05
2e-05
2e-05
2e-05
2e-05
2e-05
2e-05
2e-05
2e-05
2e-05
2e-05
2e-05
2e-05
2e-05
2e-05
2e-05
2e-05
2e-05
2e-05
2e-05
2e-05
2e-05
2e-05
2e-05
2e-05
2e-05
2e-05
2e-05
2e-05
2e-05
2e-05
2e-05
2e-05
2e-05
2e-05
2e-05
2e-05
2e-05
2e-05
2e-05
2e-05
2e-05
2e-05
2e-05
2e-05
2e-05
2e-05
2e-05
2e-05
2e-05
2e-05
2e-05
2e-05
2e-05
2e-05
2e-05
1e-05
1e-05
1e-05
1e-05
1e-05
1e-05
1e-05
1e-05
1e-05
1e-05
1e-05
1e-05
1e-05
1e-05
1e-05
1e-05
1e-05
1e-05
1e-05
1e-05
1e-05
1e-05
1e-05
1e-05
1e-05
1e-05
1e-05
1e-05
1e-05
1e-05
1e-05
1e-05
1e-05
1e-05
1e-05
1e-05
1e-05
1e-05
1e-05
1e-05
1e-05
1e-05
1e-05
1e-05
1e-05
1e-05
1e-05
1e-05
1e-05
1e-05
1e-05
1e-05
1e-05
1e-05
1e-05
1e-05
1e-05
1e-05
1e-05
1e-05
1e-05
1e-05
1e-05
1e-05
1e-05
1e-05
1e-05
1e-05
1e-05
1e-05
1e-05
1e-05
1e-05
1e-05
1e-05
1e-05
1e-05
1e-05
1e-05
1e-05
1e-05
1e-05
1e-05
1e-05
1e-05
1e-05
1e-05
1e-05
1e-05
1e-05
1e-05
1e-05
1e-05
1e-05
1e-05
1e-05
1e-05
1e-05
1e-05
1e-05
1e-05
1e-05
1e-05
1e-05
1e-05
1e-05
1e-05
1e-05
1e-05
1e-05
1e-05
1e-05
1e-05
1e-05
1e-05
1e-05
1e-05
1e-05
1e-05
1e-05
1e-05
1e-05
1e-05
1e-05
2e-05
2e-05
2e-05
1e-05
1e-05
2e-05
1e-05
1e-05
2e-05
2e-05
1e-05
2e-05
2e-05
2e-05
1e-05
1e-05
1e-05
2e-05
2e-05
2e-05
2e-05
2e-05
2e-05
1e-05
2e-05
1e-05
1e-05
1e-05
1e-05
1e-05
1e-05
2e-05
2e-05
1e-05
1e-05
1e-05
1e-05
1e-05
1e-05
1e-05
1e-05
1e-05
1e-05
1e-05
1e-05
1e-05
1e-05
1e-05
1e-05
1e-05
1e-05
1e-05
1e-05
1e-05
1e-05
1e-05
1e-05
1e-05
1e-05
1e-05
1e-05
1e-05
1e-05
1e-05
1e-05
2e-05
1e-05
1e-05
2e-05
2e-05
1e-05
2e-05
1e-05
1e-05
1e-05
1e-05
1e-05
1e-05
1e-05
1e-05
1e-05
1e-05
1e-05
1e-05
1e-05
1e-05
1e-05
1e-05
1e-05
1e-05
1e-05
1e-05
1e-05
1e-05
1e-05
1e-05
1e-05
1e-05
1e-05
1e-05
1e-05
1e-05
1e-05
1e-05
1e-05
1e-05
1e-05
1e-05
1e-05
1e-05
1e-05
1e-05
1e-05
1e-05
1e-05
