1.95375
2.65402
3.03112
3.44878
3.89452
4.711
4.99376
4.99028
5.29221
5.52284
4.95424
4.01348
3.6791
3.88098
4.1027
4.53838
3.67675
2.13087
2.00941
1.9081
1.74999
1.65218
1.74601
2.50167
3.22009
3.25679
3.52478
3.96604
3.90181
4.27654
4.78473
4.87404
5.24741
5.68642
6.04907
5.89469
6.11015
6.15837
6.10039
6.1516
6.2978
6.27633
6.31191
6.50843
6.53682
6.57007
6.62166
6.69458
6.87886
6.949
6.95295
6.92772
6.88974
6.98324
7.11729
7.31102
7.39325
7.48512
7.54051
7.62538
7.52426
7.53253
7.4496
7.37509
7.42553
7.55945
7.53133
7.4863
7.52878
7.6301
7.71971
7.76357
7.90685
8.08717
8.19107
8.21604
8.37781
8.4019
8.48511
8.53339
8.43802
8.45096
8.59436
8.71524
8.83707
8.91109
8.90832
8.84918
8.84265
8.8323
8.79344
8.79494
8.82267
8.82727
8.86354
8.92177
8.89921
8.8775
8.82562
8.85289
8.92207
8.91098
8.92961
8.8674
9.04359
9.05256
9.18801
9.1704
9.23496
9.25273
9.25662
9.29245
9.21306
9.22339
9.24143
9.38384
9.38437
9.4228
9.49186
9.50145
9.4984
9.54545
9.5216
9.35007
9.41968
9.51793
9.59765
9.62691
9.68359
9.76701
9.64291
9.70103
9.77528
9.70783
9.81213
9.83006
9.81768
9.90647
9.89843
9.86587
9.91739
10.00461
10.07617
10.11877
10.12554
10.14822
10.0335
10.03406
10.13693
10.09528
10.17126
10.14081
10.19928
10.19772
10.21148
10.25214
10.25494
10.22545
10.23811
10.23442
10.20639
10.27877
10.34211
10.29879
10.36288
10.32805
10.28146
10.37899
10.3268
10.35756
10.40667
10.39137
10.35524
10.37953
10.38999
10.41553
10.41366
10.44817
10.4105
10.49661
10.49275
10.54498
10.47449
10.58348
10.52505
10.60023
10.51888
10.60241
10.61084
10.59795
10.59494
10.41613
10.40382
10.56955
10.48761
10.50584
10.532
10.48053
10.40246
10.47838
10.46707
10.54123
10.54375
10.56809
10.6103
10.63401
10.61064
10.67243
10.67077
10.66317
10.61176
10.69726
10.7203
10.71679
10.73884
10.78069
10.78736
10.84234
10.86884
10.89876
10.89541
10.93331
10.88659
10.90749
10.87359
10.89829
10.93492
10.90667
10.96726
10.94846
10.99473
10.97871
10.97432
10.98756
11.01799
11.06442
11.03739
11.09646
11.10802
11.0491
11.08434
11.12899
11.09247
11.07685
11.11079
11.10656
11.19611
11.14781
11.17418
11.2096
11.15289
11.15497
11.15446
11.09759
11.0381
11.05168
11.05415
11.03246
11.00895
11.06763
11.04521
11.02064
11.05936
11.03715
11.03483
10.9642
11.03618
11.08195
11.01185
11.03709
11.03852
11.07028
11.06345
11.09521
11.09078
11.19415
11.07217
11.17968
11.20676
11.19631
11.16999
11.14754
11.18312
11.20212
11.18864
11.19327
11.17237
11.18741
11.2209
11.23578
11.2491
11.21824
11.22504
11.21176
11.23334
11.22366
11.26666
11.30421
11.21545
11.31347
11.27432
11.31517
11.37736
11.30762
11.3358
11.36952
11.35283
11.39873
11.3919
11.40694
11.45885
11.35483
11.44846
11.4044
11.41083
11.45131
11.40373
11.44787
10.72916
10.95415
10.94794
10.9515
11.05325
11.08106
11.0624
11.09895
11.10333
11.1388
11.11912
11.16631
11.1456
11.16616
11.14838
11.14164
11.16485
11.19694
11.19808
11.17583
11.15769
11.15277
11.15482
11.18186
11.19825
11.18652
11.19455
11.17994
11.20398
11.1969
11.1555
11.19946
11.17692
11.2151
11.21431
11.25481
11.26036
11.22184
11.28384
11.2676
11.28517
11.32635
11.28585
11.32083
11.3469
11.304
11.38172
11.26898
11.27195
11.33898
11.26128
11.29002
10.78365
10.85299
10.93843
10.98125
10.98443
11.0085
10.99923
11.08486
11.05367
11.09623
11.12778
11.05269
11.13506
11.12097
11.1024
11.09117
11.11043
11.12123
11.09238
11.06691
11.0771
11.16205
11.08441
11.19384
11.16565
11.16634
11.17759
11.18418
11.21066
11.23598
11.223
11.26555
11.2456
11.26826
11.26097
11.24817
11.27227
11.2167
11.30573
11.23399
11.34585
11.28388
11.3084
11.26715
11.11384
11.13936
11.17632
11.1958
11.1743
11.17594
11.19551
11.20904
11.21978
11.18776
11.20854
11.24143
11.13782
11.2314
11.18526
11.20757
11.22208
11.25264
11.26383
11.23815
11.31111
11.24429
11.31622
11.27904
11.29745
11.27527
11.27529
11.26041
11.27573
11.24212
11.32903
11.27231
11.29523
11.27611
11.30507
11.30639
11.30281
11.35293
11.28592
11.39145
11.3579
11.38264
11.39139
11.37703
11.37429
11.43058
11.41135
11.38694
11.43864
11.3977
11.38993
11.42094
11.42561
11.39071
11.4828
11.38503
11.49086
11.46374
11.44747
11.46851
11.51849
11.5205
11.44855
11.47116
11.55066
11.53282
11.50114
11.50019
11.52587
11.48277
11.55837
11.4716
11.53006
11.53961
11.54265
11.54553
11.50595
11.53543
11.57464
11.53354
11.52719
11.56798
11.57753
11.50191
11.53459
11.55465
11.56879
11.54001
11.56867
11.58906
11.55423
11.60519
11.61415
11.61049
11.61007
11.62927
11.59385
11.63251
11.63267
11.58349
11.65706
11.60418
11.63402
11.6297
11.59865
11.65548
11.55214
11.59644
11.56767
11.58632
11.61346
11.58455
11.58701
11.60784
11.59165
11.64742
11.57191
11.62735
11.59968
11.57337
11.62949
11.55223
11.58869
11.56054
11.59374
11.59011
11.61102
11.60622
11.60993
11.6108
11.60719
11.60285
11.62319
11.6189
11.61524
11.6086
11.62771
11.61344
11.65487
11.6354
11.68672
11.68958
11.69162
11.67097
11.72713
11.70344
11.77731
11.7326
11.77725
11.75743
11.72662
11.77507
11.75036
11.75878
11.79036
11.74728
11.72228
11.77658
11.78603
11.71408
11.76972
11.81711
11.79399
11.7625
11.77481
11.71344
11.76261
11.80026
11.71952
11.79254
11.75656
11.7408
11.762
11.7946
11.73789
11.82439
11.76638
11.81553
11.834
11.8203
11.82126
11.80535
11.81248
11.80461
11.7959
11.8003
11.80525
11.77905
11.78673
11.75651
11.7861
11.8349
11.71839
11.78598
11.73367
11.73424
11.7498
11.68394
11.74015
11.69243
11.68934
11.62707
11.68111
11.66896
11.65917
11.66197
11.63807
11.66376
11.67977
11.66836
11.72
11.66645
11.71849
11.66972
11.65879
11.72047
11.65654
11.66957
11.61484
11.65583
11.59683
11.58618
11.59333
11.6002
11.55768
11.59485
11.55169
11.59484
11.56144
11.51357
11.53913
11.48876
11.54634
11.54294
11.54045
11.52403
11.51922
11.57605
11.52584
11.60974
11.59192
11.58452
11.6177
11.62835
11.60264
11.63403
11.61233
11.6347
11.60667
11.63297
11.62557
11.66845
11.60889
11.65696
11.62041
11.64803
11.62908
11.65518
11.65927
11.66842
11.67105
11.66127
11.63415
11.64557
11.69693
11.67578
11.6416
11.67975
11.7069
11.65752
11.69264
11.6652
11.75
11.66196
11.7047
11.71306
11.6673
11.74097
11.6506
11.68279
11.68192
11.75265
11.67197
11.66061
11.66707
11.7255
11.67493
11.67928
11.66715
11.67155
11.65046
11.66279
11.67773
11.68911
11.67665
11.68545
11.67022
11.71042
11.66692
11.69607
11.6937
11.66953
11.65546
11.68908
11.68882
11.6525
11.6049
11.68555
11.65481
11.62194
11.70923
11.65838
11.68483
11.73038
11.68066
11.66315
11.70351
11.68143
11.71692
11.70196
11.61305
11.69015
11.65902
11.67817
11.60408
11.71261
11.66554
11.67761
11.73505
11.67265
11.69662
11.74723
11.72424
11.73148
11.76676
11.75544
11.76679
11.78013
11.76516
11.73828
11.79046
11.7512
11.76028
11.8059
11.82984
11.84204
11.8108
11.87867
11.80501
11.86302
11.8899
11.85816
11.86323
11.88035
11.9144
11.85739
11.88395
11.91411
11.87233
11.89665
11.94848
11.88358
11.89913
11.93999
11.91661
11.94902
11.93994
11.92095
12.00144
11.91652
11.96606
11.95372
11.87456
11.92326
11.92023
11.95795
11.93004
11.94565
11.91635
11.94374
11.91423
12.00509
11.87354
11.94907
11.95037
11.96609
11.9234
11.94304
11.92371
11.9639
11.93222
11.91883
11.90634
11.93354
11.93145
11.94909
11.94748
11.94156
11.88165
11.91221
11.96674
11.89795
11.90771
11.89549
11.89944
11.86959
11.9005
11.86844
11.91486
11.85411
11.86526
11.85314
11.83334
11.83403
11.94051
11.82607
11.81939
11.87038
11.86571
11.85471
11.89454
11.8698
11.89788
11.93139
11.91332
11.92948
11.9232
11.91542
11.95469
11.91396
11.94404
11.97604
11.95799
11.9966
11.94689
11.96757
12.00486
11.9257
11.96883
11.94367
11.93985
11.96666
11.95934
11.95701
11.95229
11.95496
11.93907
11.94112
11.93599
11.97734
11.91116
11.97309
11.95338
11.937
11.96574
11.97851
11.9649
11.96991
11.94571
11.92501
11.92776
11.92944
11.95981
11.94402
11.98513
11.92184
11.91556
11.93044
11.98693
11.87694
11.87922
11.69658
11.72122
11.78859
11.74312
11.79156
11.7389
11.76525
11.7975
11.79123
11.76415
11.8466
11.76104
11.78557
11.82562
11.7783
11.77015
11.77738
11.79187
11.76541
11.80585
11.79285
11.79869
11.75398
11.77965
11.8019
11.80661
11.85346
11.80747
11.83253
11.84446
11.83301
11.77985
11.80961
11.78958
11.79964
11.83221
11.78594
11.7803
11.79021
11.80735
11.86847
11.79219
11.80712
11.83009
11.82463
11.85407
11.86523
11.88834
11.86361
11.92027
11.89869
11.89887
11.92428
11.89275
11.88365
11.87839
11.88124
11.8366
11.88484
11.83758
11.83909
11.83257
11.75777
11.84745
11.79356
11.85076
11.79737
11.82722
11.79396
11.87687
11.79502
11.84708
11.82047
11.85056
11.78788
11.83842
11.85678
11.83266
11.77786
11.83963
11.82782
11.87041
11.84079
11.86572
11.84327
11.8916
11.86997
11.90079
11.83599
11.85515
11.86832
11.83193
11.80569
11.80068
11.82449
11.80176
11.77356
11.8309
11.81711
11.80969
11.82549
11.80804
11.79815
11.82178
11.83582
11.84826
11.83904
11.80037
11.8329
11.84428
11.85183
11.8431
11.88838
11.84659
11.90401
