0.49547
0.22174
0.16189
0.1103
0.07549
0.04949
0.0363
0.02743
0.02218
0.02367
0.02422
0.1444
0.13698
0.09876
0.08163
0.04482
0.59578
0.78191
0.65271
0.72007
0.77257
0.82049
0.82177
0.63726
0.30094
0.30731
0.2071
0.14997
0.14473
0.08399
0.03339
0.02613
0.01685
0.01092
0.00831
0.00793
0.00743
0.00652
0.00796
0.00557
0.00758
0.0056
0.00483
0.00491
0.00365
0.00395
0.00397
0.00391
0.00378
0.00325
0.00293
0.00271
0.00265
0.00244
0.00229
0.00194
0.00195
0.00164
0.00138
0.00136
0.00141
0.00131
0.0013
0.0014
0.00128
0.00142
0.00116
0.00118
0.00118
0.00118
0.00103
0.00108
0.00089
0.00076
0.0007
0.00066
0.00078
0.00062
0.00062
0.00051
0.00056
0.00057
0.00049
0.00044
0.00038
0.0004
0.00037
0.00037
0.00038
0.00038
0.00044
0.0004
0.00042
0.00036
0.00037
0.00036
0.00039
0.00037
0.00037
0.00038
0.00033
0.00032
0.00056
0.00032
0.00029
0.00028
0.00026
0.00027
0.00026
0.00027
0.00028
0.00026
0.00067
0.0003
0.00025
0.00023
0.00022
0.00023
0.00019
0.00022
0.00019
0.0002
0.00064
0.00022
0.0002
0.00019
0.00019
0.00018
0.00018
0.00017
0.00017
0.00019
0.00016
0.00017
0.00016
0.00015
0.00014
0.00015
0.00016
0.00014
0.00014
0.00014
0.00013
0.00014
0.00014
0.00029
0.00014
0.00014
0.00012
0.00012
0.00012
0.00012
0.00012
0.00011
0.00011
0.00011
0.00012
0.00011
0.00011
0.00011
0.00011
0.00011
0.00011
0.00012
0.00011
0.0002
0.0001
0.00014
0.00011
9e-05
0.0001
0.0001
0.0001
9e-05
0.0001
0.0001
9e-05
9e-05
8e-05
9e-05
9e-05
0.0001
9e-05
8e-05
8e-05
8e-05
8e-05
8e-05
8e-05
8e-05
0.00048
9e-05
9e-05
8e-05
8e-05
8e-05
8e-05
0.0008
9e-05
8e-05
8e-05
8e-05
7e-05
7e-05
7e-05
7e-05
7e-05
7e-05
7e-05
7e-05
7e-05
8e-05
6e-05
7e-05
6e-05
6e-05
7e-05
6e-05
6e-05
6e-05
6e-05
6e-05
6e-05
6e-05
8e-05
6e-05
6e-05
5e-05
6e-05
7e-05
6e-05
0.00054
7e-05
7e-05
6e-05
6e-05
6e-05
5e-05
6e-05
5e-05
5e-05
7e-05
5e-05
5e-05
5e-05
5e-05
5e-05
5e-05
5e-05
7e-05
4e-05
4e-05
5e-05
5e-05
5e-05
5e-05
4e-05
5e-05
5e-05
5e-05
5e-05
5e-05
5e-05
4e-05
5e-05
5e-05
4e-05
5e-05
4e-05
5e-05
5e-05
5e-05
5e-05
4e-05
5e-05
4e-05
4e-05
4e-05
4e-05
5e-05
4e-05
4e-05
4e-05
4e-05
4e-05
4e-05
6e-05
4e-05
4e-05
4e-05
4e-05
4e-05
4e-05
4e-05
4e-05
4e-05
4e-05
4e-05
4e-05
4e-05
4e-05
4e-05
3e-05
4e-05
4e-05
4e-05
4e-05
4e-05
3e-05
3e-05
3e-05
4e-05
3e-05
3e-05
3e-05
4e-05
4e-05
0.00098
4e-05
4e-05
6e-05
4e-05
4e-05
4e-05
4e-05
4e-05
4e-05
3e-05
3e-05
3e-05
4e-05
3e-05
3e-05
3e-05
3e-05
3e-05
3e-05
4e-05
3e-05
3e-05
3e-05
3e-05
3e-05
4e-05
3e-05
3e-05
3e-05
9e-05
3e-05
3e-05
3e-05
3e-05
3e-05
3e-05
3e-05
3e-05
3e-05
3e-05
3e-05
3e-05
3e-05
3e-05
3e-05
3e-05
3e-05
3e-05
3e-05
3e-05
3e-05
0.0022
4e-05
5e-05
4e-05
4e-05
4e-05
4e-05
3e-05
3e-05
4e-05
3e-05
3e-05
3e-05
3e-05
3e-05
3e-05
3e-05
3e-05
3e-05
3e-05
3e-05
3e-05
3e-05
3e-05
3e-05
3e-05
3e-05
3e-05
3e-05
3e-05
3e-05
3e-05
3e-05
3e-05
3e-05
3e-05
3e-05
3e-05
3e-05
3e-05
4e-05
3e-05
3e-05
3e-05
0.00126
4e-05
5e-05
3e-05
3e-05
3e-05
3e-05
3e-05
3e-05
3e-05
3e-05
3e-05
3e-05
3e-05
3e-05
3e-05
3e-05
3e-05
3e-05
3e-05
3e-05
3e-05
3e-05
3e-05
3e-05
3e-05
3e-05
3e-05
3e-05
3e-05
3e-05
3e-05
3e-05
3e-05
3e-05
3e-05
3e-05
3e-05
3e-05
3e-05
3e-05
3e-05
3e-05
3e-05
3e-05
3e-05
3e-05
3e-05
3e-05
3e-05
3e-05
3e-05
3e-05
3e-05
3e-05
7e-05
3e-05
3e-05
3e-05
3e-05
3e-05
3e-05
3e-05
3e-05
2e-05
2e-05
2e-05
2e-05
2e-05
2e-05
3e-05
2e-05
2e-05
3e-05
3e-05
2e-05
2e-05
3e-05
2e-05
2e-05
2e-05
2e-05
2e-05
2e-05
2e-05
2e-05
2e-05
2e-05
2e-05
3e-05
2e-05
2e-05
2e-05
2e-05
2e-05
2e-05
2e-05
2e-05
2e-05
2e-05
2e-05
2e-05
2e-05
3e-05
2e-05
2e-05
5e-05
2e-05
2e-05
2e-05
2e-05
2e-05
2e-05
2e-05
2e-05
2e-05
2e-05
2e-05
2e-05
2e-05
2e-05
2e-05
2e-05
2e-05
2e-05
2e-05
2e-05
2e-05
2e-05
2e-05
2e-05
2e-05
2e-05
2e-05
2e-05
2e-05
2e-05
2e-05
2e-05
2e-05
2e-05
2e-05
2e-05
2e-05
2e-05
2e-05
2e-05
2e-05
2e-05
2e-05
2e-05
2e-05
2e-05
2e-05
2e-05
2e-05
2e-05
2e-05
2e-05
2e-05
2e-05
2e-05
2e-05
2e-05
2e-05
2e-05
2e-05
2e-05
2e-05
2e-05
2e-05
2e-05
2e-05
2e-05
2e-05
2e-05
2e-05
2e-05
2e-05
2e-05
2e-05
2e-05
2e-05
2e-05
2e-05
2e-05
2e-05
2e-05
2e-05
2e-05
2e-05
2e-05
2e-05
2e-05
3e-05
2e-05
2e-05
2e-05
2e-05
2e-05
2e-05
2e-05
2e-05
2e-05
2e-05
2e-05
2e-05
2e-05
2e-05
4e-05
2e-05
2e-05
2e-05
2e-05
2e-05
2e-05
2e-05
2e-05
2e-05
2e-05
2e-05
2e-05
2e-05
3e-05
2e-05
2e-05
2e-05
3e-05
2e-05
2e-05
2e-05
2e-05
2e-05
3e-05
6e-05
2e-05
2e-05
2e-05
2e-05
2e-05
3e-05
2e-05
2e-05
2e-05
2e-05
2e-05
2e-05
2e-05
2e-05
2e-05
3e-05
2e-05
2e-05
2e-05
2e-05
2e-05
2e-05
2e-05
2e-05
2e-05
2e-05
2e-05
2e-05
3e-05
2e-05
2e-05
2e-05
2e-05
2e-05
2e-05
2e-05
2e-05
2e-05
2e-05
2e-05
2e-05
3e-05
2e-05
2e-05
2e-05
2e-05
2e-05
2e-05
2e-05
2e-05
2e-05
2e-05
2e-05
2e-05
2e-05
2e-05
2e-05
3e-05
2e-05
2e-05
2e-05
2e-05
2e-05
2e-05
2e-05
2e-05
2e-05
2e-05
2e-05
3e-05
2e-05
2e-05
2e-05
2e-05
2e-05
2e-05
2e-05
2e-05
2e-05
2e-05
4e-05
2e-05
2e-05
2e-05
2e-05
2e-05
2e-05
2e-05
2e-05
2e-05
3e-05
2e-05
2e-05
2e-05
2e-05
2e-05
2e-05
2e-05
2e-05
2e-05
2e-05
2e-05
2e-05
3e-05
2e-05
2e-05
2e-05
2e-05
2e-05
2e-05
2e-05
2e-05
2e-05
2e-05
2e-05
2e-05
2e-05
2e-05
2e-05
2e-05
2e-05
2e-05
2e-05
2e-05
3e-05
2e-05
2e-05
2e-05
2e-05
2e-05
2e-05
2e-05
2e-05
2e-05
2e-05
2e-05
2e-05
0.00012
2e-05
2e-05
2e-05
2e-05
2e-05
2e-05
2e-05
2e-05
2e-05
2e-05
2e-05
2e-05
2e-05
2e-05
2e-05
2e-05
2e-05
2e-05
2e-05
2e-05
2e-05
2e-05
2e-05
2e-05
2e-05
2e-05
2e-05
2e-05
2e-05
3e-05
2e-05
2e-05
2e-05
2e-05
2e-05
2e-05
2e-05
2e-05
2e-05
2e-05
2e-05
2e-05
2e-05
2e-05
2e-05
2e-05
2e-05
2e-05
2e-05
2e-05
2e-05
2e-05
2e-05
2e-05
2e-05
2e-05
2e-05
2e-05
2e-05
2e-05
2e-05
2e-05
2e-05
2e-05
2e-05
3e-05
2e-05
2e-05
2e-05
2e-05
2e-05
2e-05
2e-05
2e-05
2e-05
2e-05
2e-05
2e-05
2e-05
2e-05
2e-05
2e-05
2e-05
2e-05
2e-05
2e-05
2e-05
2e-05
2e-05
2e-05
2e-05
2e-05
2e-05
2e-05
2e-05
2e-05
2e-05
2e-05
0.00019
2e-05
2e-05
2e-05
2e-05
2e-05
2e-05
2e-05
2e-05
2e-05
2e-05
2e-05
2e-05
2e-05
2e-05
2e-05
2e-05
2e-05
2e-05
2e-05
2e-05
2e-05
2e-05
2e-05
2e-05
2e-05
2e-05
2e-05
2e-05
2e-05
2e-05
0.00016
2e-05
2e-05
2e-05
2e-05
2e-05
2e-05
2e-05
2e-05
2e-05
2e-05
2e-05
2e-05
2e-05
2e-05
2e-05
2e-05
2e-05
2e-05
2e-05
2e-05
2e-05
2e-05
2e-05
2e-05
2e-05
2e-05
2e-05
2e-05
2e-05
2e-05
2e-05
2e-05
2e-05
2e-05
2e-05
3e-05
2e-05
2e-05
2e-05
2e-05
2e-05
2e-05
2e-05
2e-05
2e-05
2e-05
2e-05
2e-05
2e-05
2e-05
2e-05
2e-05
2e-05
2e-05
2e-05
2e-05
2e-05
2e-05
4e-05
2e-05
2e-05
2e-05
2e-05
2e-05
2e-05
2e-05
2e-05
2e-05
2e-05
2e-05
2e-05
2e-05
2e-05
2e-05
2e-05
2e-05
2e-05
2e-05
2e-05
2e-05
2e-05
2e-05
2e-05
2e-05
