0.84353
0.93768
0.95303
0.96605
0.97634
0.98671
0.98998
0.99239
0.99393
0.99316
0.99155
0.95888
0.94792
0.96094
0.96916
0.98188
0.85302
0.74249
0.76436
0.74299
0.72285
0.70845
0.71485
0.79156
0.889
0.89142
0.91974
0.93987
0.94765
0.9658
0.98866
0.99798
0.99765
0.99845
0.99849
0.99856
0.99845
0.99877
0.99849
0.99905
0.99804
0.99914
0.99919
0.99885
0.99938
0.99919
0.9993
0.99924
0.99924
0.99918
0.99935
0.99936
0.99938
0.9994
0.99937
0.9995
0.99937
0.99957
0.99966
0.99961
0.99966
0.9997
0.99966
0.99962
0.99972
0.99957
0.99977
0.99976
0.99977
0.99971
0.99977
0.99973
0.99975
0.99978
0.99982
0.99983
0.9997
0.99984
0.9998
0.99986
0.99985
0.99984
0.99986
0.99988
0.9999
0.99987
0.99988
0.99989
0.9999
0.99989
0.99985
0.99988
0.99987
0.9999
0.9999
0.9999
0.99988
0.99989
0.99989
0.99989
0.99991
0.99991
0.99974
0.99991
0.99993
0.99992
0.99993
0.99992
0.99992
0.99993
0.99991
0.99992
0.9997
0.99989
0.99993
0.99994
0.99994
0.99993
0.99996
0.99993
0.99995
0.99994
0.99971
0.99995
0.99995
0.99996
0.99994
0.99996
0.99995
0.99996
0.99996
0.99994
0.99996
0.99995
0.99995
0.99996
0.99996
0.99996
0.99994
0.99996
0.99996
0.99996
0.99996
0.99995
0.99995
0.99982
0.99995
0.99995
0.99997
0.99996
0.99996
0.99996
0.99996
0.99997
0.99997
0.99997
0.99996
0.99997
0.99997
0.99997
0.99997
0.99997
0.99997
0.99996
0.99997
0.99989
0.99998
0.99994
0.99996
0.99998
0.99997
0.99997
0.99997
0.99997
0.99997
0.99997
0.99997
0.99998
0.99998
0.99997
0.99997
0.99996
0.99997
0.99998
0.99998
0.99997
0.99998
0.99998
0.99997
0.99998
0.99976
0.99998
0.99997
0.99998
0.99998
0.99998
0.99998
0.99969
0.99998
0.99998
0.99998
0.99998
0.99998
0.99998
0.99998
0.99998
0.99998
0.99998
0.99998
0.99998
0.99998
0.99997
0.99999
0.99998
0.99998
0.99998
0.99998
0.99998
0.99998
0.99998
0.99998
0.99998
0.99999
0.99998
0.99996
0.99999
0.99998
0.99998
0.99998
0.99998
0.99998
0.99964
0.99998
0.99997
0.99998
0.99998
0.99998
0.99998
0.99998
0.99999
0.99998
0.99997
0.99998
0.99998
0.99998
0.99998
0.99999
0.99999
0.99998
0.99996
0.99999
0.99999
0.99999
0.99998
0.99999
0.99998
0.99999
0.99999
0.99999
0.99999
0.99999
0.99999
0.99999
0.99999
0.99998
0.99999
0.99999
0.99999
0.99999
0.99999
0.99999
0.99998
0.99999
0.99999
0.99998
0.99999
0.99999
0.99999
0.99999
0.99998
0.99999
0.99999
0.99999
0.99999
0.99999
0.99999
0.99997
0.99999
0.99999
0.99999
0.99999
0.99999
0.99999
0.99999
0.99999
0.99999
0.99999
0.99999
0.99999
0.99999
0.99999
0.99999
0.99999
0.99999
0.99999
0.99999
0.99999
0.99998
0.99999
0.99999
0.99999
0.99998
0.99999
0.99999
0.99999
0.99999
0.99999
0.99942
0.99999
0.99999
0.99997
0.99999
0.99999
0.99999
0.99999
0.99999
0.99999
0.99999
0.99999
1.0
0.99999
0.99999
0.99999
0.99999
0.99999
0.99999
0.99999
0.99999
0.99999
0.99999
0.99999
0.99999
0.99999
0.99999
0.99999
0.99999
0.99999
0.99994
0.99999
0.99999
0.99999
0.99999
0.99999
0.99999
0.99999
0.99999
0.99999
0.99999
0.99999
0.99999
0.99999
0.99999
0.99999
0.99999
0.99999
0.99999
0.99999
0.99999
0.99999
0.99918
0.99999
0.99999
1.0
0.99999
0.99999
0.99999
1.0
1.0
0.99999
0.99999
1.0
1.0
1.0
1.0
1.0
0.99999
1.0
1.0
1.0
0.99999
0.99999
1.0
0.99999
0.99999
1.0
1.0
1.0
1.0
0.99999
1.0
0.99999
1.0
1.0
1.0
1.0
1.0
1.0
1.0
0.99999
0.99999
1.0
1.0
0.99999
0.99969
0.99999
0.99998
0.99999
0.99999
0.99999
1.0
0.99999
0.99999
0.99999
1.0
0.99999
1.0
0.99999
0.99999
1.0
1.0
0.99999
1.0
1.0
1.0
0.99999
1.0
0.99999
0.99999
1.0
1.0
1.0
1.0
0.99999
1.0
1.0
0.99999
1.0
1.0
1.0
1.0
1.0
1.0
0.99999
1.0
1.0
1.0
1.0
1.0
1.0
0.99999
0.99999
1.0
1.0
1.0
1.0
0.99999
1.0
1.0
0.99995
1.0
1.0
0.99999
1.0
0.99999
1.0
1.0
1.0
1.0
1.0
1.0
1.0
1.0
1.0
0.99999
1.0
0.99999
0.99999
0.99999
1.0
1.0
0.99999
0.99999
1.0
0.99999
1.0
1.0
1.0
1.0
0.99999
1.0
1.0
0.99999
0.99999
1.0
0.99999
1.0
1.0
1.0
1.0
1.0
0.99999
1.0
1.0
1.0
0.99999
0.99999
0.99999
1.0
1.0
0.99997
1.0
0.99999
1.0
1.0
1.0
0.99999
0.99999
1.0
1.0
1.0
1.0
0.99999
1.0
1.0
0.99999
0.99999
1.0
0.99999
0.99999
1.0
0.99999
1.0
0.99999
1.0
0.99999
1.0
1.0
1.0
1.0
1.0
1.0
1.0
0.99999
0.99999
1.0
1.0
0.99999
0.99999
0.99999
0.99999
0.99999
1.0
1.0
1.0
1.0
0.99999
1.0
0.99999
1.0
0.99999
0.99999
0.99999
0.99999
0.99999
1.0
1.0
0.99999
0.99999
1.0
0.99999
0.99999
1.0
0.99999
1.0
0.99999
0.99999
1.0
1.0
1.0
1.0
1.0
1.0
1.0
1.0
1.0
0.99999
1.0
0.99999
0.99999
0.99999
0.99999
1.0
1.0
0.99999
0.99999
0.99999
0.99999
0.99999
0.99999
1.0
0.99999
1.0
0.99999
0.99999
1.0
1.0
0.99999
1.0
0.99999
0.99999
1.0
0.99999
0.99998
1.0
1.0
1.0
0.99999
0.99999
1.0
0.99999
1.0
0.99999
1.0
1.0
0.99999
1.0
0.99999
0.99999
1.0
0.99999
0.99999
1.0
0.99999
0.99999
1.0
0.99999
0.99999
0.99996
0.99999
0.99999
0.99999
0.99999
1.0
0.99999
0.99999
0.99999
1.0
1.0
0.99999
1.0
0.99999
1.0
0.99999
0.99999
0.99999
0.99999
0.99999
0.99999
0.99999
0.99999
0.99999
1.0
0.99999
0.99999
0.99999
1.0
0.99999
0.99999
0.99999
0.99999
1.0
0.99999
1.0
1.0
0.99999
0.99999
0.99999
1.0
0.99999
0.99999
0.99999
0.99999
0.99999
1.0
0.99999
1.0
0.99999
0.99999
0.99999
0.99999
0.99999
0.99999
1.0
0.99999
0.99999
0.99999
0.99999
0.99999
0.99999
1.0
1.0
0.99999
0.99999
0.99999
0.99999
0.99999
0.99999
0.99999
0.99999
0.99999
0.99999
0.99999
0.99999
0.99999
0.99999
0.99999
0.99999
0.99999
0.99998
0.99999
0.99999
0.99999
0.99999
0.99999
0.99999
1.0
0.99999
0.99999
0.99999
0.99999
1.0
0.99999
0.99999
0.99999
0.99999
0.99999
0.99999
0.99999
0.99999
0.99999
0.99999
0.99999
0.99999
0.99999
0.99999
0.99999
0.99999
0.99999
0.99999
0.99999
0.99999
1.0
0.99999
1.0
0.99999
0.99999
0.99999
0.99999
0.99999
0.99999
0.99999
0.99999
0.99999
0.99999
0.99999
0.99999
0.99999
0.99999
0.99999
0.99999
0.99999
0.99999
0.99999
0.99999
0.99999
0.9999
1.0
1.0
0.99999
0.99999
0.99999
0.99999
0.99999
0.99999
1.0
1.0
0.99999
1.0
0.99999
0.99999
1.0
0.99999
0.99999
0.99999
0.99999
1.0
1.0
0.99999
0.99999
0.99999
0.99999
0.99999
0.99999
0.99999
1.0
0.99999
1.0
0.99999
1.0
1.0
1.0
0.99999
0.99999
0.99999
0.99999
0.99999
0.99999
0.99999
0.99999
0.99999
0.99999
1.0
0.99999
0.99999
1.0
0.99999
1.0
0.99999
0.99999
0.99999
1.0
0.99999
0.99999
0.99999
0.99999
0.99999
0.99999
0.99999
1.0
0.99999
0.99999
0.99998
0.99999
0.99999
0.99999
0.99999
0.99999
0.99999
0.99999
0.99999
1.0
0.99999
0.99999
0.99999
0.99999
1.0
0.99999
0.99999
0.99999
1.0
0.99999
0.99999
0.99999
0.99999
1.0
1.0
1.0
1.0
0.99999
0.99999
1.0
1.0
0.99999
0.99999
0.99984
1.0
1.0
1.0
0.99999
1.0
1.0
0.99999
1.0
1.0
1.0
1.0
1.0
1.0
1.0
1.0
1.0
0.99999
1.0
1.0
1.0
1.0
1.0
1.0
1.0
0.99999
1.0
1.0
1.0
0.99999
1.0
0.99989
1.0
1.0
1.0
1.0
1.0
1.0
1.0
1.0
1.0
0.99999
1.0
0.99999
1.0
1.0
1.0
1.0
0.99999
1.0
1.0
0.99999
1.0
1.0
1.0
1.0
1.0
1.0
1.0
1.0
1.0
1.0
1.0
1.0
1.0
1.0
1.0
0.99999
1.0
1.0
1.0
0.99999
1.0
1.0
1.0
1.0
0.99999
1.0
0.99999
0.99999
0.99999
1.0
1.0
0.99999
1.0
1.0
1.0
0.99999
1.0
1.0
0.99997
1.0
1.0
0.99999
1.0
1.0
1.0
0.99999
1.0
0.99999
1.0
1.0
1.0
1.0
1.0
1.0
1.0
1.0
1.0
0.99999
0.99999
0.99999
1.0
1.0
1.0
1.0
