0.48747
0.48556
0.48302
0.47141
0.4504
0.41713
0.38086
0.35486
0.32409
0.29659
0.27949
0.2505
0.22389
0.19704
0.17495
0.15343
0.1352
0.11357
0.10247
0.09475
0.10326
0.10406
0.07859
0.06593
0.09264
0.08273
0.06819
0.05794
0.04773
0.04173
0.03943
0.04276
0.03556
0.03072
0.02651
0.0256
0.02206
0.02053
0.01956
0.0198
0.01993
0.01661
0.01542
0.01458
0.01424
0.0159
0.01643
0.0178
0.01557
0.01491
0.01375
0.01287
0.01238
0.01266
0.01259
0.0109
0.00988
0.01005
0.00983
0.00926
0.00959
0.00836
0.00892
0.00861
0.00834
0.00797
0.0095
0.00768
0.00882
0.00817
0.00779
0.00741
0.00678
0.00634
0.00611
0.00575
0.00548
0.00528
0.00516
0.00501
0.00474
0.00455
0.00444
0.00433
0.00411
0.00382
0.00382
0.0035
0.00358
0.00402
0.04336
0.11169
0.20867
0.0504
0.02999
0.33187
0.18286
0.06419
0.02893
0.02451
0.03368
0.029
0.01879
0.01415
0.28123
0.26213
0.259
0.11378
0.15066
0.06981
0.06563
0.0542
0.02794
0.01582
0.019
0.04292
0.02267
0.02994
0.38404
0.23875
0.28978
0.31944
0.17574
0.0983
0.09013
0.15626
0.22075
0.25319
0.29299
0.23599
0.25538
0.28756
0.23521
0.28483
0.25462
0.22822
0.17526
0.28334
0.27955
0.32365
0.3187
0.35132
0.25563
0.29815
0.33549
0.31415
0.30777
0.27738
0.20375
0.34631
0.33479
0.31779
0.30299
0.32516
0.35345
0.35178
0.3505
0.33257
0.31894
0.31372
0.32981
0.24789
0.31021
0.25206
0.30119
0.32538
0.25576
0.28542
0.26133
0.29067
0.28494
0.25564
0.41819
0.408
0.39704
0.40346
0.39844
0.41421
0.3955
0.38904
0.38621
0.39775
0.38039
0.38868
0.38456
0.39155
0.3902
0.38662
0.402
0.39497
0.39838
0.37701
0.37667
0.39323
0.41243
0.40769
0.35677
0.35187
0.40061
0.3963
0.41764
0.40455
0.40817
0.40961
0.41669
0.41933
0.40743
0.41345
0.41131
0.41376
0.43073
0.41609
0.423
0.41572
0.42718
0.42071
0.42381
0.42562
0.42081
0.41446
0.41572
0.42026
0.42779
0.42431
0.42155
0.42212
0.42579
0.42561
0.42985
0.43224
0.40137
0.42403
0.41566
0.41271
0.41799
0.41856
0.41963
0.42429
0.43144
0.43444
0.42717
0.43168
0.43082
0.42475
0.42492
0.42542
0.43112
0.43137
0.44146
0.43488
0.43418
0.4297
0.43432
0.4342
0.43603
0.43771
0.44097
0.43928
0.42779
0.44168
0.43118
0.42662
0.4263
0.43557
0.42798
0.43071
0.42205
0.43547
0.4242
0.43407
0.43656
0.43251
0.43368
0.43709
0.43027
0.43539
0.43686
0.43917
0.44372
0.44612
0.44786
0.4423
0.43766
0.43367
0.44138
0.44996
0.44169
0.44074
0.4349
0.42911
0.44006
0.44518
0.44121
0.4433
0.43818
0.44531
0.43599
0.44409
0.44493
0.45085
0.44314
0.43871
0.44045
0.43901
0.43904
0.44565
0.43701
0.44447
0.45118
0.45227
0.44678
0.45187
0.44955
0.45091
0.43939
0.44976
0.44851
0.45028
0.44903
0.44846
0.44774
0.45116
0.45353
0.44857
0.44542
0.44457
0.44605
0.44935
0.43991
0.43852
0.43999
0.44883
0.44041
0.44614
0.44976
0.44872
0.45016
0.44965
0.44639
0.446
0.44919
0.44131
0.44101
0.44732
0.44424
0.44354
0.43751
0.44181
0.4391
0.4505
0.44121
0.45134
0.45656
0.45259
0.44999
0.45715
0.4519
0.45354
0.45587
0.45356
0.45747
0.44531
0.45323
0.44872
0.4481
0.4514
0.44723
0.45223
0.44855
0.45185
0.44977
0.44879
0.44238
0.44892
0.44456
0.45009
0.44632
0.45245
0.45376
0.4445
0.44029
0.44883
0.44889
0.45442
0.45006
0.44833
0.44973
0.46706
0.45067
0.45282
0.45977
0.45193
0.45397
0.454
0.44385
0.4539
0.44687
0.45181
0.45241
0.45053
0.454
0.45597
0.45851
0.45078
0.45559
0.45096
0.45483
0.45307
0.4563
0.45091
0.4503
0.4533
0.44454
0.4568
0.44712
0.45125
0.45646
0.45355
0.44672
0.44651
0.45211
0.44915
0.44696
0.44464
0.45039
0.44626
0.43478
0.45027
0.44809
0.45799
0.44334
0.43993
0.44084
0.44243
0.43974
0.46496
0.44784
0.45243
0.44613
0.44
0.45749
0.44287
0.45617
0.44173
0.44884
0.44636
0.4514
0.45096
0.44908
0.45182
0.44694
0.45541
0.44695
0.45147
0.45649
0.44902
0.45858
0.45685
0.46079
0.4563
0.4567
0.45953
0.46075
0.45473
0.45774
0.46144
0.45462
0.45407
0.45408
0.44749
0.45512
0.4613
0.45191
0.4525
0.45899
0.45941
0.45635
0.45815
0.45424
0.46377
0.46129
0.45736
0.45832
0.46308
0.45656
0.46077
0.45805
0.46047
0.45914
0.45728
0.45875
0.45738
0.4671
0.45701
0.46022
0.4548
0.46848
0.44964
0.46719
0.45296
0.45799
0.45545
0.4588
0.45817
0.45645
0.46258
0.46519
0.45814
0.4594
0.46065
0.46369
0.4541
0.46002
0.45898
0.46011
0.45982
0.46246
0.46789
0.46081
0.45972
0.46376
0.45563
0.4565
0.46224
0.46076
0.46259
0.46196
0.46002
0.45909
0.45281
0.45694
0.4497
0.47281
0.46067
0.45958
0.45506
0.46603
0.46432
0.46283
0.46717
0.46956
0.47116
0.46588
0.46618
0.46757
0.46642
0.46173
0.46579
0.46849
0.47407
0.47366
0.46751
0.46563
0.47378
0.46698
0.4756
0.4695
0.47299
0.47151
0.4712
0.47258
0.47309
0.47368
0.468
0.46833
0.46877
0.46094
0.46629
0.47383
0.47186
0.47101
0.47265
0.46509
0.46847
0.46381
0.47176
0.46476
0.47527
0.47571
0.46987
0.46893
0.46615
0.46841
0.46376
0.46323
0.46606
0.47023
0.47061
0.474
0.46781
0.47141
0.4736
0.4652
0.4643
0.4716
0.45477
0.46526
0.47288
0.47951
0.47198
0.47329
0.46841
0.46838
0.47156
0.48071
0.47626
0.47551
0.4699
0.47827
0.47494
0.47275
0.47582
0.47429
0.47024
0.47645
0.47821
0.47651
0.47565
0.48107
0.47998
0.47861
0.4748
0.47245
0.47626
0.47904
0.47689
0.46648
0.47878
0.47708
0.47548
0.47521
0.47963
0.47758
0.47482
0.47798
0.48165
0.48722
0.48401
0.47846
0.47934
0.47669
0.47538
0.47299
0.47482
0.47288
0.47313
0.47341
0.47653
0.47258
0.47756
0.48382
0.48259
0.48002
0.48302
0.48007
0.48601
0.48481
0.48385
0.48161
0.48156
0.47834
0.48014
0.48094
0.48532
0.48578
0.48576
0.48636
0.48193
0.48409
0.47855
0.48389
0.48186
0.48302
0.4877
0.48203
0.48486
0.47999
0.484
0.48578
0.4878
0.484
0.48858
0.48288
0.48139
0.47984
0.48363
0.48069
0.48275
0.4817
0.48253
0.48396
0.48517
0.48607
0.4863
0.48634
0.48379
0.48554
0.48174
0.48486
0.48538
0.48369
0.48176
0.4777
0.47566
0.47843
0.47983
0.47951
0.48103
0.48354
0.4802
0.48131
0.47872
0.4802
0.47988
0.48039
0.48321
0.48643
0.4808
0.48661
0.48208
0.47986
0.48163
0.48257
0.48369
0.48134
0.47968
0.48121
0.48175
0.48262
0.47875
0.48443
0.48579
0.48268
0.48957
0.48392
0.48657
0.48297
0.48241
0.48605
0.48305
0.48602
0.48557
0.48523
0.48562
0.48142
0.48268
0.48718
0.4866
0.48432
0.48342
0.4849
0.48416
0.48308
0.47917
0.48554
0.48403
0.4874
0.48712
0.48448
0.4849
0.49108
0.48485
0.4831
0.48483
0.48184
0.48375
0.48119
0.48381
0.48145
0.48257
0.48579
0.48844
0.48493
0.48257
0.48352
0.48447
0.47958
0.47462
0.48182
0.48501
0.48314
0.48453
0.47828
0.47902
0.48203
0.48583
0.47687
0.48369
0.48385
0.48058
0.47879
0.48105
0.48065
0.48091
0.48532
0.48208
0.48462
0.48284
0.48184
0.48433
0.48129
0.48367
0.48023
0.48355
0.4806
0.48372
0.48778
0.48665
0.48215
0.48783
0.48298
0.48535
0.48861
0.48627
0.48615
0.4894
0.48547
0.48891
0.48223
0.48524
0.48762
0.48606
0.48677
0.48848
0.48851
0.48892
0.48829
0.49097
0.48856
0.48566
0.48722
0.48872
0.48852
0.48676
0.49061
0.49149
0.4885
0.48898
0.48948
0.49014
0.49127
0.48825
0.48779
0.48912
0.48943
0.48867
0.48965
0.48871
0.48797
0.48792
0.48737
0.48938
0.48767
0.49053
0.48604
0.48673
0.48995
0.48967
0.48887
0.48966
0.49004
0.48906
0.48842
0.48583
0.48669
0.48947
0.48901
0.49118
0.48982
0.49
0.49348
0.48541
0.4869
0.4878
0.48916
0.48648
0.49009
0.48944
0.48325
0.48279
0.4909
0.48479
0.48691
0.48907
0.48595
0.48891
0.49114
0.48925
0.49415
0.49116
0.49026
0.48896
0.48863
0.48996
0.4893
0.4879
0.48978
0.48929
0.48694
0.48993
0.48615
0.48944
0.488
0.4922
0.4896
0.48993
0.48735
0.48999
0.48945
0.48784
0.49097
0.49116
0.49287
0.4922
0.49131
0.49022
0.4884
0.48863
0.48823
0.48525
0.48628
0.48987
0.48288
0.48243
0.4845
0.48325
0.48517
0.48363
0.48859
0.48535
0.4845
0.48397
0.48628
0.48473
0.48512
0.48458
0.48671
0.48636
0.48689
0.48803
0.486
0.48592
0.49032
0.4867
0.48714
0.4864
0.48678
0.48943
0.48817
0.48721
0.48635
0.48731
0.48699
0.48536
0.48616
0.49113
0.48971
0.48747
0.48717
0.48843
0.48943
0.48914
0.48675
0.48659
0.4885
0.49121
0.48736
0.48927
0.48937
0.49204
0.48826
0.48869
0.48799
0.49049
0.49256
0.48878
0.48886
0.48861
0.48803
0.48576
0.48841
0.48913
0.49111
0.49159
0.49104
0.4932
0.4942
0.49217
0.49135
0.49282
0.49322
0.48999
0.49116
0.48898
0.48804
0.49107
0.49465
0.48751
0.49073
0.49107
0.49099
0.4907
0.49114
0.49261
0.49248
0.49203
0.49223
0.49221
0.49346
0.49484
0.48769
0.49296
0.49193
0.48867
0.49025
0.49208
0.49235
0.49373
0.49176
0.4903
0.49224
0.49099
0.49239
0.49297
0.4897
0.49181
0.49055
0.49125
0.49059
0.49203
0.48981
0.48909
0.49078
0.49072
0.49047
0.48977
0.49023
0.49116
0.49205
0.49291
0.49371
0.49172
0.49364
0.49365
0.49113
0.49438
0.49408
0.49398
0.49465
0.49306
0.49236
0.49146
0.49384
0.49023
0.49391
0.49318
0.49413
0.49218
0.4956
0.49341
0.49416
0.49313
0.491
0.49233
0.49364
0.49307
0.49376
0.49452
0.49308
0.4929
0.49478
0.49348
0.49121
0.49256
0.49129
0.49457
0.49442
0.49302
0.49318
0.49416
0.49366
0.4958
0.49402
0.495
0.49502
0.49418
0.4923
0.49598
0.49426
0.49562
0.49384
0.49555
0.49348
0.49262
0.49422
0.49307
0.49504
0.4941
0.49055
0.49258
0.49056
0.49086
0.49413
0.4942
0.49339
0.49224
0.49245
0.49361
0.48972
0.48941
0.49283
0.49224
0.49192
0.4923
0.49513
0.49158
0.49437
0.48997
0.49287
0.49105
0.49303
0.49197
0.4927
0.49159
0.491
0.49171
0.49368
0.49112
0.49515
0.49653
0.49361
0.49378
0.49611
0.49693
0.49436
0.49491
0.49352
0.49308
0.49401
0.49671
0.494
0.49502
0.49381
0.49499
0.49681
0.49322
0.49529
0.49576
0.49469
0.49465
0.49444
0.49491
0.49683
0.49341
0.49258
0.49405
0.49346
0.49374
0.49309
0.49395
0.49597
0.4937
0.49304
0.49551
0.49463
0.49392
0.4924
0.49271
0.49348
0.49426
0.4949
0.49637
0.49438
0.49603
0.49548
0.49468
0.49431
0.49354
0.49301
0.49558
0.49267
0.49252
0.49231
0.49475
0.49594
0.49381
0.49447
0.49568
0.49412
0.4949
0.49412
0.49525
0.49296
0.49361
0.4941
0.49343
0.49355
0.4941
0.49341
0.49618
0.49368
0.49353
0.49366
0.49424
0.4939
0.49384
0.49234
0.49201
0.49328
0.4921
0.49574
0.49342
0.49588
0.49229
0.49435
0.49353
0.49421
0.49491
0.49289
0.49636
0.49237
0.49515
0.49471
0.49224
0.49444
0.49512
0.49538
0.49486
0.49507
0.49493
0.49501
0.49255
0.4949
0.49235
0.49345
0.49491
0.4944
0.49467
0.48886
0.47483
0.49005
0.48853
0.49005
0.49404
0.49136
0.49197
0.49225
0.49517
0.4944
0.49257
0.49416
0.49532
0.49366
0.49575
0.49381
0.49352
0.4937
0.4953
0.49446
0.49527
0.49414
0.49349
0.49408
0.49456
0.49432
0.49146
0.49534
0.4955
0.49535
0.4923
0.49307
0.49401
0.49455
0.49509
0.49539
0.49403
0.49536
0.49495
0.49253
0.49636
0.49337
0.4952
0.49434
0.49342
0.49599
0.49486
0.49574
0.49672
0.49374
0.49472
0.49451
0.49579
0.49473
0.49331
0.4947
0.49372
0.49374
0.49548
0.49553
0.49312
0.49646
0.49418
0.49664
0.49581
0.49565
0.49526
0.4967
0.4946
0.49401
0.49487
0.49525
0.4951
0.49435
0.4934
0.49543
0.4955
0.4961
0.49619
0.49505
0.4951
0.49484
0.4967
0.49594
0.49688
0.49595
0.49661
0.49762
0.49499
0.49572
0.49573
0.49526
0.49691
0.49561
0.49595
0.49542
0.4969
0.49491
0.49386
0.49587
0.49794
0.49487
0.4954
0.49577
0.49619
0.49446
0.4955
0.49618
0.49443
0.49655
0.49473
0.49518
0.49348
0.49782
0.49677
0.4955
0.49696
0.49569
0.49609
0.49464
0.49547
0.49595
0.49657
0.49646
0.497
0.49608
0.49836
0.49576
0.49806
0.49626
0.49573
0.49531
0.49619
0.49638
0.49614
0.49469
0.49657
0.49578
0.49548
0.49568
0.49693
0.49713
0.4955
0.49618
0.49646
0.49487
0.49838
0.49448
0.49603
0.4965
0.49631
0.49569
0.49542
0.49574
0.49498
0.49598
0.4971
0.49682
0.49732
0.49749
0.49641
0.49566
0.49559
0.49679
0.49657
0.4962
0.49751
0.49402
0.49645
0.49552
0.49708
0.49633
0.49619
0.49541
0.49572
0.49459
0.4945
0.49616
0.49691
0.49497
0.49536
0.49687
0.49575
0.49731
0.49539
0.49607
0.49578
0.49503
0.4954
0.49559
0.49601
0.49737
0.49542
0.49458
0.49526
0.49617
0.49498
0.49484
0.49446
0.49393
0.49462
0.49442
0.49385
0.4964
0.49352
0.49434
0.49363
0.49374
0.49225
0.49361
0.49376
0.49571
0.49573
0.49533
0.4943
0.49696
0.49411
0.49503
0.49698
0.49406
0.49566
0.49565
0.49579
0.49443
0.4964
0.49506
0.49514
0.49656
0.49576
0.49567
0.49573
0.49612
0.49654
0.49694
0.49433
0.49589
0.49622
0.49673
0.49654
0.49557
0.4965
0.49558
0.49595
0.49546
0.49639
0.49691
0.49656
0.49686
0.49597
0.49555
0.49498
0.4946
0.49547
0.49691
0.494
0.49684
0.49511
0.49466
0.49292
0.49396
0.49435
