0.71949
0.72359
0.72933
0.75451
0.80172
0.88079
0.97529
1.05552
1.15034
1.23894
1.29746
1.41153
1.52848
1.66103
1.78484
1.92308
2.05588
2.23457
2.34224
2.41615
2.32641
2.31864
2.59595
2.78315
2.46326
2.58153
2.79218
2.93782
3.12642
3.28103
3.35074
3.28153
3.47147
3.61644
3.77076
3.80732
3.9601
4.02687
4.0698
4.0577
4.0357
4.23365
4.29765
4.34778
4.37017
4.29552
4.25777
4.18209
4.29616
4.34107
4.42389
4.49289
4.53379
4.50365
4.51266
4.65783
4.75593
4.73352
4.74568
4.80791
4.78117
4.92502
4.85771
4.90091
4.9306
4.98503
4.84444
5.09031
4.93222
5.02385
5.06526
5.11382
5.2029
5.26784
5.30505
5.3673
5.41891
5.46005
5.48035
5.50777
5.56543
5.60544
5.62732
5.64903
5.70973
5.78696
5.78735
5.87831
5.85408
5.73045
4.85168
2.63592
1.99419
3.34028
3.86398
1.67576
2.00396
3.11113
3.83968
4.01596
3.69439
3.76991
4.1337
4.46957
1.78232
1.64456
1.72136
2.50069
2.33243
2.92526
2.91136
3.04313
3.76625
4.3798
4.32479
3.54177
4.15916
3.98213
1.16263
1.73676
1.47965
1.37241
2.0849
2.66751
2.81499
2.34636
1.78726
1.73569
1.47124
1.74037
1.58969
1.48256
1.74577
1.47678
1.59186
1.77291
2.12407
1.54791
1.50613
1.38087
1.35721
1.24571
1.58603
1.48634
1.28767
1.35836
1.36541
1.505
1.84054
1.25116
1.27538
1.35077
1.39668
1.32936
1.21432
1.17923
1.23428
1.28885
1.29196
1.35701
1.26163
1.59177
1.38353
1.58869
1.41236
1.2876
1.54954
1.44025
1.53925
1.46731
1.48544
1.57534
1.00391
0.99596
1.0179
1.02269
1.00107
0.97393
1.01216
1.05059
1.0501
1.01996
1.07089
1.04992
1.05514
1.03469
1.03227
1.04062
1.00448
1.00818
1.00885
1.06996
1.07428
1.02615
0.9843
0.97151
1.1312
1.16406
0.9936
0.99727
0.95049
0.9776
0.96759
0.96106
0.93812
0.93188
0.96674
0.95219
0.95104
0.95731
0.92788
0.93362
0.91035
0.93027
0.91498
0.93063
0.90687
0.90612
0.93045
0.94307
0.94157
0.93146
0.90717
0.91022
0.91746
0.91479
0.91173
0.91285
0.89755
0.89217
0.9687
0.92693
0.93439
0.9367
0.93393
0.91736
0.92864
0.91139
0.89884
0.88546
0.90054
0.89068
0.89551
0.9099
0.91491
0.90821
0.89213
0.89229
0.85845
0.87392
0.87452
0.8889
0.87863
0.87493
0.87892
0.86837
0.8562
0.85875
0.88817
0.87762
0.88246
0.89245
0.89548
0.87506
0.88717
0.88356
0.90819
0.87339
0.90702
0.87565
0.86603
0.87578
0.87574
0.86424
0.88104
0.86774
0.86082
0.86671
0.84566
0.83755
0.83589
0.85039
0.85657
0.87142
0.84666
0.8399
0.84401
0.86169
0.86319
0.87454
0.85714
0.85141
0.84772
0.83927
0.85702
0.84266
0.8616
0.83888
0.83367
0.8262
0.84844
0.85174
0.85287
0.85991
0.85139
0.83533
0.85796
0.83582
0.81862
0.81521
0.83061
0.81566
0.82523
0.819
0.84597
0.82215
0.8243
0.8188
0.82866
0.82698
0.82936
0.81599
0.81609
0.82293
0.83162
0.83567
0.83419
0.82455
0.84857
0.84829
0.84629
0.83083
0.84481
0.82936
0.82706
0.82119
0.81729
0.82327
0.8349
0.83297
0.8235
0.83889
0.84676
0.82544
0.84354
0.83155
0.8572
0.8392
0.84412
0.82509
0.83741
0.8162
0.80169
0.81108
0.81799
0.80052
0.81741
0.81416
0.80299
0.80638
0.79583
0.82462
0.80947
0.81777
0.82516
0.81625
0.82104
0.81176
0.81995
0.81196
0.81716
0.8225
0.83577
0.82378
0.82785
0.82319
0.82289
0.8157
0.81111
0.83082
0.83792
0.81732
0.81732
0.80557
0.81794
0.81693
0.81273
0.781
0.80958
0.80284
0.79676
0.80591
0.80315
0.80622
0.82672
0.80457
0.82127
0.80738
0.80798
0.81601
0.81651
0.79752
0.79529
0.80929
0.8015
0.81257
0.80257
0.80553
0.80805
0.8098
0.81766
0.81144
0.83182
0.79786
0.8202
0.80796
0.79502
0.80067
0.82114
0.82107
0.81563
0.82093
0.81915
0.8272
0.81537
0.82367
0.85314
0.8152
0.82221
0.79126
0.8277
0.84072
0.83755
0.8361
0.83728
0.78418
0.81446
0.80586
0.82354
0.83533
0.81427
0.82637
0.79557
0.83156
0.81763
0.81889
0.80955
0.81011
0.81593
0.80506
0.82467
0.80179
0.81678
0.81058
0.79572
0.8148
0.78898
0.79729
0.78629
0.79447
0.80078
0.78859
0.7912
0.80019
0.79118
0.78441
0.79917
0.80058
0.80319
0.82314
0.80596
0.78259
0.80504
0.80508
0.79168
0.78583
0.79478
0.79559
0.80071
0.77771
0.78196
0.79196
0.79322
0.78058
0.79224
0.78494
0.79355
0.78441
0.78667
0.7922
0.78752
0.79289
0.77786
0.79499
0.78649
0.80059
0.78159
0.81181
0.76954
0.80295
0.78904
0.79627
0.78809
0.79147
0.79624
0.78073
0.77542
0.79677
0.7874
0.78899
0.777
0.80316
0.78709
0.78782
0.78672
0.78965
0.7801
0.76988
0.78441
0.78523
0.77609
0.79905
0.79477
0.78223
0.79081
0.77839
0.78113
0.7852
0.78672
0.8033
0.79513
0.81208
0.77316
0.78354
0.78609
0.79599
0.77102
0.77394
0.7781
0.76938
0.76251
0.75927
0.77035
0.77073
0.76861
0.77082
0.78327
0.77438
0.76576
0.75291
0.75388
0.7684
0.7724
0.755
0.76871
0.7496
0.76371
0.75668
0.75814
0.75937
0.75578
0.75541
0.75353
0.76631
0.76619
0.76412
0.78439
0.77081
0.75468
0.75671
0.75899
0.75593
0.77332
0.76418
0.7767
0.75882
0.77274
0.74997
0.74843
0.7616
0.76357
0.77248
0.76588
0.77613
0.77738
0.77192
0.76154
0.75944
0.75268
0.76596
0.75875
0.75333
0.77257
0.77449
0.75911
0.79946
0.77518
0.7557
0.74011
0.75651
0.75386
0.7642
0.7643
0.75839
0.73786
0.7466
0.74792
0.76236
0.74372
0.74996
0.75458
0.74859
0.75211
0.76137
0.7467
0.74284
0.74605
0.74846
0.73608
0.73852
0.74262
0.75323
0.75565
0.74747
0.74154
0.74634
0.77409
0.74404
0.74532
0.74774
0.74886
0.73967
0.74441
0.75034
0.74526
0.73531
0.72311
0.72962
0.74167
0.7398
0.74509
0.74895
0.75467
0.75009
0.7536
0.75474
0.75307
0.74574
0.75559
0.74533
0.7303
0.73286
0.73862
0.73172
0.73832
0.72564
0.7281
0.7297
0.73452
0.7354
0.7425
0.73889
0.73591
0.72698
0.72553
0.72539
0.7247
0.73423
0.72908
0.74061
0.72995
0.7351
0.73124
0.72114
0.73309
0.72753
0.73869
0.72979
0.72555
0.72151
0.72957
0.72003
0.73217
0.73513
0.73832
0.73034
0.73656
0.73227
0.73461
0.73247
0.72909
0.72654
0.72461
0.72433
0.72461
0.73006
0.72609
0.73437
0.72757
0.7266
0.73024
0.73597
0.74314
0.74754
0.74155
0.73879
0.73953
0.7361
0.73051
0.73795
0.73629
0.74059
0.73761
0.73884
0.73765
0.73194
0.72422
0.73604
0.72417
0.7339
0.73897
0.73643
0.73223
0.73077
0.73554
0.73948
0.7366
0.73451
0.73264
0.74046
0.72887
0.72525
0.73172
0.71735
0.72893
0.72384
0.73104
0.73297
0.72444
0.73129
0.7255
0.72611
0.72657
0.72711
0.73511
0.73231
0.7231
0.72362
0.72848
0.7307
0.72737
0.72883
0.73122
0.73938
0.72685
0.72949
0.72233
0.72277
0.72782
0.72701
0.7148
0.727
0.73146
0.728
0.73395
0.73061
0.73513
0.73024
0.7347
0.73248
0.72514
0.71955
0.72658
0.73205
0.72964
0.72795
0.73888
0.74982
0.73478
0.72706
0.73107
0.72815
0.74201
0.74
0.73437
0.72732
0.74472
0.73059
0.72981
0.73658
0.74038
0.73623
0.73976
0.73599
0.7264
0.73273
0.72744
0.73156
0.73387
0.72877
0.73519
0.72965
0.7376
0.73067
0.73679
0.7295
0.72145
0.72381
0.73363
0.72115
0.73083
0.72617
0.71939
0.72399
0.72434
0.7183
0.72542
0.7185
0.73271
0.72646
0.72103
0.72417
0.72302
0.71973
0.71931
0.7187
0.71994
0.71443
0.71885
0.72537
0.7224
0.71871
0.71937
0.72284
0.71496
0.71316
0.71902
0.71848
0.71665
0.71569
0.71332
0.71978
0.7205
0.7179
0.71727
0.71891
0.71665
0.71879
0.72027
0.72018
0.7215
0.71719
0.72106
0.71522
0.72421
0.72295
0.71604
0.71623
0.7181
0.71629
0.71582
0.71796
0.71914
0.72495
0.72344
0.71738
0.71795
0.71345
0.71676
0.71594
0.70858
0.72565
0.72242
0.72021
0.71778
0.7234
0.71604
0.71711
0.73037
0.73105
0.71439
0.7274
0.72355
0.71749
0.72371
0.71796
0.7133
0.71723
0.70708
0.71322
0.71508
0.71799
0.71884
0.716
0.71736
0.72022
0.71628
0.71709
0.72219
0.71559
0.7236
0.71703
0.71993
0.71137
0.71627
0.71632
0.72113
0.716
0.71687
0.72058
0.71398
0.71329
0.70979
0.7111
0.71275
0.71492
0.71892
0.71841
0.71923
0.72574
0.72391
0.71616
0.73116
0.732
0.72785
0.73064
0.72685
0.72945
0.71883
0.726
0.72823
0.72915
0.72405
0.72686
0.7263
0.72735
0.72318
0.7236
0.72253
0.72012
0.72424
0.7245
0.71526
0.72271
0.72193
0.72326
0.7229
0.71781
0.72025
0.72174
0.72341
0.72175
0.72233
0.72553
0.72427
0.7139
0.71673
0.72157
0.72186
0.71905
0.71697
0.71778
0.72292
0.72312
0.71882
0.7131
0.72132
0.71728
0.71705
0.71156
0.71997
0.71843
0.71992
0.71463
0.71022
0.71811
0.71793
0.71855
0.71969
0.72502
0.71943
0.71746
0.71318
0.71214
0.71351
0.70872
0.70667
0.71106
0.71304
0.70977
0.70894
0.71557
0.71324
0.71792
0.71982
0.71377
0.70597
0.721
0.71446
0.71342
0.71352
0.71404
0.71304
0.71008
0.71049
0.71117
0.71099
0.71126
0.70856
0.70583
0.72041
0.70955
0.71148
0.71814
0.71506
0.71118
0.71064
0.70774
0.7119
0.71477
0.71059
0.71354
0.71073
0.70938
0.71602
0.71193
0.71422
0.71291
0.71415
0.71129
0.71576
0.71751
0.71394
0.71423
0.71477
0.71607
0.71523
0.7134
0.71153
0.70964
0.70744
0.7117
0.70771
0.70801
0.71313
0.70645
0.70672
0.70716
0.70561
0.70898
0.71042
0.7124
0.70752
0.71465
0.70723
0.70854
0.7068
0.71083
0.70378
0.70808
0.70661
0.70867
0.71297
0.71025
0.70763
0.70873
0.70731
0.70573
0.70876
0.70903
0.70526
0.70794
0.71283
0.71007
0.71238
0.70564
0.70604
0.70886
0.70844
0.70645
0.70763
0.70323
0.70665
0.70465
0.70468
0.70671
0.71029
0.70291
0.70641
0.70357
0.70715
0.70377
0.70807
0.70949
0.70618
0.70872
0.70445
0.7066
0.71405
0.70997
0.71411
0.71341
0.70676
0.70649
0.70814
0.71062
0.71026
0.70805
0.71662
0.71745
0.70939
0.71073
0.71124
0.71062
0.70474
0.71178
0.70602
0.71496
0.70899
0.71276
0.7089
0.71119
0.70999
0.712
0.71309
0.71169
0.70751
0.71265
0.70435
0.70157
0.70723
0.70726
0.70241
0.70063
0.70589
0.70482
0.70768
0.70875
0.7069
0.70151
0.70672
0.7047
0.70709
0.70476
0.70096
0.70848
0.70403
0.70303
0.70534
0.70536
0.70563
0.705
0.70094
0.70809
0.70967
0.70663
0.70774
0.70727
0.70875
0.70678
0.70267
0.70728
0.7086
0.70368
0.70567
0.70702
0.71009
0.70955
0.70805
0.70641
0.70489
0.70172
0.70588
0.70255
0.70353
0.70503
0.7059
0.70748
0.70873
0.70351
0.70951
0.70987
0.71011
0.70503
0.70281
0.70706
0.70554
0.70317
0.7064
0.70483
0.70628
0.7043
0.70873
0.70773
0.70641
0.70768
0.70777
0.70652
0.70782
0.70229
0.70762
0.70756
0.70736
0.70597
0.7068
0.70693
0.71003
0.71083
0.70832
0.71076
0.70306
0.70798
0.70279
0.70997
0.70607
0.70763
0.70607
0.70476
0.70909
0.70195
0.71003
0.70424
0.70507
0.71018
0.70569
0.70443
0.70381
0.70488
0.70439
0.70482
0.70454
0.70961
0.70476
0.70998
0.70778
0.70488
0.70578
0.70587
0.71733
0.75003
0.71591
0.71851
0.71509
0.70675
0.71216
0.71087
0.71023
0.70435
0.70581
0.70956
0.70616
0.70383
0.70727
0.70339
0.70697
0.70763
0.70736
0.70385
0.70557
0.70379
0.70618
0.70752
0.70663
0.70548
0.70579
0.71197
0.70394
0.70354
0.70364
0.71012
0.7089
0.70679
0.70543
0.70442
0.70386
0.70637
0.70393
0.70454
0.70983
0.70171
0.70783
0.70403
0.7058
0.70765
0.70254
0.70478
0.70307
0.70092
0.70697
0.70502
0.70539
0.70273
0.70509
0.70819
0.70514
0.70707
0.70711
0.70369
0.70354
0.70826
0.70154
0.70614
0.70117
0.70265
0.70311
0.70387
0.70088
0.70524
0.70637
0.70475
0.7039
0.70425
0.70582
0.70769
0.70361
0.70328
0.70217
0.702
0.70434
0.7042
0.7046
0.70094
0.70247
0.70052
0.70245
0.70121
0.69911
0.70441
0.70294
0.70284
0.70381
0.70044
0.7032
0.70246
0.70347
0.7004
0.70491
0.70667
0.70262
0.69839
0.70457
0.7035
0.70268
0.70183
0.70543
0.70335
0.70195
0.70552
0.70122
0.70492
0.70391
0.70746
0.69876
0.70062
0.70312
0.70019
0.70288
0.70205
0.70487
0.70334
0.70228
0.70105
0.70122
0.7001
0.70213
0.69746
0.7027
0.6981
0.70185
0.70283
0.70363
0.7019
0.70142
0.70194
0.70476
0.70109
0.7028
0.70337
0.70305
0.7004
0.70004
0.7033
0.70209
0.70133
0.70454
0.6976
0.70544
0.70225
0.7015
0.7018
0.70286
0.70341
0.70277
0.70423
0.70212
0.69987
0.70051
0.69952
0.69929
0.70134
0.703
0.70297
0.7006
0.70106
0.70179
0.69921
0.70618
0.70133
0.7031
0.69996
0.70146
0.70171
0.7034
0.70277
0.70532
0.70525
0.70179
0.70035
0.70425
0.70341
0.70045
0.70269
0.69958
0.70349
0.70214
0.70272
0.7043
0.7036
0.703
0.70213
0.69945
0.7034
0.70517
0.70379
0.70191
0.70431
0.70464
0.70541
0.70649
0.70516
0.70566
0.70687
0.7016
0.70752
0.7058
0.70719
0.70712
0.71009
0.70727
0.70701
0.7031
0.7029
0.70363
0.70591
0.70043
0.70617
0.70419
0.70028
0.70628
0.703
0.70299
0.70277
0.70549
0.70141
0.70425
0.70392
0.70125
0.70275
0.70299
0.70278
0.70188
0.70114
0.70022
0.70566
0.70243
0.7018
0.70084
0.70116
0.70319
0.70123
0.70329
0.70249
0.70347
0.70171
0.7003
0.70127
0.70057
0.70222
0.70303
0.70416
0.7051
0.70325
0.70038
0.7062
0.7006
0.70411
0.70505
0.70861
0.70638
0.70551
