0.48933
0.49116
0.48782
0.47907
0.45792
0.42694
0.38883
0.36336
0.34045
0.30618
0.28897
0.25986
0.23199
0.20744
0.18414
0.16094
0.14237
0.11967
0.10941
0.10307
0.11414
0.11643
0.08637
0.07134
0.10433
0.09595
0.0795
0.06645
0.05189
0.04754
0.04376
0.04809
0.03933
0.03365
0.02882
0.02824
0.02399
0.02185
0.02069
0.02157
0.02257
0.01752
0.01633
0.01534
0.01529
0.01696
0.01779
0.01925
0.0164
0.01582
0.01453
0.01339
0.01285
0.01403
0.01377
0.01162
0.01053
0.01063
0.01014
0.0095
0.01011
0.00864
0.00933
0.0089
0.0087
0.00838
0.01071
0.00889
0.01043
0.00922
0.00845
0.00811
0.00738
0.00685
0.00669
0.00603
0.00583
0.00556
0.00552
0.00525
0.00495
0.00474
0.00461
0.00452
0.00422
0.00395
0.00395
0.00363
0.00374
0.00445
0.03593
0.1505
0.23758
0.06745
0.03811
0.341
0.24479
0.09803
0.03848
0.03151
0.04889
0.03584
0.02524
0.01913
0.31909
0.30941
0.31239
0.18512
0.23223
0.10123
0.08571
0.06835
0.03417
0.01908
0.02184
0.07164
0.03108
0.03531
0.42648
0.28085
0.36746
0.37786
0.26549
0.18078
0.15989
0.26638
0.31334
0.33909
0.38178
0.33192
0.33043
0.35776
0.3343
0.35322
0.31615
0.32018
0.26729
0.38166
0.36387
0.39053
0.3881
0.4156
0.34396
0.37917
0.41323
0.38255
0.3765
0.36724
0.28147
0.4233
0.39802
0.39192
0.35205
0.40537
0.39815
0.41604
0.42666
0.37466
0.40432
0.37364
0.41047
0.31073
0.36219
0.33097
0.3519
0.38714
0.33146
0.3553
0.31646
0.37096
0.32644
0.33794
0.47151
0.45492
0.44055
0.45601
0.44066
0.43945
0.431
0.43917
0.43753
0.44004
0.43671
0.4393
0.43579
0.42724
0.43852
0.43697
0.4392
0.45089
0.44384
0.42211
0.40619
0.44122
0.45588
0.44669
0.41307
0.41395
0.4473
0.44093
0.44732
0.4396
0.45373
0.44163
0.45409
0.44837
0.44696
0.4538
0.44815
0.44993
0.46378
0.45919
0.457
0.4568
0.45991
0.45717
0.46878
0.45322
0.45701
0.45873
0.45397
0.46933
0.45842
0.46281
0.45896
0.45634
0.46419
0.46298
0.4542
0.46612
0.45908
0.46648
0.45896
0.45475
0.4554
0.44635
0.46067
0.46016
0.46182
0.45978
0.46128
0.46484
0.45462
0.45485
0.4582
0.4605
0.46832
0.47482
0.46975
0.46934
0.47258
0.47436
0.46626
0.46801
0.45795
0.4758
0.47356
0.47296
0.46363
0.48308
0.48151
0.47268
0.46004
0.47248
0.46865
0.46847
0.46909
0.46889
0.46954
0.46808
0.4647
0.46836
0.47667
0.47421
0.46164
0.46803
0.46893
0.46744
0.4761
0.47169
0.47366
0.47606
0.46851
0.47242
0.46935
0.47972
0.48007
0.48038
0.47202
0.47109
0.47394
0.48044
0.46993
0.47149
0.47202
0.47782
0.47377
0.4852
0.47318
0.4766
0.4764
0.47566
0.4738
0.47732
0.47729
0.48122
0.47745
0.48446
0.4805
0.47866
0.47959
0.48099
0.47852
0.48485
0.47692
0.48306
0.47962
0.48071
0.48399
0.47933
0.47578
0.48022
0.47992
0.48145
0.47779
0.48367
0.47686
0.48207
0.47564
0.47308
0.47379
0.48124
0.47119
0.47364
0.48556
0.47822
0.47647
0.47582
0.47758
0.47768
0.48179
0.47672
0.47678
0.47323
0.48052
0.47816
0.48039
0.47833
0.47264
0.48103
0.47812
0.47914
0.48138
0.483
0.47972
0.47896
0.48366
0.48353
0.48947
0.48906
0.48193
0.47905
0.4818
0.47964
0.48232
0.48548
0.48218
0.48024
0.48018
0.47838
0.47843
0.48179
0.47669
0.48136
0.47385
0.47749
0.47276
0.48436
0.479
0.47911
0.48823
0.48615
0.48134
0.48831
0.48624
0.4852
0.48453
0.49346
0.47919
0.48185
0.48728
0.48122
0.48129
0.48207
0.4802
0.48168
0.48451
0.48248
0.48262
0.48376
0.49015
0.47939
0.48605
0.47737
0.4789
0.48178
0.47989
0.47456
0.48275
0.47869
0.48007
0.49234
0.4855
0.48093
0.48584
0.48731
0.4813
0.47754
0.4847
0.48063
0.48849
0.48178
0.48648
0.48083
0.47762
0.48261
0.4774
0.47958
0.48162
0.48433
0.48058
0.48629
0.48319
0.48132
0.48806
0.48828
0.48021
0.48049
0.47913
0.4744
0.48691
0.48178
0.48473
0.47708
0.48317
0.48545
0.48146
0.48141
0.48834
0.48519
0.47789
0.48438
0.47636
0.48115
0.48391
0.48334
0.48243
0.4881
0.48699
0.48203
0.48662
0.48305
0.48779
0.4873
0.48437
0.48413
0.48449
0.49151
0.48503
0.48931
0.48237
0.485
0.48703
0.48669
0.48964
0.48545
0.48777
0.4889
0.48671
0.48724
0.48496
0.48532
0.48659
0.49123
0.48655
0.49117
0.48755
0.48778
0.48479
0.48758
0.48661
0.48652
0.49592
0.48211
0.48604
0.48537
0.49436
0.48328
0.48985
0.48598
0.48948
0.48553
0.48727
0.48267
0.48484
0.48798
0.48649
0.48987
0.48424
0.48888
0.48361
0.48118
0.48859
0.48447
0.49138
0.49378
0.48812
0.4963
0.49069
0.4846
0.48605
0.48701
0.49037
0.48858
0.48807
0.48569
0.48817
0.48491
0.48425
0.48154
0.49083
0.48931
0.50475
0.49184
0.49052
0.48496
0.49157
0.48958
0.48685
0.48902
0.49182
0.48795
0.48459
0.48615
0.48987
0.48691
0.48872
0.49309
0.49203
0.4913
0.49225
0.49061
0.49346
0.49489
0.49327
0.49184
0.49194
0.49567
0.49368
0.49407
0.49213
0.49111
0.49385
0.49059
0.48768
0.49283
0.4948
0.49404
0.4968
0.4905
0.48997
0.49522
0.49103
0.49031
0.49364
0.49147
0.49183
0.49387
0.49312
0.48986
0.48828
0.49188
0.49091
0.49181
0.49139
0.49246
0.49296
0.4895
0.49276
0.49005
0.49392
0.49307
0.48757
0.49211
0.4964
0.48891
0.49237
0.49604
0.49458
0.49641
0.49235
0.49045
0.49227
0.49365
0.49524
0.49103
0.49022
0.4901
0.49755
0.49022
0.49201
0.49185
0.49327
0.49392
0.49436
0.49434
0.49569
0.49846
0.49348
0.49493
0.49468
0.49272
0.49202
0.49035
0.49362
0.49485
0.49678
0.49253
0.49438
0.49111
0.49381
0.49571
0.49753
0.49696
0.49937
0.49745
0.49524
0.4965
0.49316
0.49374
0.49088
0.49394
0.49809
0.49064
0.48993
0.49019
0.49167
0.49206
0.49245
0.49389
0.49394
0.49421
0.49471
0.49603
0.49418
0.49791
0.4971
0.49439
0.49483
0.49848
0.49679
0.49409
0.49814
0.49716
0.49386
0.49614
0.49722
0.49538
0.49614
0.49159
0.49456
0.49905
0.49758
0.49858
0.49199
0.49767
0.50024
0.49624
0.49541
0.49827
0.49698
0.49773
0.49617
0.49438
0.49395
0.49818
0.49489
0.49725
0.4956
0.49497
0.4957
0.49693
0.49526
0.49359
0.49809
0.49435
0.49442
0.49616
0.49513
0.4937
0.49551
0.49801
0.49533
0.49224
0.49341
0.49433
0.49399
0.49715
0.4961
0.49419
0.499
0.49501
0.49367
0.4944
0.49563
0.49656
0.4962
0.4919
0.49823
0.49486
0.49479
0.49447
0.49353
0.49678
0.49475
0.49938
0.49823
0.49595
0.49554
0.49286
0.49706
0.49665
0.49465
0.49866
0.49458
0.49909
0.4958
0.494
0.49435
0.49493
0.49639
0.49716
0.49575
0.49959
0.49659
0.49427
0.49841
0.4966
0.49501
0.49483
0.496
0.4952
0.49525
0.49407
0.50049
0.4964
0.49555
0.49705
0.49471
0.49599
0.49978
0.49436
0.49764
0.49891
0.49361
0.49767
0.49846
0.49669
0.4924
0.4936
0.49626
0.49747
0.49266
0.49289
0.49369
0.49637
0.49669
0.49253
0.49933
0.49443
0.49548
0.49584
0.49685
0.49311
0.49421
0.49878
0.49347
0.49642
0.4954
0.49471
0.49296
0.49697
0.49499
0.49472
0.49553
0.49345
0.49641
0.49641
0.49436
0.49754
0.49635
0.49551
0.49702
0.49566
0.49536
0.49421
0.49729
0.49753
0.49604
0.49654
0.49518
0.49763
0.49859
0.49512
0.49671
0.49624
0.49438
0.49726
0.4919
0.49638
0.49486
0.4956
0.4963
0.49536
0.49594
0.49616
0.49745
0.49842
0.49674
0.49553
0.49694
0.49817
0.49813
0.4951
0.4989
0.49997
0.49796
0.49602
0.49622
0.49764
0.50085
0.49694
0.49624
0.49671
0.49868
0.49467
0.49634
0.49614
0.49786
0.49684
0.49527
0.49724
0.49701
0.50107
0.49574
0.49691
0.49745
0.49615
0.49681
0.49544
0.49626
0.49747
0.4957
0.49513
0.49691
0.49793
0.49681
0.49834
0.5
0.49654
0.49866
0.4943
0.49435
0.49617
0.49622
0.49529
0.49969
0.49826
0.49554
0.49415
0.5013
0.4968
0.49964
0.49671
0.493
0.49665
0.49796
0.49996
0.49978
0.49645
0.49586
0.49653
0.49716
0.49948
0.49669
0.49633
0.49801
0.497
0.49699
0.49776
0.49474
0.49823
0.49768
0.49906
0.49582
0.49816
0.4955
0.49859
0.49843
0.49642
0.49841
0.49871
0.49849
0.49943
0.49612
0.49709
0.49642
0.49701
0.49507
0.49523
0.4968
0.49924
0.49582
0.49663
0.49847
0.49599
0.49766
0.49544
0.49768
0.49705
0.50037
0.49689
0.49573
0.49608
0.49447
0.49577
0.49664
0.49585
0.49601
0.49743
0.4947
0.49661
0.49722
0.49621
0.49528
0.49558
0.49641
0.49736
0.49859
0.49615
0.49591
0.49692
0.49554
0.4939
0.49799
0.49844
0.49729
0.49733
0.49638
0.49564
0.49604
0.49533
0.49739
0.49609
0.49526
0.4982
0.49552
0.49726
0.49687
0.49905
0.49666
0.49691
0.49576
0.49807
0.49799
0.49574
0.49566
0.49736
0.49564
0.49583
0.49735
0.49734
0.49653
0.49698
0.49712
0.49843
0.49948
0.49867
0.49796
0.5
0.49784
0.49595
0.49832
0.49731
0.49537
0.49701
0.50031
0.49667
0.49758
0.49776
0.49745
0.49649
0.49768
0.49792
0.49767
0.49812
0.49821
0.49857
0.49879
0.50078
0.49382
0.49928
0.49835
0.4959
0.49735
0.49923
0.49806
0.49864
0.49685
0.49631
0.49779
0.4973
0.49908
0.49976
0.49721
0.49803
0.49748
0.49963
0.49742
0.49755
0.49769
0.49585
0.49715
0.49662
0.49788
0.49683
0.49623
0.49752
0.49968
0.49967
0.49853
0.49627
0.49833
0.49858
0.49644
0.5004
0.49864
0.49947
0.49811
0.49853
0.49892
0.49693
0.5
0.49549
0.49884
0.4968
0.49787
0.49814
0.50043
0.49851
0.49807
0.49768
0.49604
0.4973
0.4985
0.49747
0.4992
0.49871
0.4983
0.4973
0.49908
0.49816
0.49765
0.49874
0.49647
0.49923
0.49849
0.49723
0.49753
0.49846
0.49794
0.49944
0.49795
0.49863
0.49833
0.49913
0.49705
0.49914
0.49813
0.50006
0.49733
0.50019
0.49685
0.49745
0.498
0.49717
0.49846
0.49958
0.49625
0.49851
0.49853
0.49815
0.5001
0.49918
0.49813
0.49697
0.49848
0.50062
0.49806
0.49886
0.49809
0.49775
0.49599
0.49806
0.49981
0.49684
0.49915
0.49533
0.49787
0.4961
0.49894
0.49842
0.49949
0.49844
0.49655
0.49797
0.49877
0.49673
0.49941
0.50091
0.49667
0.4975
0.49885
0.49948
0.49821
0.4986
0.49697
0.4974
0.49895
0.50039
0.49688
0.49851
0.49655
0.49831
0.49987
0.49743
0.4999
0.49949
0.49985
0.4989
0.49852
0.49919
0.50071
0.49828
0.49844
0.49845
0.49809
0.49765
0.49784
0.49754
0.50002
0.49665
0.49795
0.49869
0.49951
0.49802
0.49789
0.4987
0.49823
0.499
0.49861
0.49943
0.49759
0.49927
0.49892
0.49767
0.49883
0.49788
0.49728
0.4995
0.49852
0.49753
0.49667
0.49879
0.50072
0.49877
0.49823
0.49973
0.49799
0.49878
0.49784
0.49962
0.49726
0.49898
0.49852
0.49818
0.49763
0.49947
0.4981
0.50018
0.49847
0.49806
0.49753
0.49759
0.49713
0.49804
0.49722
0.49715
0.49993
0.49746
0.50174
0.49836
0.50014
0.49717
0.49842
0.49755
0.49702
0.49835
0.49775
0.50045
0.49653
0.49921
0.49837
0.49754
0.49766
0.49817
0.49879
0.49884
0.49869
0.49857
0.49827
0.49737
0.49849
0.49691
0.49871
0.49879
0.49958
0.50113
0.49447
0.48822
0.5002
0.49873
0.49806
0.50103
0.49644
0.49867
0.49759
0.50085
0.49772
0.49744
0.49753
0.49873
0.49888
0.50092
0.49842
0.49891
0.49787
0.49885
0.49901
0.49837
0.49757
0.49742
0.49884
0.49902
0.49813
0.4972
0.49821
0.4998
0.49877
0.49619
0.50014
0.49901
0.49783
0.49986
0.50018
0.49757
0.50025
0.49948
0.49833
0.49986
0.4975
0.49857
0.4993
0.49711
0.49917
0.49723
0.49862
0.49961
0.49725
0.49785
0.49737
0.49874
0.49973
0.49895
0.49828
0.49728
0.49932
0.49913
0.49971
0.49707
0.49949
0.49749
0.49995
0.49872
0.49829
0.4987
0.49895
0.49719
0.49692
0.49842
0.49823
0.49784
0.49911
0.49741
0.49967
0.49862
0.49989
0.49895
0.49884
0.4977
0.49782
0.49931
0.49899
0.49975
0.4987
0.50011
0.50176
0.4977
0.4992
0.49858
0.49835
0.49915
0.49941
0.49829
0.49919
0.50051
0.49879
0.49807
0.49871
0.50037
0.49714
0.49854
0.49849
0.49893
0.49739
0.49878
0.49862
0.49862
0.49983
0.49863
0.49899
0.49709
0.50153
0.49911
0.49766
0.49917
0.4987
0.49931
0.49723
0.49908
0.49906
0.49901
0.49853
0.49913
0.49884
0.49993
0.4986
0.5002
0.49901
0.49823
0.49781
0.49927
0.49887
0.49984
0.49747
0.49906
0.49922
0.49889
0.49867
0.4987
0.49949
0.49822
0.4994
0.49975
0.49806
0.50189
0.49811
0.49964
0.49988
0.49995
0.49853
0.4978
0.49929
0.49866
0.49866
0.4997
0.49884
0.50015
0.50031
0.49834
0.49888
0.49855
0.49921
0.50004
0.49849
0.4997
0.49782
0.49891
0.49863
0.50021
0.4985
0.49846
0.49801
0.4991
0.49883
0.49744
0.49871
0.50002
0.49763
0.49825
0.50006
0.49903
0.49989
0.49835
0.49927
0.49852
0.49872
0.49909
0.49828
0.4985
0.50031
0.49901
0.49782
0.49929
0.49951
0.49887
0.49776
0.49792
0.49812
0.49808
0.49784
0.49858
0.50001
0.49812
0.49962
0.49748
0.49838
0.4977
0.49961
0.49821
0.49941
0.49845
0.49814
0.49762
0.50045
0.49738
0.49925
0.50025
0.49764
0.49874
0.49923
0.49906
0.49803
0.49909
0.49842
0.49826
0.5003
0.4982
0.49877
0.4989
0.49844
0.49934
0.49922
0.49797
0.49858
0.49901
0.49964
0.50016
0.49841
0.50001
0.4997
0.49801
0.49887
0.50014
0.49936
0.49943
0.50036
0.49842
0.49838
0.49763
0.49806
0.49866
0.4987
0.49701
0.50003
0.49834
0.49911
0.49663
0.49799
0.49748
