0.50382
0.50908
0.50967
0.5176
0.53562
0.57039
0.62144
0.6252
0.67577
0.72163
0.74873
0.76098
0.78206
0.8013
0.82483
0.84305
0.8598
0.87963
0.88457
0.90769
0.90203
0.90673
0.92906
0.93955
0.94091
0.94295
0.94307
0.95209
0.95921
0.95797
0.96855
0.96949
0.97007
0.97057
0.9725
0.97185
0.97601
0.9775
0.979
0.97978
0.97987
0.9818
0.9834
0.98435
0.98604
0.98665
0.98696
0.98711
0.9876
0.98774
0.98796
0.98899
0.99
0.99022
0.99033
0.99056
0.99104
0.99141
0.99196
0.99241
0.99261
0.99282
0.99333
0.99346
0.99344
0.99335
0.99324
0.99295
0.99266
0.9927
0.99385
0.99393
0.99394
0.99409
0.99427
0.99379
0.99483
0.995
0.99505
0.99512
0.9952
0.99548
0.99564
0.9957
0.99577
0.99585
0.99621
0.99629
0.99645
0.99638
0.9192
0.92311
0.80334
0.93465
0.95622
0.63342
0.71591
0.85825
0.94947
0.97565
0.96828
0.97843
0.9813
0.9813
0.67459
0.73369
0.75054
0.80571
0.7627
0.89888
0.93989
0.9591
0.96785
0.97402
0.97627
0.9443
0.96784
0.94372
0.61769
0.73069
0.64354
0.65912
0.72434
0.79038
0.80815
0.72241
0.67663
0.64479
0.62741
0.64949
0.63944
0.63421
0.6645
0.64526
0.65937
0.67336
0.71913
0.62358
0.64165
0.60561
0.59987
0.5907
0.63884
0.61983
0.58281
0.5961
0.61892
0.6351
0.70452
0.59637
0.61617
0.62513
0.6313
0.61026
0.58503
0.5924
0.59386
0.61071
0.61618
0.6101
0.58908
0.67064
0.6329
0.65785
0.65119
0.61791
0.67364
0.6483
0.67275
0.6453
0.65614
0.67496
0.51954
0.53098
0.55816
0.53766
0.5508
0.55073
0.56061
0.55878
0.55618
0.54771
0.55467
0.55227
0.55728
0.55365
0.55241
0.55036
0.55165
0.55586
0.55786
0.58206
0.56987
0.55471
0.54807
0.54646
0.57446
0.576
0.54395
0.53741
0.5356
0.54578
0.5465
0.53603
0.54519
0.53985
0.54312
0.54363
0.54915
0.54849
0.53606
0.54125
0.53898
0.54266
0.53861
0.5349
0.53895
0.53083
0.53877
0.53703
0.53646
0.54344
0.53662
0.53576
0.53347
0.53256
0.5354
0.53319
0.52967
0.53775
0.5429
0.54788
0.53424
0.53905
0.54382
0.53925
0.53804
0.54289
0.54023
0.53654
0.53773
0.53631
0.53775
0.5376
0.53702
0.53158
0.53273
0.53422
0.52797
0.52788
0.5292
0.53065
0.5255
0.53585
0.52756
0.53332
0.52662
0.53022
0.52536
0.51962
0.52499
0.51669
0.52646
0.53605
0.52631
0.52947
0.53174
0.52103
0.52965
0.53361
0.52708
0.52681
0.52543
0.52775
0.52622
0.52542
0.52247
0.5239
0.52882
0.52836
0.52766
0.52438
0.52216
0.52056
0.52225
0.52628
0.51971
0.52359
0.51967
0.52733
0.5275
0.52842
0.52111
0.52661
0.5257
0.52427
0.51646
0.52182
0.51915
0.52127
0.52134
0.51953
0.5225
0.52148
0.51932
0.52273
0.52013
0.51915
0.51663
0.51789
0.52118
0.51823
0.51658
0.52249
0.52019
0.51751
0.51809
0.51424
0.5163
0.51868
0.51743
0.51694
0.51796
0.52059
0.51605
0.52141
0.52123
0.51938
0.51903
0.52024
0.52278
0.5226
0.51736
0.51899
0.52412
0.5189
0.51962
0.52774
0.52227
0.52145
0.52245
0.52184
0.5248
0.5212
0.51979
0.51672
0.52006
0.52164
0.52287
0.52145
0.51757
0.51695
0.51294
0.51958
0.51696
0.5181
0.52251
0.51418
0.51384
0.51141
0.51177
0.51618
0.51813
0.51749
0.52042
0.51709
0.51563
0.51518
0.51844
0.519
0.51888
0.5247
0.51703
0.52027
0.51996
0.52166
0.51584
0.52053
0.52003
0.51854
0.51899
0.51231
0.51473
0.5187
0.51376
0.50625
0.51198
0.5156
0.50822
0.51417
0.51625
0.51363
0.51402
0.51894
0.51616
0.51793
0.51515
0.51314
0.52003
0.51594
0.5142
0.51305
0.51734
0.51812
0.51992
0.52274
0.51768
0.51663
0.52067
0.51787
0.51532
0.51645
0.51493
0.51396
0.50908
0.51784
0.5125
0.51502
0.52063
0.51173
0.51595
0.51455
0.51932
0.52001
0.5178
0.52001
0.52178
0.51597
0.51403
0.51844
0.51728
0.51644
0.51791
0.51597
0.51529
0.51519
0.51368
0.515
0.5169
0.51755
0.51907
0.51562
0.51319
0.52
0.51937
0.51475
0.51196
0.51457
0.51459
0.51654
0.51165
0.51578
0.51615
0.51943
0.51543
0.51381
0.51057
0.51444
0.5168
0.51284
0.51876
0.51448
0.51739
0.51151
0.51123
0.51214
0.51415
0.51788
0.51369
0.51647
0.51189
0.51016
0.51328
0.51299
0.51222
0.50914
0.5126
0.51268
0.51339
0.50725
0.51207
0.51144
0.51257
0.51462
0.51049
0.51033
0.50869
0.51341
0.51492
0.5128
0.5122
0.51511
0.51989
0.50765
0.51584
0.51597
0.51438
0.50445
0.51223
0.51009
0.51554
0.51266
0.5123
0.5106
0.51378
0.51495
0.51112
0.5147
0.51147
0.51272
0.51433
0.51041
0.51576
0.5112
0.5155
0.50976
0.50501
0.51428
0.51283
0.50465
0.50772
0.51237
0.51
0.51246
0.51271
0.50998
0.51171
0.51065
0.51207
0.51266
0.51235
0.51176
0.51351
0.50953
0.50477
0.50625
0.50863
0.50846
0.51092
0.51009
0.51058
0.51126
0.50911
0.51108
0.51298
0.50802
0.51187
0.50891
0.50856
0.50883
0.50825
0.50614
0.50686
0.50937
0.50722
0.50556
0.51013
0.50649
0.50568
0.50791
0.50613
0.50599
0.50877
0.5052
0.50711
0.50946
0.51006
0.50547
0.50648
0.5091
0.50762
0.51196
0.50881
0.50858
0.50916
0.50705
0.50971
0.51019
0.5072
0.50771
0.50855
0.51186
0.50724
0.50859
0.51112
0.50955
0.50651
0.50654
0.51011
0.50974
0.50719
0.51235
0.50549
0.50878
0.5109
0.50582
0.50954
0.51073
0.50512
0.51122
0.50475
0.50385
0.50741
0.50423
0.50441
0.50527
0.50609
0.50671
0.50931
0.50489
0.50629
0.50826
0.50697
0.50762
0.50323
0.50707
0.50574
0.51009
0.50261
0.50713
0.50688
0.50617
0.50651
0.50692
0.5085
0.50635
0.50901
0.50588
0.50748
0.49954
0.50575
0.50516
0.50319
0.50672
0.50803
0.50308
0.5039
0.50449
0.50447
0.50491
0.50651
0.50862
0.51098
0.50478
0.50649
0.50664
0.50692
0.50691
0.50788
0.50348
0.50292
0.50456
0.50582
0.50581
0.50447
0.50645
0.50675
0.5048
0.50467
0.50723
0.50284
0.50164
0.50414
0.50333
0.50117
0.50304
0.50621
0.50445
0.50639
0.50254
0.5061
0.5047
0.50273
0.50711
0.50122
0.50271
0.50752
0.49973
0.50477
0.50522
0.50335
0.50601
0.50303
0.50498
0.50439
0.50551
0.5052
0.50516
0.50206
0.50145
0.50271
0.50323
0.50423
0.50294
0.50722
0.50048
0.50505
0.50448
0.50532
0.50452
0.5057
0.50815
0.50544
0.5043
0.50377
0.50577
0.50316
0.50583
0.50347
0.5043
0.50616
0.50317
0.50384
0.5037
0.50305
0.50216
0.50483
0.50337
0.50825
0.50447
0.50325
0.50231
0.50351
0.50354
0.50557
0.50567
0.50487
0.50351
0.50096
0.50105
0.50467
0.50357
0.50395
0.50494
0.50271
0.50647
0.50311
0.50181
0.50463
0.50476
0.50498
0.50401
0.50328
0.50452
0.50531
0.50243
0.50586
0.5026
0.50402
0.5048
0.5054
0.5064
0.50424
0.50228
0.50687
0.50192
0.5017
0.50285
0.50278
0.50259
0.50677
0.50243
0.50446
0.50628
0.50208
0.50507
0.50585
0.50418
0.50225
0.50403
0.50377
0.50518
0.50387
0.50438
0.50404
0.50708
0.50638
0.50353
0.50597
0.49984
0.50425
0.50412
0.50499
0.50234
0.50318
0.50746
0.50121
0.50299
0.50339
0.5034
0.50397
0.50774
0.49957
0.50293
0.50418
0.50124
0.5049
0.50336
0.50466
0.50494
0.50489
0.50195
0.50307
0.50068
0.50407
0.5013
0.50504
0.50685
0.50117
0.50584
0.504
0.50353
0.50466
0.49989
0.50271
0.50374
0.50161
0.5073
0.50119
0.50517
0.50615
0.50265
0.50308
0.50379
0.50284
0.50181
0.50294
0.5034
0.50268
0.50281
0.50247
0.50083
0.50087
0.50054
0.50299
0.50238
0.50243
0.49978
0.5009
0.50189
0.50469
0.50164
0.50321
0.502
0.50676
0.50073
0.50337
0.50391
0.50394
0.5035
0.50208
0.50172
0.50274
0.5044
0.49966
0.50001
0.50167
0.50149
0.50265
0.501
0.50155
0.50402
0.50266
0.5033
0.50295
0.50319
0.50182
0.50267
0.5048
0.50059
0.50413
0.50144
0.50146
0.50211
0.50312
0.50298
0.50669
0.5032
0.50236
0.50004
0.50655
0.50116
0.50311
0.50081
0.49788
0.4999
0.50374
0.50321
0.50277
0.50122
0.50186
0.50323
0.50312
0.50407
0.50169
0.50028
0.50377
0.50207
0.50183
0.50221
0.50179
0.50427
0.50113
0.50361
0.49946
0.50355
0.50162
0.505
0.50253
0.50083
0.50235
0.504
0.50343
0.50501
0.50038
0.50237
0.5021
0.50268
0.50119
0.5016
0.50662
0.5063
0.50422
0.50379
0.50381
0.5043
0.50476
0.50341
0.50515
0.50229
0.50453
0.50179
0.50198
0.50113
0.50152
0.50455
0.50502
0.5033
0.50257
0.50453
0.50273
0.50258
0.50438
0.50253
0.50218
0.5015
0.50224
0.50433
0.50433
0.50312
0.50318
0.50388
0.50301
0.50206
0.50207
0.50269
0.50369
0.50342
0.50289
0.50377
0.5035
0.50313
0.5045
0.50149
0.50226
0.50395
0.50202
0.50235
0.50129
0.50427
0.50352
0.50353
0.50118
0.50501
0.50325
0.50255
0.50298
0.50381
0.50213
0.50552
0.50365
0.50282
0.49946
0.49933
0.50058
0.5018
0.50189
0.5015
0.50184
0.5036
0.50295
0.5024
0.50293
0.50255
0.50107
0.50187
0.50428
0.50118
0.50185
0.50255
0.50188
0.50054
0.50302
0.50105
0.50198
0.50362
0.50259
0.50112
0.50307
0.50289
0.49887
0.50317
0.50104
0.49997
0.50193
0.50332
0.50279
0.503
0.50113
0.4999
0.5035
0.50105
0.50205
0.50271
0.49982
0.50117
0.50224
0.5029
0.5006
0.50217
0.50158
0.50074
0.50053
0.5034
0.50333
0.50107
0.50139
0.50204
0.50365
0.50215
0.50176
0.50078
0.50262
0.50212
0.49968
0.50186
0.50065
0.50287
0.50084
0.50264
0.50246
0.50079
0.50251
0.50061
0.50225
0.50031
0.50114
0.5008
0.50191
0.50072
0.50129
0.50079
0.49954
0.50073
0.50181
0.50035
0.5017
0.50136
0.50107
0.50005
0.50229
0.50166
0.50112
0.50178
0.49932
0.50175
0.50202
0.50026
0.50014
0.50135
0.50058
0.50251
0.5
0.5008
0.50199
0.50268
0.50043
0.50146
0.50078
0.50373
0.50039
0.50309
0.49969
0.50129
0.50071
0.50126
0.50153
0.50305
0.49895
0.50198
0.50231
0.5015
0.50198
0.50262
0.50119
0.50146
0.50082
0.50317
0.50104
0.50147
0.50271
0.50242
0.50094
0.50102
0.50235
0.50025
0.50198
0.50014
0.50268
0.50065
0.50322
0.50108
0.50253
0.50114
0.50191
0.50281
0.49931
0.4988
0.50283
0.50314
0.49903
0.50075
0.5006
0.50127
0.49964
0.50246
0.50149
0.50094
0.50229
0.50226
0.49973
0.50204
0.50062
0.50172
0.50319
0.49985
0.50248
0.50161
0.50129
0.50015
0.50004
0.50198
0.50299
0.50084
0.49987
0.50159
0.50056
0.50097
0.49965
0.50126
0.50228
0.50032
0.50121
0.50204
0.50375
0.50202
0.50041
0.50178
0.5013
0.5022
0.50166
0.50105
0.49926
0.50134
0.50072
0.49988
0.50138
0.49989
0.4998
0.50081
0.50082
0.5003
0.49933
0.50122
0.5035
0.50167
0.50098
0.50166
0.50122
0.5015
0.50036
0.50196
0.49972
0.50273
0.502
0.50222
0.50106
0.50281
0.50058
0.50228
0.50171
0.50048
0.50025
0.49965
0.50071
0.50177
0.50176
0.50046
0.50284
0.50144
0.50372
0.50005
0.50134
0.50014
0.50127
0.50101
0.50028
0.50282
0.50062
0.50365
0.50007
0.50154
0.50149
0.5006
0.50091
0.50098
0.50084
0.50089
0.50169
0.50168
0.50118
0.49997
0.50055
0.49992
0.50024
0.50135
0.50244
0.50192
0.49988
0.50654
0.50608
0.50182
0.49918
0.50362
0.49933
0.50321
0.50045
0.50315
0.50185
0.50073
0.50129
0.50166
0.50085
0.50321
0.50011
0.50118
0.4993
0.50185
0.50054
0.50073
0.50062
0.50163
0.50071
0.50138
0.50156
0.50046
0.50105
0.50126
0.50069
0.49918
0.50333
0.50161
0.5003
0.50294
0.50122
0.50008
0.50161
0.50215
0.5006
0.50168
0.50063
0.50144
0.50241
0.50069
0.50192
0.50009
0.50136
0.5019
0.49976
0.50125
0.49976
0.50134
0.50167
0.50148
0.50069
0.49928
0.50163
0.50145
0.50161
0.49935
0.50254
0.50001
0.50295
0.50113
0.50122
0.50075
0.5022
0.5004
0.49956
0.50077
0.50018
0.50069
0.50173
0.50015
0.50228
0.50067
0.50153
0.50098
0.50137
0.50003
0.49939
0.5014
0.5001
0.50136
0.50022
0.50192
0.5028
0.50035
0.50046
0.50056
0.49982
0.50059
0.50198
0.50039
0.50016
0.50198
0.50063
0.49966
0.4998
0.50243
0.49981
0.50031
0.50118
0.50208
0.50037
0.50161
0.50148
0.50116
0.50265
0.50009
0.50041
0.49968
0.50261
0.50026
0.49881
0.50128
0.50094
0.50094
0.49952
0.50078
0.50046
0.50057
0.50052
0.50087
0.50033
0.502
0.49966
0.50208
0.50149
0.50085
0.49998
0.50069
0.501
0.50088
0.49977
0.50221
0.50192
0.50084
0.4999
0.50067
0.50184
0.50043
0.50153
0.50107
0.49992
0.5041
0.50013
0.50067
0.50177
0.50034
0.5002
0.5013
0.5008
0.49999
0.50014
0.50107
0.5004
0.50153
0.50218
0.50008
0.50113
0.50089
0.5008
0.50164
0.50025
0.50168
0.5
0.5009
0.49985
0.50117
0.50046
0.50051
0.50081
0.50224
0.50123
0.4991
0.50045
0.50177
0.49961
0.50057
0.50253
0.50069
0.50203
0.50022
0.50197
0.5013
0.50173
0.50123
0.50137
0.50041
0.50319
0.50126
0.50056
0.50148
0.5009
0.5014
0.50138
0.50089
0.50136
0.50155
0.50222
0.50119
0.50359
0.50221
0.50302
0.50198
0.50135
0.50122
0.50225
0.50138
0.50272
0.50145
0.50163
0.50083
0.50271
0.5001
0.50063
0.50226
0.5004
0.50152
0.50202
0.50134
0.49976
0.50094
0.49998
0.5003
0.50236
0.50084
0.50089
0.50055
0.50081
0.50162
0.50086
0.49979
0.50001
0.50135
0.50142
0.50169
0.50101
0.50142
0.50149
0.49974
0.50153
0.50107
0.5012
0.50143
0.50136
0.50106
0.50052
0.50047
0.49951
0.50072
0.50069
0.50027
0.50178
0.50012
0.5016
0.50048
0.50134
0.50056
