1.36099
1.35428
1.34728
1.31629
1.24434
1.12818
0.97787
0.93836
0.8233
0.7019
0.63924
0.58309
0.51781
0.46123
0.40219
0.35116
0.30909
0.25917
0.24277
0.20795
0.22809
0.2251
0.16547
0.1376
0.17325
0.16145
0.1433
0.11906
0.09579
0.09276
0.07741
0.08104
0.07114
0.0647
0.05761
0.0578
0.04898
0.04519
0.04244
0.04256
0.04348
0.03628
0.03343
0.03145
0.02963
0.03072
0.03123
0.03258
0.02916
0.02843
0.02695
0.02469
0.0231
0.02408
0.0237
0.02131
0.01968
0.0194
0.01835
0.01725
0.01765
0.01596
0.01614
0.01556
0.01539
0.01515
0.01764
0.0161
0.018
0.01669
0.01471
0.01428
0.01357
0.01286
0.01252
0.01234
0.01108
0.01064
0.01055
0.0102
0.00981
0.00931
0.00903
0.00888
0.00851
0.00817
0.00778
0.00739
0.00733
0.00811
0.27291
0.28063
0.70486
0.1456
0.08673
1.20822
0.7665
0.29673
0.09741
0.05834
0.08685
0.05951
0.04539
0.03907
1.17647
0.87633
0.84306
0.50388
0.70093
0.23347
0.15914
0.11597
0.06957
0.04702
0.04749
0.14269
0.06652
0.12853
1.34211
0.76797
1.11776
1.08895
0.8158
0.52199
0.479
0.85784
0.9281
1.10975
1.1551
1.01432
0.99581
1.07107
0.97501
1.02817
0.92108
0.93672
0.75781
1.17008
1.04137
1.18977
1.1756
1.24658
0.98958
1.16254
1.25304
1.1568
1.08905
1.08795
0.77143
1.26869
1.15717
1.13174
1.03731
1.18846
1.21885
1.20808
1.26672
1.10747
1.14612
1.12572
1.21347
0.87153
1.06361
0.94691
1.02362
1.11113
0.90833
1.00191
0.88966
1.06179
0.9564
0.93524
1.49211
1.38491
1.28767
1.40748
1.2794
1.29872
1.2426
1.28092
1.27131
1.30206
1.2874
1.29458
1.26394
1.25338
1.27787
1.27512
1.28533
1.28685
1.27892
1.20747
1.2036
1.28593
1.34585
1.29788
1.19497
1.21552
1.30532
1.29378
1.32082
1.27033
1.30298
1.29098
1.2989
1.29516
1.28802
1.30322
1.27605
1.29208
1.36141
1.31039
1.30196
1.29388
1.32696
1.32481
1.32091
1.31115
1.31603
1.31722
1.30603
1.33509
1.3167
1.31948
1.3174
1.31256
1.3315
1.33212
1.31557
1.3238
1.29239
1.32213
1.31561
1.2943
1.29894
1.27209
1.31786
1.30183
1.31577
1.3114
1.31432
1.32427
1.30151
1.29751
1.31264
1.32376
1.33194
1.34562
1.33725
1.33516
1.3378
1.34283
1.33875
1.31612
1.32034
1.34119
1.34069
1.33082
1.32224
1.40441
1.36825
1.35771
1.31676
1.32431
1.32969
1.3284
1.32381
1.34805
1.34053
1.31874
1.32005
1.32612
1.35247
1.33631
1.31591
1.32764
1.33212
1.33982
1.33843
1.32412
1.33144
1.34353
1.32771
1.34593
1.32884
1.35749
1.3526
1.36561
1.33997
1.31906
1.33605
1.35532
1.33094
1.31841
1.32847
1.34701
1.34967
1.359
1.33497
1.34487
1.35428
1.34365
1.34093
1.35487
1.34597
1.34683
1.34777
1.3576
1.35391
1.34657
1.34574
1.34773
1.35213
1.35264
1.33947
1.35815
1.34791
1.35435
1.36871
1.35009
1.34655
1.34807
1.35439
1.34539
1.35093
1.35231
1.3416
1.35508
1.3424
1.33042
1.33056
1.35196
1.33673
1.33289
1.35736
1.33875
1.33404
1.32295
1.34562
1.34098
1.345
1.33185
1.33453
1.32764
1.35772
1.34157
1.35474
1.33883
1.32147
1.3519
1.33751
1.34509
1.35266
1.34427
1.34377
1.33855
1.34729
1.36279
1.36878
1.36899
1.35156
1.33791
1.34387
1.34026
1.34453
1.35564
1.348
1.34707
1.33882
1.33578
1.33666
1.33636
1.33923
1.34684
1.32361
1.34224
1.32843
1.35194
1.34103
1.33895
1.35522
1.36414
1.34839
1.3552
1.36503
1.36906
1.35585
1.37953
1.35114
1.34187
1.36273
1.34368
1.34684
1.34133
1.34082
1.33978
1.3519
1.34996
1.33824
1.35517
1.3828
1.34207
1.35361
1.32834
1.33235
1.33426
1.33722
1.32772
1.35152
1.3337
1.34975
1.37223
1.36089
1.35153
1.36524
1.35031
1.34491
1.33058
1.34137
1.3507
1.36649
1.34938
1.34854
1.33732
1.3369
1.34056
1.32972
1.34488
1.35261
1.33883
1.33748
1.35832
1.34795
1.35049
1.35934
1.36624
1.34166
1.3404
1.33921
1.32657
1.37702
1.33989
1.35237
1.32604
1.34291
1.34962
1.35061
1.34338
1.36217
1.34432
1.34992
1.35151
1.32913
1.33603
1.34434
1.35154
1.34821
1.35844
1.34868
1.34442
1.35168
1.34356
1.35682
1.36097
1.35184
1.35187
1.34719
1.35388
1.35393
1.36335
1.35992
1.35354
1.35524
1.35553
1.36281
1.35566
1.35627
1.36522
1.35506
1.36573
1.34846
1.35212
1.35822
1.36054
1.3545
1.36631
1.36742
1.35343
1.34358
1.35471
1.35166
1.3488
1.36906
1.35742
1.34655
1.34843
1.39025
1.36548
1.35972
1.35737
1.35096
1.35111
1.35382
1.3498
1.35105
1.35185
1.35775
1.36411
1.3506
1.36404
1.34192
1.3515
1.35389
1.3522
1.35692
1.37869
1.36938
1.37027
1.36041
1.36224
1.35877
1.3575
1.36856
1.35938
1.36475
1.35301
1.3559
1.35236
1.34766
1.34486
1.36438
1.36407
1.41682
1.36797
1.37429
1.35984
1.36881
1.36269
1.35321
1.36015
1.36272
1.35309
1.35059
1.3512
1.35619
1.35999
1.35956
1.37378
1.36912
1.36508
1.36858
1.37092
1.37479
1.37315
1.37241
1.37207
1.36455
1.38031
1.37666
1.37367
1.37103
1.37025
1.36876
1.37159
1.36219
1.3666
1.37439
1.37869
1.38294
1.36077
1.36418
1.36692
1.36582
1.36277
1.36903
1.37371
1.36404
1.36673
1.37013
1.36342
1.35878
1.36429
1.36737
1.36852
1.36171
1.36834
1.37312
1.36483
1.36511
1.35995
1.37367
1.35985
1.36518
1.36737
1.37237
1.37269
1.37074
1.37171
1.37656
1.3686
1.37359
1.37206
1.36822
1.37891
1.38
1.36862
1.36468
1.36711
1.37572
1.36863
1.36924
1.36605
1.37135
1.37224
1.38076
1.37184
1.37701
1.37434
1.37741
1.3714
1.37387
1.37638
1.37028
1.36519
1.36858
1.37525
1.38317
1.37737
1.37181
1.37906
1.37298
1.37794
1.38713
1.37855
1.38376
1.38592
1.37759
1.37942
1.37331
1.37372
1.36396
1.36803
1.37311
1.36889
1.36348
1.36612
1.36692
1.36667
1.36677
1.37971
1.37817
1.3753
1.37445
1.37616
1.37587
1.37858
1.37618
1.37403
1.37559
1.37903
1.38465
1.38204
1.38308
1.38286
1.38019
1.38048
1.3766
1.37699
1.37411
1.37252
1.37188
1.38513
1.38432
1.37659
1.37537
1.38453
1.38168
1.38884
1.37539
1.38037
1.38227
1.37793
1.38204
1.37369
1.37415
1.38025
1.37502
1.37926
1.38255
1.38157
1.37994
1.38086
1.37577
1.37546
1.37657
1.3832
1.37318
1.37897
1.37425
1.37322
1.37428
1.37765
1.37548
1.37207
1.37481
1.3733
1.37819
1.37818
1.38033
1.37528
1.3828
1.37862
1.37482
1.37702
1.38102
1.38521
1.37668
1.37132
1.37524
1.37591
1.37896
1.38226
1.37427
1.38211
1.37348
1.38357
1.38389
1.38011
1.38469
1.37842
1.37998
1.38018
1.37509
1.38076
1.37703
1.37914
1.37927
1.38012
1.37308
1.37444
1.37812
1.38105
1.3791
1.38641
1.37781
1.37887
1.38018
1.38178
1.37602
1.37479
1.37573
1.37192
1.37627
1.3784
1.38314
1.38406
1.38226
1.38319
1.37763
1.38074
1.38015
1.37754
1.3804
1.38054
1.37772
1.38082
1.38002
1.38037
1.37457
1.37371
1.37925
1.37836
1.37054
1.37088
1.37257
1.37226
1.37626
1.37359
1.38236
1.3833
1.3772
1.3772
1.37879
1.376
1.37725
1.37966
1.37995
1.38238
1.37883
1.37671
1.37232
1.37379
1.39303
1.37802
1.37658
1.37765
1.37617
1.38027
1.37386
1.37932
1.37771
1.38102
1.38265
1.38476
1.37701
1.37912
1.37807
1.3756
1.38446
1.37529
1.37532
1.3813
1.38122
1.38344
1.38118
1.37932
1.37817
1.37265
1.37464
1.37581
1.37015
1.37877
1.37919
1.37687
1.37886
1.38167
1.38217
1.3827
1.38027
1.37841
1.3821
1.38748
1.38728
1.38184
1.38444
1.38774
1.38305
1.38541
1.38194
1.38389
1.38433
1.3831
1.37785
1.38158
1.37645
1.38051
1.37802
1.37714
1.38046
1.37889
1.37893
1.38306
1.3814
1.38609
1.3845
1.38628
1.38366
1.38061
1.38003
1.3806
1.38145
1.37935
1.37812
1.37621
1.38103
1.38208
1.38186
1.38304
1.38393
1.38411
1.3805
1.37814
1.37806
1.37979
1.37855
1.37715
1.37852
1.38224
1.37911
1.38063
1.38211
1.38501
1.38744
1.38329
1.38162
1.38522
1.3801
1.38521
1.38564
1.38185
1.37965
1.37848
1.38017
1.38315
1.38196
1.38411
1.38052
1.38124
1.38242
1.38226
1.3775
1.3795
1.38486
1.38287
1.38396
1.38158
1.37953
1.37908
1.3835
1.38301
1.38426
1.38086
1.3816
1.38009
1.38251
1.38033
1.37996
1.38005
1.37913
1.37881
1.37327
1.37752
1.37611
1.37859
1.38242
1.37681
1.3793
1.37649
1.37738
1.38257
1.38563
1.38403
1.37998
1.3823
1.37875
1.37486
1.37635
1.37733
1.37957
1.37839
1.37608
1.38079
1.37797
1.3796
1.37836
1.37993
1.38082
1.37968
1.3814
1.37826
1.37791
1.37872
1.37717
1.37608
1.38478
1.38438
1.37958
1.38045
1.37954
1.37558
1.37692
1.37674
1.37861
1.38184
1.37788
1.38009
1.37902
1.38116
1.38281
1.38112
1.37931
1.37865
1.38109
1.37757
1.38059
1.37772
1.37673
1.37867
1.37858
1.37352
1.38037
1.38054
1.38519
1.38619
1.38434
1.3839
1.38556
1.38551
1.38389
1.38404
1.38086
1.37833
1.38229
1.38123
1.38
1.38237
1.38313
1.38266
1.38371
1.38191
1.38233
1.38313
1.3802
1.38505
1.38264
1.37981
1.38236
1.38642
1.38267
1.38716
1.38153
1.38346
1.38568
1.38286
1.38222
1.38304
1.38161
1.3822
1.38238
1.38358
1.37916
1.38378
1.38501
1.3851
1.38572
1.38495
1.38135
1.38445
1.38441
1.38164
1.38329
1.38155
1.38441
1.37794
1.3807
1.38272
1.38102
1.38282
1.38342
1.38623
1.38381
1.38156
1.38182
1.38389
1.38452
1.38805
1.38633
1.38391
1.38482
1.38239
1.38358
1.38324
1.38562
1.38012
1.38359
1.38299
1.3838
1.38533
1.38728
1.38545
1.38388
1.3839
1.38299
1.38333
1.38356
1.38446
1.385
1.38447
1.38453
1.38451
1.38356
1.38309
1.38353
1.38454
1.38438
1.38489
1.38292
1.38394
1.38464
1.384
1.38483
1.38384
1.38562
1.38522
1.38226
1.38327
1.38331
1.38523
1.38491
1.38247
1.38379
1.38432
1.38436
1.38191
1.38415
1.38177
1.38321
1.38294
1.38504
1.38363
1.38319
1.38381
1.3866
1.38311
1.38386
1.38128
1.38572
1.38556
1.38575
1.38716
1.38082
1.38105
1.38024
1.38455
1.38509
1.38331
1.38408
1.38008
1.38007
1.38081
1.38153
1.38504
1.38454
1.38497
1.37973
1.38063
1.38892
1.38573
1.38277
1.3852
1.38456
1.38332
1.38618
1.38577
1.38665
1.38183
1.38068
1.38302
1.38343
1.38619
1.38398
1.38254
1.38153
1.38283
1.38289
1.38512
1.38431
1.3851
1.38679
1.38706
1.38613
1.38426
1.38497
1.38476
1.38691
1.38337
1.38465
1.38287
1.38648
1.38212
1.38503
1.38212
1.38303
1.38317
1.38161
1.38193
1.38477
1.38387
1.38413
1.38343
1.38368
1.38596
1.38601
1.3853
1.38574
1.38458
1.38418
1.38528
1.38452
1.38709
1.3851
1.3846
1.38431
1.38445
1.38409
1.38379
1.38384
1.38566
1.38313
1.38396
1.38416
1.38519
1.38455
1.3824
1.3825
1.38114
1.38287
1.38299
1.3845
1.38543
1.38349
1.38455
1.38402
1.38483
1.38221
1.38181
1.38058
1.38335
1.38403
1.38192
1.38552
1.38635
1.38704
1.38329
1.3839
1.38261
1.38268
1.3803
1.38415
1.38324
1.38254
1.38465
1.38304
1.38323
1.38279
1.38382
1.38526
1.38537
1.38326
1.38318
1.38361
1.38426
1.38517
1.38337
1.38648
1.38451
1.38375
1.38917
1.37901
1.35793
1.38014
1.38478
1.38853
1.3849
1.38386
1.38077
1.38392
1.38506
1.3814
1.38292
1.38168
1.38347
1.38557
1.38542
1.38587
1.38499
1.38666
1.38313
1.38601
1.38417
1.38294
1.38068
1.3861
1.3846
1.38223
1.3833
1.38392
1.3864
1.38515
1.38343
1.38386
1.38459
1.38413
1.38329
1.3874
1.384
1.38682
1.38369
1.38541
1.38549
1.38313
1.38321
1.38287
1.38198
1.3837
1.38346
1.38382
1.38414
1.384
1.38216
1.38424
1.38367
1.38549
1.38467
1.38431
1.38517
1.38467
1.38481
1.38555
1.38457
1.38291
1.38418
1.38322
1.3841
1.3833
1.38506
1.38219
1.38262
1.3837
1.38442
1.38502
1.38343
1.38409
1.38348
1.384
1.38479
1.38581
1.38499
1.38395
1.38425
1.38557
1.38471
1.38654
1.38547
1.38589
1.38531
1.3868
1.38359
1.38646
1.38481
1.38583
1.38571
1.3838
1.3847
1.387
1.38575
1.3856
1.3856
1.38677
1.38459
1.38347
1.38517
1.38339
1.38233
1.38295
1.38319
1.38305
1.38389
1.38333
1.38611
1.38594
1.38366
1.38693
1.38625
1.3862
1.38434
1.38415
1.38539
1.38396
1.3853
1.38584
1.38555
1.38454
1.38495
1.3857
1.38443
1.38658
1.38484
1.38398
1.38349
1.38444
1.38592
1.38427
1.38664
1.38386
1.38239
1.38343
1.38493
1.38647
1.38467
1.38413
1.3843
1.38483
1.38608
1.38491
1.38466
1.38493
1.38673
1.38538
1.38819
1.38528
1.38165
1.38577
1.38581
1.38527
1.38551
1.38533
1.38573
1.3849
1.38493
1.38417
1.38379
1.38535
1.3854
1.3849
1.38468
1.38418
1.38455
1.38597
1.38649
1.38441
1.38419
1.38293
1.3823
1.3844
1.38535
1.38495
1.38488
1.38455
1.38378
1.38348
1.38515
1.38424
1.38482
1.3833
1.38306
1.38293
1.38469
1.38241
1.38465
1.38274
1.38425
1.38333
1.38446
1.38591
1.38366
1.38159
1.38284
1.38231
1.38199
1.38028
1.38389
1.3817
1.3809
1.3823
1.38011
1.38339
1.38227
1.38386
1.38272
1.38256
1.38289
1.38179
1.38276
1.38454
1.38358
1.3859
1.38463
1.38347
1.38334
1.38315
1.38426
1.38538
1.38494
1.38577
1.3845
1.38489
1.38337
1.38467
1.38551
1.38375
1.38415
1.38526
1.38508
1.38576
1.38395
1.38518
1.38564
1.38362
1.38585
1.3854
1.38549
1.38359
1.38738
1.3848
1.38497
1.38687
1.3833
1.38422
1.38263
1.38587
1.3845
1.38449
1.38201
1.38524
1.38527
1.38398
1.38123
1.38206
1.38243
