10.3112
7.34056
7.34728
7.5104
6.84057
7.39211
6.50423
7.30188
6.79955
6.71121
6.95089
6.90264
6.77063
7.36224
7.08169
7.07143
7.83763
8.20222
8.69593
7.53816
8.24148
7.93212
8.13318
7.78978
9.11884
8.74468
8.95411
9.05722
8.61191
8.31705
9.6033
9.83413
9.58946
8.71341
8.62921
8.0916
8.82138
8.52085
8.99587
8.90296
8.79739
9.59397
9.28921
9.53703
8.88322
9.42021
10.28687
8.86746
10.85336
9.65278
8.86036
9.68384
8.97738
9.32024
9.99602
9.88732
9.10819
9.39337
9.34334
11.1051
10.11185
9.23608
8.94229
9.32791
8.73183
9.42329
10.16084
10.34719
9.65553
10.08573
9.7819
10.10847
9.34079
9.64569
10.70051
9.48789
10.65846
11.05489
10.44263
9.32164
10.88965
9.76173
10.09654
9.47319
12.23106
11.95123
14.01378
9.19912
10.63385
11.32977
10.27964
11.53834
13.39561
10.08945
12.89876
11.94038
10.10904
9.82706
11.17804
11.82842
13.08986
11.07287
11.6479
12.67795
11.66072
11.74268
11.27604
11.14857
9.11527
12.6115
16.89281
14.00916
13.10361
11.06027
11.43283
10.6653
10.08459
11.26854
9.5839
12.11155
12.0124
12.08879
10.36508
12.6058
12.44516
11.66308
12.60041
12.5591
9.90081
10.41667
11.66314
12.29469
10.4183
10.93301
12.24674
13.81845
15.59094
13.47638
11.15638
10.24589
10.51201
9.99376
11.66957
12.74307
9.37818
11.70615
12.10417
13.79296
12.54695
12.44349
15.44007
17.23247
12.35246
12.3802
11.93022
11.24881
13.73358
12.81631
10.76792
10.51993
10.03123
14.73288
12.11146
13.9615
13.9114
13.65475
11.52664
13.42334
12.27067
13.26081
11.3229
14.44566
12.56285
15.4611
11.09615
10.68587
13.57558
10.81406
11.46081
13.49827
12.12137
11.51566
13.55865
11.84127
9.82166
15.12328
11.66922
11.03861
10.01184
11.73438
13.68166
13.27926
14.29979
14.26335
13.52963
14.80375
13.24837
16.60356
13.91505
12.42668
11.14594
11.83976
12.04518
13.19598
11.51592
13.26831
13.91793
12.27652
12.23772
16.93025
12.21803
13.37225
14.03558
11.72375
11.47232
16.02732
12.44516
10.72097
15.06644
12.97329
13.46969
12.26863
13.33037
13.64269
10.39748
11.65942
12.01118
12.66529
13.42569
15.52175
12.70994
12.948
12.42521
15.83652
12.95218
17.29762
15.66217
14.01807
10.9544
15.32007
15.73134
13.57012
14.38584
13.33612
17.20338
13.23841
11.17899
12.85527
11.74163
12.05134
9.72323
11.9148
11.20015
10.66571
11.9397
9.46887
10.95244
13.70124
11.49148
12.84174
14.46661
13.87229
13.59288
12.24712
23.56677
14.6045
11.25201
13.18976
12.28835
10.54901
14.89547
15.96357
10.0372
13.60309
11.6463
12.72647
13.24085
16.93753
12.19453
13.27027
9.68774
14.8818
15.38694
12.81902
11.1291
14.25644
12.93196
15.21039
11.16985
12.51751
12.41336
11.50838
11.86768
13.75882
14.24134
13.74504
14.47671
15.32598
15.34047
18.15796
13.35809
17.11135
15.31714
15.15178
12.22515
12.02201
15.50334
19.41166
13.60233
14.82909
12.74908
15.82109
16.9563
13.75618
14.38121
13.28165
11.31823
11.19597
11.93325
13.28729
13.55188
13.15791
11.48386
17.30618
10.53966
11.48768
11.13547
10.89508
13.51817
18.29359
13.91675
14.42992
10.47171
10.11312
14.09912
13.00265
15.087
15.92331
14.17475
12.48433
13.64743
12.4723
12.15123
16.09317
14.30099
13.01739
14.47594
14.26868
15.83953
11.04534
14.69815
13.79576
12.87849
12.06333
17.9062
13.78257
13.89517
12.19521
17.75715
15.91141
12.80912
14.39855
15.06732
13.39995
13.76587
17.01893
18.45806
16.17565
17.66526
11.47805
17.24952
19.09724
17.40182
10.60789
12.08555
13.36836
12.45142
19.4126
15.0131
11.45523
12.52199
11.91911
14.40249
17.08312
14.71159
15.65695
14.51812
16.60936
16.78233
17.00807
13.18212
16.28167
15.88744
13.15949
12.71019
20.41801
14.69613
17.87791
12.70999
12.90145
18.27915
20.45008
15.27771
22.30988
13.95193
16.45232
11.92007
15.12936
12.13671
15.91974
13.27781
11.7247
13.22611
14.52299
17.53099
14.93994
11.98331
16.2936
17.36924
15.58957
16.65394
15.33851
10.00559
19.63701
12.80004
11.9147
14.61398
14.73772
18.34163
15.72448
13.73391
12.48341
14.27302
18.29287
15.01678
18.55484
17.16597
16.26939
12.36655
14.87913
16.33858
16.47917
13.843
16.77486
11.50228
20.86916
16.04843
14.54329
12.45458
14.30034
16.7062
14.83608
15.97503
15.45784
16.20754
11.19938
12.27014
17.48377
15.1273
11.1443
20.3549
13.05539
20.14332
10.76144
16.62825
14.30348
14.75085
15.16073
12.76123
13.3811
14.12981
11.30877
22.59623
15.64609
11.15018
11.36461
13.06024
12.85457
12.85966
12.49835
13.34838
13.87038
11.68305
12.67173
19.24302
12.17273
15.71636
11.37548
12.2177
16.88178
15.34955
10.9424
14.98366
12.46205
17.65203
13.71078
15.37535
12.73143
20.48476
16.18888
10.33357
17.53146
18.20273
20.45185
19.20204
35.1071
13.06028
12.66859
15.37659
12.4143
14.20241
13.98281
11.65596
10.98394
22.05952
20.82591
15.27284
16.32828
15.96236
13.77651
12.11869
15.14986
13.54949
15.59909
15.27203
17.58962
18.29918
13.9402
12.48704
12.79765
12.59046
11.67851
12.11132
12.18633
14.78889
13.60276
16.25477
13.39889
14.81059
18.82167
16.18865
17.23999
15.64223
12.84377
11.69116
13.33811
18.85622
11.1769
12.36791
11.90656
12.75792
18.86207
11.9775
13.62473
18.94185
12.27439
14.6395
25.35387
16.1583
14.29721
18.61801
15.32706
14.50046
16.30563
13.60818
16.5165
11.47404
15.65819
19.00911
20.87668
20.08398
14.13866
30.21135
22.72891
16.67796
12.30595
13.36477
10.9647
12.39334
20.11622
15.19898
13.97523
16.22261
14.75246
22.16359
21.59104
17.52974
12.69064
14.59595
16.36537
13.21389
13.41027
17.26525
14.1283
17.82502
14.13198
17.08839
14.40121
13.3664
12.06651
14.61516
13.04634
55.54461
50.07333
49.83946
49.97305
49.73251
49.53452
40.13275
18.66567
15.41418
16.37526
18.79341
13.81223
17.77366
13.31952
20.14097
14.22958
13.31207
31.77733
19.11841
11.3401
11.51046
14.45862
11.66305
16.0629
14.10496
11.31793
13.17446
11.04089
16.55571
11.3735
13.18893
13.44786
16.45617
21.36091
21.45887
20.70384
17.17146
16.17637
14.19945
14.50999
14.99195
11.81265
17.37857
13.89578
14.25888
16.74313
17.45943
17.28042
16.1899
19.99535
15.6091
12.35347
13.25342
12.75701
18.72611
16.46868
16.9936
14.10131
14.65176
13.17132
11.68582
15.45546
17.50443
20.6883
15.56164
18.80684
11.56117
15.12332
20.0445
11.89188
13.00176
10.9915
11.74786
19.00183
13.94736
11.81658
16.39231
16.50402
12.63405
11.08857
11.37822
13.35933
13.22805
12.69579
13.92025
14.11606
23.6329
15.6263
21.50799
19.18336
17.91219
15.49339
16.90712
13.84603
18.03818
14.93156
12.77818
13.99527
15.54741
15.25115
11.49864
13.95905
20.33108
14.97656
16.14465
15.7516
15.94523
15.39675
13.47698
18.8045
16.32041
22.7888
20.94241
16.93059
19.8775
15.98325
15.64332
11.84962
17.40311
19.50999
14.1832
18.7228
23.26364
16.16196
17.87369
18.02377
21.26444
18.14099
22.72173
32.15361
24.7578
15.84377
13.0395
11.02911
16.91843
14.73332
33.91718
60.2134
59.46253
59.71751
37.64048
17.2652
17.08404
15.57122
14.38927
13.47557
14.24652
13.98355
12.49909
17.00839
16.97938
14.45319
21.12126
15.78498
11.84296
13.20522
12.84433
16.51542
24.43176
16.16722
18.08608
17.00434
18.39842
17.70958
16.90924
17.12868
17.19111
15.56026
15.49589
16.32762
15.4822
15.71567
25.02351
25.63399
14.23319
19.76778
22.25813
22.62191
17.89875
17.78727
20.55319
20.15544
15.50391
21.67128
15.48007
20.16251
31.87084
16.41657
16.88903
16.40912
15.71463
15.84415
25.72011
16.39109
13.4544
12.65848
15.24993
11.45374
12.67984
21.80264
19.61103
14.67193
17.30348
13.16938
18.29704
23.19742
12.71895
16.25385
12.57597
16.66097
12.92251
17.93544
11.69294
13.17356
35.26084
12.66895
17.91652
25.78362
20.23048
12.45928
15.97884
20.11832
23.47587
16.50554
24.59521
17.86745
20.13351
14.80087
21.25894
15.1663
13.14241
14.27316
13.77798
16.91812
11.77088
13.2115
19.24244
16.84022
16.5172
14.82792
15.71454
13.66092
12.8858
16.63906
14.33356
13.06041
12.91993
19.46899
22.67599
13.28508
23.20022
15.15689
18.92104
13.11447
15.49307
30.20774
15.36081
12.37515
18.97556
14.75863
15.40964
16.29437
19.90018
16.47024
17.06274
17.99844
17.84168
15.37114
15.76286
15.42264
18.0127
24.17164
22.81908
11.84375
10.79458
14.52004
16.9
15.10422
16.98509
11.84171
11.42769
16.64562
16.86407
27.5154
14.34174
20.94429
14.70861
29.51284
19.8534
13.42308
13.75698
14.00296
15.91585
10.78517
14.65642
20.75157
13.92003
18.74944
13.24553
22.71584
16.29437
17.6012
28.31188
20.83212
14.08997
14.26434
12.64727
21.91762
15.4375
11.34278
11.91365
16.27686
13.7107
20.82047
18.70156
13.90636
12.07572
17.66366
23.00415
19.70474
15.94765
29.55438
13.30451
12.11777
16.17761
19.27942
20.91032
51.80883
49.2169
44.9379
23.40675
18.51234
24.56232
23.24348
18.70235
19.40827
17.90528
23.06633
17.5562
18.49923
16.11151
14.44152
17.9108
12.47939
12.70367
17.50799
19.84848
19.62549
21.89767
19.51465
22.57194
14.27516
14.53328
14.72774
14.60809
22.59906
41.10942
35.98075
47.56828
19.64215
15.29688
45.66627
22.6132
15.86672
13.69914
16.59716
20.47823
16.96421
16.24557
35.73925
38.73711
65.75361
57.5727
57.30149
57.37863
57.17327
57.04611
23.94662
18.58064
16.18647
14.72209
11.59695
12.99245
17.71375
19.01023
17.40545
14.07728
50.98127
41.73923
20.12692
18.44025
23.29924
15.68504
15.25696
15.32056
17.593
19.55052
18.11717
