0.03834
0.04342
0.03979
0.04676
0.04854
0.04767
0.05681
0.04218
0.04445
0.05487
0.04479
0.04755
0.0412
0.04154
0.03847
0.03542
0.03301
0.03078
0.03356
0.02935
0.03124
0.02432
0.03023
0.02449
0.02775
0.02676
0.02327
0.02272
0.02619
0.02055
0.02332
0.02133
0.0264
0.02439
0.02444
0.02259
0.02871
0.02567
0.0238
0.02493
0.02287
0.02234
0.0235
0.02204
0.02071
0.01902
0.0196
0.01964
0.02088
0.0216
0.02135
0.02503
0.01883
0.01997
0.02165
0.02262
0.02052
0.01814
0.01775
0.02151
0.02387
0.01956
0.02219
0.02302
0.02462
0.01975
0.01921
0.0171
0.02038
0.01772
0.01696
0.02023
0.01722
0.01828
0.01912
0.01719
0.01926
0.0208
0.01798
0.01832
0.01911
0.01916
0.01838
0.01511
0.0134
0.01296
0.01622
0.01628
0.01299
0.01595
0.01147
0.0139
0.01846
0.01714
0.01358
0.01565
0.01282
0.01512
0.01043
0.01371
0.01301
0.01421
0.01476
0.01404
0.01285
0.0159
0.01213
0.01187
0.00859
0.01016
0.00886
0.00767
0.01459
0.0118
0.01041
0.01299
0.00733
0.01189
0.00727
0.00822
0.01267
0.0126
0.01065
0.0133
0.01038
0.00985
0.01117
0.01068
0.01162
0.0111
0.0081
0.01091
0.01005
0.01062
0.00929
0.01163
0.00917
0.01195
0.01362
0.01484
0.01255
0.01088
0.00852
0.00913
0.00657
0.00875
0.00799
0.00963
0.00775
0.00749
0.00461
0.00624
0.01169
0.01302
0.01048
0.00915
0.0164
0.01284
0.01025
0.00855
0.00609
0.00732
0.00585
0.0081
0.01004
0.00968
0.01057
0.0093
0.0103
0.01051
0.00732
0.00796
0.00777
0.0103
0.01337
0.00868
0.01018
0.01026
0.00774
0.01025
0.00826
0.00809
0.01056
0.00842
0.00597
0.01081
0.00688
0.01038
0.00655
0.00538
0.00644
0.00649
0.00781
0.00559
0.00487
0.00496
0.00472
0.00638
0.00726
0.00758
0.01033
0.0078
0.00974
0.01004
0.00466
0.00891
0.00812
0.00868
0.00608
0.00575
0.00589
0.00838
0.01313
0.00697
0.00655
0.00719
0.00539
0.01068
0.00646
0.00864
0.00776
0.00473
0.01195
0.00747
0.00858
0.00569
0.00841
0.00516
0.0046
0.00723
0.00832
0.00642
0.0046
0.00567
0.00373
0.0085
0.00519
0.00854
0.00695
0.00565
0.00668
0.00509
0.00442
0.00382
0.00689
0.00669
0.00512
0.00782
0.01028
0.01149
0.01226
0.01056
0.01151
0.00685
0.00726
0.00455
0.00923
0.00586
0.00517
0.0061
0.0041
0.00531
0.00552
0.00467
0.00622
0.00771
0.0065
0.00942
0.00828
0.0064
0.0098
0.00981
0.00704
0.00705
0.00561
0.00509
0.00484
0.00825
0.00581
0.00667
0.00306
0.00534
0.00935
0.00608
0.0045
0.0038
0.00643
0.00524
0.00783
0.00754
0.00912
0.0084
0.00892
0.00697
0.00653
0.00469
0.00846
0.00818
0.00462
0.00586
0.00323
0.00803
0.00683
0.00606
0.00558
0.00867
0.0075
0.00477
0.00529
0.00574
0.00402
0.00543
0.00591
0.00678
0.00722
0.00634
0.0092
0.00459
0.0098
0.00766
0.00679
0.00429
0.00733
0.00753
0.00947
0.00922
0.0069
0.00802
0.00622
0.00752
0.00575
0.00976
0.00583
0.00516
0.00432
0.00848
0.0044
0.00523
0.00657
0.00672
0.0077
0.00976
0.00666
0.00606
0.00534
0.00599
0.00471
0.00622
0.0084
0.00533
0.00501
0.00891
0.0059
0.00522
0.0074
0.00519
0.00623
0.00407
0.0045
0.00322
0.004
0.00755
0.00679
0.00691
0.004
0.00493
0.008
0.0052
0.00921
0.00508
0.00419
0.00342
0.00846
0.00461
0.00385
0.00756
0.00456
0.00752
0.00662
0.00552
0.0042
0.00449
0.00726
0.00442
0.00577
0.00587
0.00392
0.00656
0.00744
0.00331
0.00291
0.00566
0.00595
0.00449
0.0064
0.00493
0.00413
0.00434
0.00459
0.00487
0.00475
0.0035
0.00611
0.00439
0.00411
0.00646
0.00341
0.0042
0.00238
0.00361
0.00648
0.00314
0.00467
0.00386
0.00353
0.00373
0.00693
0.00636
0.00671
0.00472
0.00422
0.006
0.00425
0.00679
0.00829
0.00505
0.00324
0.00485
0.00269
0.00583
0.00564
0.00289
0.00419
0.00407
0.00294
0.00256
0.00651
0.00658
0.00385
0.00365
0.00325
0.00481
0.00527
0.00549
0.0031
0.00882
0.00441
0.00674
0.00468
0.00482
0.00438
0.00627
0.0046
0.00335
0.0072
0.00547
0.00291
0.00507
0.00646
0.0057
0.00425
0.00377
0.00739
0.0028
0.00514
0.00362
0.00324
0.00581
0.0035
0.00288
0.00424
0.00242
0.00565
0.00549
0.00853
0.00478
0.00743
0.00507
0.00373
0.00475
0.00584
0.00527
0.00874
0.00365
0.00407
0.00314
0.00679
0.0038
0.00707
0.0037
0.0033
0.00689
0.0044
0.00351
0.00376
0.00209
0.00628
0.00411
0.00494
0.00572
0.00203
0.00429
0.00384
0.00271
0.00574
0.00211
0.00802
0.0054
0.00654
0.00858
0.00387
0.00672
0.00277
0.00314
0.00253
0.00296
0.00337
0.00646
0.00621
0.00765
0.00582
0.00531
0.0035
0.00419
0.00581
0.00667
0.00615
0.00651
0.00458
0.00511
0.00442
0.00491
0.00661
0.00529
0.00643
0.0038
0.00357
0.00314
0.00281
0.00448
0.00379
0.00813
0.00291
0.00655
0.0031
0.00483
0.00415
0.00327
0.00307
0.00517
0.00527
0.00508
0.00473
0.00279
0.0077
0.00374
0.00375
0.00352
0.00263
0.00624
0.00296
0.00356
0.00543
0.00207
0.00304
0.00329
0.00202
0.00261
0.00344
0.00326
0.00367
0.00183
0.00284
0.00489
0.00414
0.0025
0.00639
0.00467
0.00479
0.00356
0.00702
0.00512
0.00524
0.00374
0.00392
0.00305
0.00548
0.00453
0.00371
0.0031
0.0055
0.00383
0.00286
0.00182
0.00515
0.00213
0.00359
0.00407
0.00526
0.00634
0.00589
0.0041
0.0017
0.0
0.0
0.0
0.0
0.0
0.00237
0.0052
0.00544
0.0048
0.00314
0.00376
0.00312
0.00192
0.00455
0.00402
0.00418
0.00567
0.00609
0.00561
0.00345
0.00339
0.00266
0.00438
0.00394
0.00568
0.00634
0.00639
0.00446
0.00262
0.00262
0.00174
0.00211
0.00459
0.00207
0.00429
0.00326
0.00622
0.00345
0.00341
0.00628
0.00515
0.00461
0.00534
0.0037
0.00376
0.00311
0.00517
0.0024
0.00293
0.00299
0.00486
0.00462
0.0029
0.0036
0.00554
0.00396
0.00295
0.00415
0.00242
0.00438
0.00282
0.00327
0.00453
0.0042
0.00422
0.00501
0.00496
0.00561
0.00316
0.00272
0.00499
0.00307
0.00465
0.00577
0.00416
0.00431
0.00413
0.00335
0.00198
0.00542
0.00305
0.00382
0.00258
0.00369
0.00295
0.00377
0.00231
0.00174
0.00391
0.00232
0.00347
0.00463
0.00222
0.00288
0.00386
0.00262
0.0032
0.00384
0.00592
0.00287
0.00501
0.00431
0.00564
0.00227
0.00316
0.00507
0.00386
0.0025
0.00295
0.00152
0.00216
0.00251
0.00142
0.00294
0.0051
0.00453
0.00234
0.00428
0.00269
0.00355
0.00319
0.00276
0.00177
0.00141
0.00105
0.00305
0.00133
0.00469
0.00281
0.00249
0.00278
0.00342
0.00438
0.00282
0.00361
0.00197
0.0
0.0
4e-05
0.00204
0.00176
0.0041
0.00404
0.00269
0.00247
0.00539
0.00435
0.00436
0.00524
0.00311
0.00354
0.00398
0.00414
0.0027
0.00337
0.00215
0.00483
0.00298
0.00235
0.00245
0.00452
0.00249
0.00195
0.00347
0.00366
0.0046
0.00273
0.00382
0.00213
0.00334
0.00212
0.00142
0.00348
0.00181
0.00073
0.00247
0.00337
0.00315
0.00313
0.00328
0.00242
0.00344
0.00324
0.00195
0.00284
0.00463
0.00718
0.0061
0.0034
0.00302
0.00329
0.00315
0.00171
0.00525
0.00409
0.00319
0.00356
0.0024
0.00134
0.00323
0.00167
0.00196
0.00197
0.00343
0.00368
0.00302
0.00485
0.00421
0.0034
0.00217
0.00347
0.00242
0.00381
0.00343
0.0018
0.00329
0.00396
0.00273
0.00339
0.00227
0.0035
0.0022
0.00242
0.00127
0.00223
0.00279
0.00197
0.002
0.00513
0.00509
0.00473
0.0047
0.00304
0.00262
0.00178
0.00311
0.00397
0.00209
0.00178
0.00566
0.0051
0.00537
0.00357
0.00353
0.0051
0.00235
0.00372
0.00284
0.00221
0.00103
0.00272
0.00328
0.00339
0.00209
0.00217
0.00628
0.00226
0.00293
0.00147
0.00422
0.00195
0.0026
0.00374
0.00329
0.00292
0.00293
0.0024
0.00155
0.00221
0.00372
0.00446
0.00319
0.0022
0.00357
0.00336
0.0022
0.00364
0.00344
0.0059
0.00283
0.00218
0.00193
0.00133
0.00078
0.00455
0.00293
0.00175
0.00146
0.00107
0.00493
0.00179
0.00561
0.00369
0.00193
0.00302
0.00141
0.0021
0.00361
0.00282
0.00183
0.0019
0.00403
0.00246
0.00119
0.00197
0.00333
0.00484
0.00412
0.00223
0.00191
0.00294
0.00281
0.00214
0.00374
0.00412
0.00436
0.00244
0.00337
0.00292
0.00428
0.00142
0.0034
0.00156
0.00171
0.00162
0.00312
0.00181
0.0
0.00038
0.00372
0.00366
0.00209
0.00136
0.0048
0.00216
0.0011
0.00303
0.00414
0.00362
0.00244
0.00204
0.0038
0.00206
0.00159
0.00146
0.00269
0.00219
0.00371
0.0017
0.00279
0.00327
0.00191
0.00156
0.00335
0.00312
0.00087
0.00405
0.0
0.00317
0.00298
0.00169
0.00308
0.00335
0.00283
0.00539
0.00366
0.00364
0.00198
0.00151
0.00039
0.00235
0.0
0.0
0.0
0.0
0.0
0.00681
0.00393
0.00414
0.00392
0.00354
0.00266
0.00318
0.0031
0.00242
0.00342
0.00037
0.00069
0.00359
0.00707
0.00399
0.00338
0.00225
0.00268
0.00172
0.00385
0.00272
