0.97751
0.96804
0.96974
0.99388
0.9585
0.99298
0.98068
0.96613
0.97235
0.9754
0.96846
0.97594
0.97104
0.96285
0.9649
0.98834
0.96872
0.96624
0.96679
0.9684
0.98045
0.97387
0.96705
0.97112
0.9779
0.95243
0.97039
0.98761
0.97066
0.96909
0.97317
0.96703
0.9741
0.95534
0.97946
0.95848
0.98885
0.97387
0.97878
0.96731
0.96787
0.97589
0.95723
0.96594
0.9771
0.96597
0.97844
0.96998
0.97486
0.96613
0.97748
0.98427
0.97172
0.97215
0.97276
0.96015
0.97566
0.96507
0.97552
0.96767
0.97658
0.97862
0.96092
0.96462
0.97553
0.97437
0.9683
0.97097
0.96849
0.96915
0.97942
0.97937
0.97068
0.97646
0.97554
0.96881
0.97437
0.97519
0.97515
0.9724
0.97805
0.97424
0.97076
0.97422
0.96208
0.98449
0.96882
0.96978
0.97544
0.97276
0.96958
0.96362
0.97436
0.97049
0.96887
0.96863
0.95689
0.99121
0.95364
0.96821
0.9923
0.96088
0.97355
0.97291
0.97211
0.96455
0.97544
0.97142
0.96798
0.97308
0.98408
0.96723
0.97712
0.97035
0.97465
0.97305
0.96654
0.98287
0.97951
0.97011
0.97658
0.95864
0.95767
0.98088
0.97177
0.96982
0.9826
0.97977
0.97135
0.97391
0.96566
0.97161
0.97648
0.95542
0.98963
0.97035
0.96791
0.97047
0.97969
0.97394
0.96143
0.9829
0.96948
0.97353
0.97347
0.96837
0.97648
0.96271
0.97832
0.97169
0.96427
0.97509
0.97588
0.9749
0.97083
0.96826
0.97784
0.97094
0.9733
0.96593
0.97373
0.9705
0.97387
0.99197
0.96224
0.96472
0.96813
0.96478
0.96833
0.97433
0.97141
0.9719
0.98025
0.96873
0.97117
0.97728
0.9741
0.97426
0.9455
0.97841
0.96858
0.97463
0.96889
0.96643
0.97461
0.96348
0.96817
0.98028
0.97598
0.96803
0.96532
0.97334
0.97461
0.96688
0.98869
0.97387
0.97781
0.96967
0.97526
0.96934
0.96933
0.97381
0.96575
0.96225
0.97762
0.9741
0.96717
0.98546
0.95845
0.99054
0.95743
0.97334
0.97274
0.97137
0.97544
0.96934
0.97649
0.97274
0.97149
0.96692
0.99207
0.96977
0.96897
0.96872
0.98003
0.97146
0.96754
0.9698
0.97103
0.96459
0.97452
0.96828
0.97038
0.96619
0.96552
0.97132
0.96714
0.97774
0.97984
0.97481
0.97195
0.9763
0.95765
0.9736
0.97032
0.97363
0.96445
0.97844
0.9687
0.97441
0.96644
0.97649
0.96259
0.97044
0.97143
0.96828
0.97573
0.97206
0.98034
0.97835
0.97167
0.97262
0.96537
0.9686
0.96908
0.98147
0.97344
0.96866
0.97387
0.97307
0.9726
0.97405
0.96336
0.97021
0.97042
0.99536
0.95498
0.97867
0.96978
0.97601
0.97868
0.97439
0.98383
0.96879
0.97315
0.97367
0.96636
0.97583
0.97736
0.96282
0.96926
0.97102
0.99476
0.97099
0.97131
0.9711
0.96762
0.969
0.97268
0.97723
0.98816
0.97244
0.97277
0.97305
0.97453
0.97108
0.97504
0.9809
0.9656
0.96848
0.97858
0.98615
0.9657
0.97491
0.96024
0.98323
0.96358
0.97741
0.96216
0.97097
0.96478
0.97711
0.96561
0.97839
0.98331
0.96271
0.99237
0.95902
0.97999
0.97107
0.99171
0.96158
0.97979
0.97615
0.98215
0.96928
0.97038
0.98086
0.97922
0.96853
0.96989
0.98046
0.96138
0.96874
0.97161
0.97666
0.96843
0.98235
0.9754
0.9764
0.97602
0.97729
0.97302
0.97537
0.97435
0.97561
0.9763
0.99313
0.97651
0.96222
0.96724
0.98334
0.96435
0.99352
0.96581
0.96257
0.97075
0.99576
0.95406
0.99255
0.96646
0.97431
0.97676
0.96832
0.97553
0.97337
0.97059
0.97861
0.96721
0.98096
0.97454
0.96886
0.99223
0.97558
0.97314
0.97564
0.97702
0.97454
0.96896
0.9714
0.971
0.96604
0.99248
0.9751
0.96941
0.97063
0.97648
0.97366
0.96119
0.97507
0.96733
0.97381
0.97381
0.97643
0.97277
0.95863
0.98124
0.97307
0.97058
0.98035
0.96947
0.9696
0.99246
0.95083
0.98451
0.98545
0.94911
0.99445
0.96334
0.97819
0.97952
0.98786
0.96136
0.97798
0.97567
0.97971
0.97801
0.9799
0.97771
0.97719
0.96351
0.97841
0.97601
0.97952
0.9579
0.99248
0.97075
0.96154
0.9922
0.97394
0.97035
0.97362
0.97541
0.98669
0.96815
0.97323
0.97007
0.97073
0.96786
0.97591
0.98358
0.95771
0.97765
0.98977
0.9754
0.97324
0.97474
0.98123
0.97296
0.9781
0.98016
0.97856
0.97605
0.96204
0.97131
0.97596
0.97659
0.96872
0.99495
0.97157
0.97007
0.97346
0.97945
0.97036
0.97662
0.97542
0.97141
0.97531
0.97573
0.99515
0.97095
0.97094
0.97949
0.97546
0.97884
0.97606
0.97672
0.97672
0.974
0.98557
0.97286
0.96614
0.99329
0.97393
0.97946
0.97572
0.97196
0.97848
0.97268
0.97709
