7.81068
7.36729
7.79563
8.50152
7.15108
8.16031
9.47003
8.48226
7.70444
7.74001
7.82016
7.89173
7.7504
7.69724
7.2469
7.54117
7.64563
7.87132
7.47662
7.80021
7.7489
7.81356
7.6007
7.96374
7.92792
7.87726
7.98639
8.09121
7.92278
7.82785
7.98271
7.56398
8.08424
7.5148
8.26017
8.03746
8.27041
7.71243
7.83752
7.67389
8.1389
7.67866
7.79034
8.4208
7.84641
7.9193
7.7989
7.96986
7.94277
7.96899
7.67153
7.61579
8.3453
7.75517
7.79322
7.50934
7.77297
8.23712
8.24275
7.5934
8.382
7.49855
7.83714
7.77921
7.94497
7.84895
7.64218
7.65428
8.07048
8.15118
8.11139
8.11944
8.16668
7.53441
8.18863
8.07378
8.00071
7.99045
8.22939
7.72023
8.12078
7.83711
7.55532
7.8743
7.75685
8.38273
8.2728
7.94937
8.38016
8.1475
7.8198
7.50652
7.63349
7.89237
7.59017
7.76055
8.15914
8.07266
8.01925
8.65975
8.10652
7.85019
8.61882
8.00529
7.8381
7.99823
8.35702
8.26221
8.82641
8.47608
8.08529
7.78041
7.97616
7.77561
8.03922
7.84184
7.91542
8.36671
8.40041
7.90562
8.5412
8.00672
7.94914
8.35018
8.09115
7.70714
8.18988
8.01446
7.75283
8.0284
7.59722
8.12654
8.24712
8.12569
7.71325
8.02248
7.5254
8.04924
7.69007
7.93262
8.15552
8.95151
7.98384
8.1411
8.94772
8.47666
7.83782
8.34984
8.87133
9.15419
8.0702
8.1908
8.19338
7.89828
7.90499
7.9735
7.91539
7.99349
8.0015
7.98842
8.06962
7.98423
7.97645
9.05165
7.71071
8.41241
8.29459
7.93729
7.88031
7.85346
8.288
7.82838
8.01376
7.97655
7.87553
8.24992
8.91394
7.80211
8.23779
8.57944
8.58897
8.17699
7.75
8.09315
8.24055
7.9613
8.15062
8.41535
8.15265
8.03607
7.93694
7.92077
8.19732
8.01844
7.5994
8.41886
8.2035
7.97007
7.87895
8.51742
8.48715
8.10902
7.70485
7.55014
8.42926
8.74239
7.85771
8.02822
8.26916
7.93806
7.92577
8.20038
8.66755
8.23937
8.77355
8.7091
8.23304
8.09948
7.81975
8.04011
8.39362
8.09907
7.83338
9.02098
9.08763
8.06959
9.21879
8.71504
8.26736
9.35891
8.96532
7.88044
8.18396
8.1335
7.65331
8.06353
8.13947
8.11648
8.24654
8.43495
8.162
8.1125
7.66046
8.8799
8.54316
8.62469
8.35909
8.40735
7.92883
8.10107
8.6066
8.53452
8.3014
8.89538
8.32507
8.25532
8.33582
8.29519
8.6518
8.97676
8.60381
8.40123
8.74511
8.73402
8.9602
8.57285
8.36703
8.16452
8.03271
7.89484
8.04767
8.35768
8.34662
8.49338
8.23655
8.59105
8.23354
8.37228
8.41625
8.95291
8.35827
8.82796
8.60068
8.3291
8.64744
8.09359
7.87975
8.10957
8.16702
8.52723
9.13077
8.65141
8.61699
8.74244
8.27621
8.14601
8.61566
8.48843
8.73028
8.43258
9.80508
8.38519
8.35421
8.44369
8.27312
7.9955
8.13242
8.44885
8.1693
8.32902
8.52397
8.95957
8.30519
9.36804
8.11996
8.51905
7.82858
8.83862
8.28484
8.02674
8.21708
8.72998
8.604
8.38834
8.27712
8.29669
8.6082
8.44203
8.61023
8.39413
8.95588
8.29869
8.51894
8.64476
8.74365
8.94902
8.29704
8.07961
8.42968
8.16793
8.71973
9.11117
8.6193
8.57156
8.4409
8.16848
8.80444
8.47231
8.52344
8.46802
8.40592
8.44978
8.9049
9.18681
8.39971
9.22324
8.58119
8.39355
8.4798
9.04876
8.70178
8.45289
8.88602
9.0709
7.72071
8.8474
8.14392
8.43498
8.60232
8.37375
7.92772
8.38636
8.39722
8.27584
8.52627
8.61184
8.50571
8.68638
8.83551
8.55303
8.60264
8.69706
9.59419
9.0528
8.14056
8.86347
8.80164
8.21769
8.18468
9.61879
8.96927
8.31797
8.65945
9.25062
8.30029
9.38486
8.66289
8.94753
8.32773
8.22743
8.93874
8.13229
8.78518
8.77036
8.71975
8.36873
8.74442
8.38106
8.65054
8.98502
8.51974
8.80003
8.40679
9.36565
8.33819
8.61268
8.66874
8.5505
8.53325
8.72295
9.48037
8.42722
7.93576
8.66826
8.48817
8.43112
8.60868
9.06886
8.53897
8.87823
8.18463
8.43179
8.9227
8.80747
9.31352
9.33973
9.05616
8.6784
8.39522
8.51587
8.04007
8.73044
8.77077
8.9696
8.18728
8.70471
8.77159
9.01273
8.04858
8.24655
9.16625
8.86245
8.88187
8.95275
8.29575
8.67286
8.46837
8.8967
8.82971
9.29995
8.91955
9.23245
8.69907
8.4544
8.99879
8.43772
8.73643
8.61222
8.47869
8.59525
8.79617
8.96527
8.4608
8.63185
8.88854
8.65232
8.49122
8.93033
9.10608
8.70338
8.29326
8.62999
8.91378
9.01449
8.8686
8.3397
9.14786
9.37874
8.92032
8.67512
8.1181
9.35252
8.85586
8.34065
9.01482
8.66994
8.50169
9.88883
9.2623
8.87547
