0.07533
0.114
0.10296
0.01415
0.14973
0.01625
0.09864
0.13332
0.10917
0.08104
0.12335
0.09823
0.11798
0.18491
0.153
0.02617
0.11292
0.13901
0.1282
0.11613
0.06128
0.12047
0.14939
0.1064
0.0669
0.21445
0.12207
0.04927
0.10057
0.14461
0.10586
0.14775
0.08665
0.15803
0.05924
0.15612
0.06567
0.11978
0.0623
0.1381
0.13283
0.07987
0.23483
0.15499
0.07766
0.1566
0.06262
0.12854
0.08896
0.14169
0.07415
0.08935
0.09279
0.11808
0.09308
0.14986
0.08488
0.14082
0.07889
0.11374
0.10436
0.10704
0.15337
0.14626
0.08657
0.10126
0.11666
0.09881
0.12084
0.13088
0.06006
0.07039
0.14717
0.07127
0.09077
0.12594
0.08378
0.08404
0.08686
0.11745
0.07466
0.082
0.11159
0.09274
0.15239
0.05729
0.13814
0.12974
0.07939
0.08263
0.12239
0.17974
0.08043
0.10751
0.12381
0.11029
0.15615
0.03559
0.17441
0.13301
0.01766
0.19016
0.09031
0.0924
0.11401
0.14001
0.08038
0.10556
0.14648
0.09289
0.05277
0.16971
0.06556
0.11939
0.08719
0.09664
0.15054
0.0478
0.06625
0.09661
0.08726
0.17266
0.1389
0.06268
0.08962
0.11931
0.0575
0.05626
0.15959
0.08065
0.15244
0.0966
0.07676
0.18463
0.02411
0.11293
0.11892
0.12219
0.08065
0.07374
0.16715
0.04555
0.12094
0.08818
0.09504
0.13441
0.09174
0.13491
0.09932
0.09765
0.12817
0.08177
0.07319
0.10901
0.10231
0.14338
0.07268
0.13207
0.10351
0.15942
0.09735
0.12414
0.10022
0.02928
0.14873
0.1253
0.11139
0.1406
0.11825
0.09274
0.1285
0.08813
0.0558
0.10526
0.12471
0.08312
0.09093
0.08109
0.2226
0.07551
0.12916
0.08217
0.10378
0.14147
0.07572
0.11716
0.13129
0.05357
0.09211
0.12237
0.16428
0.08839
0.11692
0.128
0.03701
0.10288
0.06348
0.13404
0.08714
0.12333
0.11331
0.10246
0.13248
0.15092
0.07328
0.1136
0.12289
0.08575
0.14374
0.04956
0.15471
0.08128
0.10256
0.10718
0.11155
0.10724
0.08629
0.128
0.11559
0.12129
0.03142
0.15843
0.10442
0.1188
0.05781
0.09943
0.12759
0.11454
0.09145
0.16607
0.08745
0.17477
0.11476
0.13196
0.17065
0.10166
0.12393
0.08454
0.06426
0.08794
0.1076
0.0985
0.21086
0.09332
0.11884
0.10355
0.10973
0.07308
0.11547
0.0951
0.13886
0.07636
0.15593
0.09545
0.10677
0.12304
0.08108
0.09028
0.06436
0.06951
0.13197
0.12115
0.14608
0.12208
0.11295
0.05499
0.10694
0.10956
0.10057
0.08473
0.11759
0.08807
0.13958
0.13193
0.09814
0.01231
0.19127
0.0703
0.10623
0.08942
0.06542
0.0851
0.05299
0.14335
0.08365
0.13515
0.1119
0.08077
0.07257
0.15748
0.116
0.10527
0.01487
0.11041
0.11636
0.10686
0.14047
0.11335
0.11542
0.09866
0.02908
0.10256
0.10885
0.12522
0.10251
0.1199
0.09356
0.05797
0.17545
0.14559
0.06597
0.05379
0.14726
0.09738
0.13753
0.04862
0.15313
0.08244
0.18102
0.11426
0.12311
0.08521
0.13154
0.07971
0.04658
0.18641
0.04185
0.15998
0.07242
0.10567
0.01717
0.15493
0.08181
0.08417
0.07214
0.11137
0.1067
0.0552
0.08128
0.1469
0.12264
0.05731
0.18467
0.13595
0.11316
0.07255
0.15371
0.05117
0.08396
0.07931
0.08394
0.07026
0.10571
0.08835
0.1044
0.08248
0.08039
0.01961
0.07537
0.17125
0.13613
0.04432
0.15207
0.01468
0.1535
0.13315
0.10949
0.00988
0.16943
0.03271
0.13951
0.1081
0.07752
0.13808
0.08531
0.0954
0.13399
0.07074
0.09713
0.06391
0.08142
0.14371
0.01856
0.06993
0.0998
0.08182
0.07068
0.10174
0.10346
0.10615
0.12697
0.15419
0.02011
0.08841
0.1131
0.12964
0.07404
0.10055
0.18066
0.09985
0.12641
0.10276
0.1005
0.06859
0.1241
0.15571
0.05995
0.10488
0.1225
0.06287
0.13749
0.10035
0.02728
0.2141
0.03442
0.05764
0.2045
0.02006
0.12309
0.07612
0.10751
0.07006
0.16107
0.08447
0.11286
0.05552
0.08317
0.06096
0.07303
0.07956
0.16424
0.08544
0.08056
0.09223
0.21516
0.01828
0.12264
0.13518
0.02871
0.09629
0.10128
0.0934
0.08541
0.03717
0.13336
0.10298
0.10921
0.09665
0.14545
0.08458
0.0599
0.17763
0.08351
0.05253
0.12783
0.09709
0.09308
0.06729
0.09445
0.06946
0.09374
0.07595
0.07441
0.17043
0.12161
0.08347
0.09513
0.12993
0.01406
0.10003
0.10525
0.08676
0.07673
0.11286
0.08209
0.09283
0.10142
0.08774
0.08754
0.01327
0.15328
0.10487
0.06704
0.09386
0.07846
0.08365
0.09735
0.09638
0.10887
0.04844
0.10324
0.11998
0.01802
0.11815
0.09097
0.09611
0.09465
0.08693
0.10996
0.0745
