0.01612
0.01747
0.02063
0.00397
0.02276
0.00394
0.01206
0.01686
0.01451
0.01725
0.01755
0.01863
0.02533
0.02467
0.02767
0.00816
0.01944
0.02059
0.01795
0.02418
0.00841
0.02191
0.02258
0.02489
0.01684
0.03455
0.01803
0.01218
0.01645
0.02327
0.01956
0.02337
0.01898
0.02637
0.01281
0.0239
0.01728
0.01889
0.01168
0.0243
0.02371
0.01323
0.03292
0.02696
0.01149
0.02797
0.01176
0.01855
0.0167
0.02958
0.02745
0.00822
0.0167
0.0228
0.01501
0.02079
0.01792
0.02758
0.01493
0.03439
0.01508
0.01691
0.0241
0.02543
0.01962
0.01608
0.02081
0.01531
0.02222
0.02439
0.01321
0.01515
0.02947
0.01455
0.01906
0.01753
0.01366
0.01154
0.01654
0.02072
0.01647
0.01401
0.01997
0.01785
0.02115
0.01121
0.02899
0.01971
0.01699
0.01795
0.02084
0.0295
0.01353
0.01762
0.02301
0.01878
0.02658
0.01151
0.03426
0.01787
0.00448
0.03294
0.01978
0.01853
0.02334
0.02318
0.01315
0.0247
0.02749
0.01772
0.00973
0.02911
0.01102
0.01994
0.01952
0.02077
0.02651
0.00972
0.01432
0.01805
0.02054
0.02379
0.02492
0.01195
0.0162
0.02029
0.00861
0.01086
0.0302
0.01457
0.02621
0.01701
0.01379
0.03321
0.00478
0.02161
0.02591
0.01805
0.01944
0.0143
0.02656
0.00935
0.02146
0.01813
0.01349
0.02045
0.02102
0.02438
0.01305
0.01775
0.01723
0.01128
0.01194
0.02368
0.0225
0.0254
0.01572
0.0198
0.02079
0.02701
0.01503
0.02076
0.02059
0.00433
0.03153
0.01963
0.02321
0.02407
0.01796
0.01411
0.0266
0.01437
0.01396
0.01775
0.02177
0.01881
0.01998
0.01344
0.035
0.01306
0.02329
0.01839
0.023
0.02439
0.01626
0.02523
0.02027
0.012
0.01628
0.01528
0.02689
0.01368
0.02206
0.02728
0.00566
0.01939
0.01013
0.02532
0.01718
0.02258
0.02068
0.01775
0.02465
0.02662
0.01119
0.02335
0.0199
0.01733
0.03372
0.00465
0.02428
0.0131
0.01806
0.02009
0.02216
0.01397
0.01824
0.02296
0.02336
0.01815
0.00426
0.03064
0.01939
0.01885
0.01281
0.01658
0.024
0.01514
0.01279
0.01479
0.01349
0.02502
0.02261
0.02124
0.03259
0.01766
0.02605
0.01793
0.00999
0.01559
0.01961
0.02136
0.03563
0.01148
0.01976
0.02382
0.01895
0.01003
0.01691
0.02006
0.02282
0.0184
0.02613
0.01352
0.02136
0.0206
0.01513
0.01394
0.01258
0.01397
0.02129
0.02356
0.02046
0.02168
0.0166
0.01344
0.02169
0.01846
0.02285
0.0125
0.02215
0.01521
0.02228
0.02199
0.01342
0.0026
0.03023
0.01454
0.01845
0.01422
0.01408
0.01783
0.01301
0.02306
0.01632
0.02595
0.01798
0.01835
0.01577
0.02312
0.0197
0.01953
0.00335
0.01675
0.02103
0.02292
0.02239
0.02014
0.02019
0.02118
0.00624
0.02212
0.01473
0.02545
0.01498
0.02554
0.01882
0.01172
0.03431
0.01727
0.01379
0.00504
0.02069
0.01442
0.0295
0.01161
0.02591
0.01771
0.02453
0.02151
0.01861
0.01521
0.01961
0.01579
0.00923
0.03049
0.0109
0.03047
0.0164
0.01971
0.00795
0.01855
0.00946
0.01548
0.01549
0.02055
0.01714
0.01113
0.0179
0.01469
0.02497
0.01079
0.02988
0.02772
0.02224
0.01418
0.02659
0.01112
0.01642
0.01658
0.01586
0.01143
0.01644
0.01805
0.01812
0.01435
0.01393
0.00446
0.01452
0.03374
0.02034
0.00808
0.02964
0.0036
0.02394
0.02883
0.01848
0.00248
0.03209
0.00425
0.02277
0.01632
0.01384
0.02411
0.01792
0.01612
0.02346
0.01601
0.02129
0.01146
0.01548
0.01968
0.00386
0.01127
0.01603
0.01703
0.01533
0.01779
0.0167
0.01602
0.02166
0.02491
0.00474
0.01076
0.02372
0.026
0.01403
0.01366
0.0273
0.01676
0.02395
0.01599
0.01861
0.01194
0.02034
0.02956
0.01301
0.02083
0.01516
0.01519
0.02572
0.01961
0.00546
0.03507
0.01081
0.00823
0.03538
0.00599
0.02492
0.0183
0.02258
0.0054
0.02511
0.0187
0.0223
0.01009
0.02165
0.01289
0.01572
0.01431
0.02476
0.01936
0.01427
0.01842
0.02844
0.00407
0.02047
0.02799
0.00367
0.01942
0.01641
0.01478
0.01533
0.00662
0.02302
0.02088
0.01388
0.02034
0.0248
0.01912
0.01122
0.02877
0.01482
0.01481
0.01651
0.01679
0.01715
0.01311
0.01878
0.01617
0.00973
0.0128
0.01168
0.02982
0.01523
0.01763
0.01787
0.02286
0.00364
0.01563
0.0161
0.01117
0.01412
0.02032
0.01068
0.01482
0.01767
0.01112
0.01195
0.00287
0.03245
0.01937
0.01259
0.01871
0.01497
0.01828
0.01779
0.02
0.01644
0.01049
0.01892
0.01736
0.00967
0.01498
0.01952
0.01663
0.0181
0.01533
0.02425
0.01227
