0.02409
0.02736
0.02843
0.00686
0.03319
0.00788
0.01974
0.02862
0.02348
0.025
0.02684
0.02701
0.0317
0.0306
0.04101
0.01092
0.02902
0.03374
0.02541
0.03634
0.01319
0.03051
0.0308
0.03334
0.01615
0.05337
0.02772
0.01966
0.02232
0.03539
0.02869
0.03042
0.02954
0.03925
0.00928
0.04502
0.02247
0.02533
0.01763
0.03214
0.03102
0.01877
0.04448
0.0347
0.01973
0.03573
0.01927
0.02604
0.0259
0.03568
0.01895
0.0272
0.02571
0.02969
0.02215
0.03027
0.0248
0.03805
0.0225
0.03032
0.03173
0.02254
0.03543
0.03739
0.02674
0.02437
0.02825
0.02536
0.0304
0.0293
0.02123
0.02124
0.03369
0.02476
0.02612
0.02566
0.02412
0.023
0.02454
0.0289
0.02407
0.02214
0.0262
0.02458
0.02981
0.01829
0.0363
0.03103
0.02708
0.02238
0.02734
0.04018
0.02242
0.02475
0.03237
0.02875
0.03714
0.01578
0.04688
0.02857
0.00825
0.04367
0.02648
0.02708
0.03093
0.03378
0.02028
0.03306
0.03298
0.01842
0.02298
0.03549
0.0185
0.02811
0.02731
0.02873
0.03338
0.01716
0.02058
0.02358
0.02705
0.03986
0.03778
0.02117
0.02077
0.03134
0.01634
0.01736
0.03822
0.02097
0.03369
0.0229
0.02095
0.0472
0.01049
0.02723
0.0337
0.02424
0.02458
0.02128
0.03722
0.01803
0.02898
0.02608
0.02193
0.02814
0.02689
0.03059
0.01829
0.0282
0.027
0.02212
0.02016
0.03032
0.03098
0.03081
0.02371
0.02792
0.02691
0.0346
0.0236
0.02731
0.02418
0.01543
0.03454
0.03514
0.02893
0.03424
0.02794
0.02158
0.03365
0.02235
0.02006
0.02712
0.03117
0.02718
0.02858
0.01621
0.05372
0.01976
0.03266
0.02415
0.03032
0.0323
0.02358
0.03372
0.03242
0.02066
0.02341
0.02434
0.03451
0.02428
0.02904
0.02907
0.01678
0.02696
0.01716
0.03149
0.02358
0.03218
0.0275
0.02704
0.03431
0.03824
0.01773
0.03096
0.02956
0.02288
0.03098
0.01993
0.0364
0.01955
0.02735
0.03134
0.03147
0.02407
0.02627
0.02858
0.03
0.01916
0.0156
0.03711
0.02865
0.02859
0.01786
0.02393
0.03587
0.02432
0.02092
0.0265
0.02457
0.03587
0.02796
0.03223
0.0407
0.02585
0.03187
0.02485
0.01814
0.02458
0.02662
0.02788
0.04545
0.01997
0.03061
0.0307
0.03185
0.01911
0.02522
0.02505
0.03407
0.02524
0.03189
0.02407
0.02812
0.02845
0.02469
0.02198
0.01857
0.02031
0.02858
0.02944
0.02957
0.02872
0.02442
0.01935
0.02892
0.02633
0.02831
0.0213
0.03011
0.02585
0.03171
0.03175
0.02307
0.00668
0.04192
0.02343
0.02542
0.02023
0.02001
0.02585
0.01857
0.03247
0.02318
0.03397
0.02692
0.02352
0.02159
0.03211
0.02646
0.02467
0.00804
0.02401
0.02886
0.02861
0.03399
0.02972
0.02414
0.02728
0.0115
0.02655
0.02379
0.03273
0.02505
0.0307
0.02634
0.0185
0.04107
0.02818
0.01305
0.01956
0.02976
0.02462
0.03729
0.01725
0.03391
0.02243
0.03583
0.02779
0.02766
0.02183
0.02768
0.02245
0.01629
0.03894
0.01631
0.038
0.02295
0.02535
0.00747
0.02824
0.02357
0.02345
0.02039
0.02711
0.0258
0.02066
0.02333
0.02479
0.03184
0.01898
0.03751
0.03542
0.0275
0.02094
0.03236
0.01724
0.02343
0.0234
0.02307
0.01976
0.02476
0.02412
0.02438
0.01882
0.0218
0.01022
0.02244
0.04503
0.03135
0.01596
0.03466
0.0072
0.03355
0.0389
0.0282
0.0052
0.03574
0.01562
0.03113
0.02316
0.01902
0.03032
0.02454
0.02455
0.03172
0.02104
0.02782
0.02166
0.02478
0.02913
0.00894
0.01771
0.02377
0.02128
0.02081
0.02329
0.02508
0.02304
0.02734
0.03087
0.01035
0.01615
0.02991
0.03422
0.02105
0.02085
0.03709
0.02649
0.03545
0.02193
0.0266
0.01723
0.02812
0.04045
0.02167
0.02834
0.02235
0.02088
0.0326
0.01921
0.01312
0.04773
0.01062
0.02019
0.04467
0.01177
0.03124
0.02263
0.01648
0.02136
0.03465
0.02422
0.02645
0.01686
0.02522
0.0198
0.02033
0.02236
0.03282
0.02492
0.02196
0.02567
0.03702
0.00818
0.02793
0.03461
0.01288
0.0255
0.02633
0.0232
0.02064
0.01327
0.03138
0.02764
0.01921
0.02886
0.03347
0.02336
0.01717
0.03533
0.01931
0.01875
0.02443
0.0227
0.02392
0.02155
0.02745
0.00643
0.02673
0.02284
0.01678
0.03816
0.01894
0.02476
0.02507
0.03045
0.00797
0.02404
0.02529
0.01667
0.02018
0.03083
0.01775
0.02448
0.02284
0.01682
0.01744
0.00676
0.04022
0.02567
0.01883
0.02543
0.02034
0.02329
0.02437
0.0253
0.02269
0.01635
0.02751
0.02396
0.00908
0.02848
0.02365
0.02608
0.02363
0.02595
0.02953
0.01776
