0.69229
0.62096
0.64807
0.63816
0.59792
0.60606
0.63306
0.67077
0.69537
0.72311
0.73004
0.7106
0.69275
0.69756
0.67973
0.67441
0.66704
0.66133
0.66505
0.66862
0.67105
0.67294
0.68054
0.69261
0.69208
0.69792
0.69759
0.70879
0.71156
0.72066
0.72563
0.73805
0.74792
0.76394
0.77561
0.79288
0.80168
0.81286
0.81711
0.83058
0.84128
0.85256
0.85422
0.86341
0.86914
0.87952
0.88815
0.88785
0.89825
0.90374
0.89795
0.91146
0.8998
0.91042
0.90981
0.91282
0.91357
0.91335
0.9225
0.92455
0.92281
0.92157
0.92604
0.92241
0.92348
0.93115
0.92425
0.92336
0.92849
0.93013
0.92552
0.92753
0.93627
0.93014
0.93666
0.92814
0.93441
0.9333
0.93327
0.92825
0.93552
0.93331
0.92803
0.9299
0.94058
0.93326
0.93601
0.93284
0.92887
0.93016
0.92422
0.93518
0.93634
0.93598
0.93644
0.93719
0.93334
0.93441
0.94123
0.93264
0.93293
0.9329
0.93317
0.93213
0.9338
0.93296
0.92918
0.94337
0.93539
0.93406
0.94231
0.93457
0.93897
0.94092
0.94981
0.94389
0.94309
0.93797
0.93585
0.94292
0.93881
0.93978
0.94346
0.94328
0.93817
0.94193
0.94988
0.94748
0.94019
0.93853
0.94443
0.94211
0.94594
0.94104
0.94009
0.93637
0.93413
0.93521
0.92952
0.93031
0.9334
0.93167
0.93298
0.93119
0.93374
0.92848
0.92799
0.92967
0.93035
0.93299
0.92941
0.93087
0.93445
0.92947
0.93642
0.93183
0.929
0.93114
0.93806
0.93548
0.93924
0.93868
0.93754
0.94564
0.94426
0.9427
0.94405
0.94341
0.94408
0.9381
0.94557
0.94818
0.94743
0.94688
0.94103
0.94853
0.94617
0.948
0.94612
0.94502
0.94928
0.9435
0.94515
0.95225
0.94005
0.94707
0.94867
0.94844
0.95378
0.95303
0.95243
0.94491
0.95387
0.95101
0.94604
0.95027
0.95487
0.95681
0.95248
0.95494
0.95499
0.95273
0.95263
0.95536
0.95033
0.95374
0.95823
0.95434
0.96074
0.95877
0.95727
0.95864
0.95525
0.95547
0.95557
0.95393
0.95767
0.96038
0.96157
0.9633
0.96438
0.96088
0.96514
0.96432
0.96083
0.96255
0.96314
0.9572
0.96626
0.9598
0.96724
0.96257
0.95516
0.9642
0.95697
0.95698
0.96595
0.96644
0.95471
0.96428
0.96028
0.96208
0.96617
0.96619
0.96377
0.96267
0.96711
0.96801
0.96899
0.96737
0.96656
0.96651
0.96123
0.97
0.9629
0.96653
0.97363
0.96626
0.97257
0.96763
0.96589
0.97204
0.96884
0.96318
0.96692
0.97296
0.97515
0.96432
0.96814
0.97024
0.96833
0.97179
0.97485
0.96793
0.97192
0.96433
0.9644
0.97106
0.96337
0.96433
0.9688
0.97371
0.97338
0.96939
0.96577
0.97197
0.96984
0.96583
0.96847
0.97128
0.97127
0.96998
0.97323
0.97065
0.97535
0.96992
0.96941
0.9674
0.97116
0.97148
0.97713
0.9698
0.97315
0.97552
0.97166
0.97031
0.97033
0.96728
0.97378
0.9736
0.97296
0.974
0.97461
0.9727
0.97572
0.97472
0.97355
0.97492
0.97429
0.97791
0.97253
0.97567
0.97689
0.9712
0.97057
0.97555
0.97845
0.97844
0.97486
0.98023
0.97209
0.97969
0.96666
0.97463
0.97396
0.97899
0.97867
0.97792
0.97666
0.97354
0.97926
0.98295
0.97622
0.97864
0.97777
0.9811
0.97788
0.98154
0.97592
0.97954
0.97764
0.97584
0.98295
0.97855
0.98149
0.97246
0.97743
0.97771
0.97953
0.97495
0.97865
0.97853
0.9802
0.97201
0.97908
0.97448
0.97721
0.97444
0.97759
0.97808
0.98165
0.98001
0.98188
0.97922
0.9825
0.97863
0.97797
0.98389
0.98318
0.97759
0.98142
0.98184
0.98095
0.98325
0.97746
0.9809
0.97783
0.97865
0.98412
0.9811
0.97877
0.9792
0.9836
0.98136
0.97824
0.98466
0.98222
0.98166
0.98163
0.9748
0.97947
0.97949
0.98944
0.98173
0.98196
0.98209
0.98085
0.98586
0.98123
0.9825
0.98097
0.97828
0.98063
0.98323
0.98212
0.9824
0.98993
0.98649
0.98259
0.98195
0.98435
0.98697
0.9861
0.98221
0.99081
0.98656
0.98058
0.98476
0.98391
0.9839
0.98261
0.98714
0.98366
0.98333
0.98173
0.98519
0.98483
0.98651
0.98364
0.98883
0.98533
0.98306
0.98278
0.98571
0.98207
0.98382
0.98737
0.98234
0.97289
0.98888
0.98385
0.98584
0.98499
0.98402
0.98924
0.98013
0.98151
0.98541
0.98172
0.98787
0.98526
0.98904
0.99059
0.98144
0.98219
0.98399
0.98552
0.98488
0.98993
0.98477
0.98026
0.98753
0.98557
0.98246
0.98536
0.98569
0.99166
0.98421
0.98246
0.98677
0.9857
0.9839
0.98366
0.99084
0.98531
0.98334
0.98385
0.98591
0.98335
0.98509
0.98443
0.98715
0.98184
0.98197
0.98379
0.98874
0.9847
0.98541
0.98356
0.98626
0.98117
0.98381
0.98496
0.98123
0.98584
0.98375
0.98282
0.98265
0.98801
0.98084
0.98503
0.98984
0.98049
0.98565
0.986
0.98251
0.97983
0.98374
0.98307
0.98186
0.98423
0.98443
0.98638
0.98274
0.98075
0.98092
0.98826
0.98409
0.98466
0.9844
0.97995
0.9831
0.98077
0.98007
0.98392
0.97915
0.97734
0.9828
0.98345
0.98205
0.98163
0.98781
0.97741
0.97992
0.97879
0.98619
0.97985
0.98535
0.98043
0.98216
0.98335
0.97842
0.98488
0.98092
0.98563
0.98664
0.98005
0.98085
0.98242
0.98099
0.98411
0.9856
0.98114
0.98009
0.98116
0.98401
0.98313
0.97882
0.98504
0.98145
0.98802
0.98238
0.98372
0.98362
0.98899
0.97701
0.98371
0.98151
0.97944
0.9884
0.98852
0.98762
0.98629
0.988
0.98697
0.98644
0.98167
0.98169
0.98845
0.98112
0.98404
0.98559
0.98018
0.98511
0.98835
0.98768
0.98491
0.98253
0.98692
0.98368
0.98176
0.98558
0.98595
0.98739
0.98902
0.98136
0.9817
0.98589
0.98002
0.97781
0.98796
0.9818
0.98517
0.98701
0.99057
0.98732
0.98607
0.98538
0.9836
0.98388
0.98084
0.98683
0.98879
0.9857
0.98587
0.98418
0.98459
0.98688
0.98783
0.98258
0.98627
0.97788
0.98582
0.98814
0.98401
0.98922
0.98985
0.98761
0.98707
0.98701
0.98298
0.99001
0.98361
0.98811
0.98279
0.98245
0.98556
0.98418
0.98692
0.98925
0.98375
0.98673
0.98676
0.98571
0.98789
0.98916
0.99161
0.9857
0.98689
0.98815
0.98454
0.98669
0.98909
0.98869
0.982
0.9884
0.98719
0.98437
0.98421
0.97687
0.982
0.98591
0.98615
0.98555
0.98573
0.98603
0.9882
0.98443
0.98765
0.98553
0.98764
0.98691
0.98424
0.98212
0.9888
0.98887
0.98931
0.98753
0.98262
0.98261
0.98569
0.98661
0.98724
0.98317
0.99096
0.98631
0.98391
0.98821
0.9879
0.98386
0.98735
0.98678
0.98439
0.98723
0.98664
0.99378
0.97977
0.98717
0.98831
0.9818
0.98999
0.98524
0.98672
0.98577
0.99209
0.98597
0.98748
0.99241
0.98848
0.98156
0.9917
0.98733
0.98015
0.98433
0.98802
0.98771
0.98364
0.99053
0.98188
0.98632
0.98454
0.98162
0.98489
0.98404
0.98855
0.98105
0.98614
0.98662
0.98814
0.98264
0.99083
0.98415
0.98741
0.98647
0.98926
0.9905
0.98705
0.988
0.98068
0.99017
0.98696
0.98456
0.98375
0.98885
0.98894
0.98704
0.98736
0.98314
0.98982
0.9835
0.97754
0.98651
0.98593
0.98909
0.98914
0.98991
0.99076
0.98889
0.98768
0.98526
0.98708
0.98824
0.98576
0.98883
0.98742
0.99043
0.99106
0.98869
0.98373
0.98675
0.98977
0.98519
0.99259
0.99098
0.98586
0.98869
0.99043
0.98619
0.98901
0.99199
0.98596
0.98403
0.98511
0.98804
0.99117
0.98843
0.98471
0.98375
0.99112
0.98946
0.99008
0.98335
0.99232
0.99166
0.98659
0.9902
0.9897
0.9873
0.98662
0.99045
0.98534
0.986
0.99334
0.98613
0.98722
0.98701
0.9883
0.98099
0.98138
0.98829
0.98974
0.99027
0.99359
0.98881
0.99251
0.99197
0.99326
0.99028
0.98682
0.98669
0.98504
0.99114
0.98655
0.98779
0.9876
0.98854
0.99081
0.99175
0.99467
0.98852
0.98502
0.98542
0.98751
0.9802
0.99048
0.98479
0.99299
0.98941
0.98537
0.98336
0.98724
0.98921
0.99377
0.98658
0.98783
0.9906
0.99009
0.98598
0.98885
0.98663
0.98912
0.98928
0.99048
0.99289
0.99067
0.98859
0.98957
0.98401
0.9903
0.9866
0.98556
0.99188
0.98905
0.98621
0.9904
0.98644
0.98909
0.987
0.98876
0.98711
0.9876
0.98576
0.98783
0.98581
0.98836
0.98288
0.98794
0.98808
0.98907
0.98498
0.99137
0.99245
0.99349
0.98779
0.99075
0.9879
0.98433
0.98804
0.9939
0.98893
0.985
0.9858
0.99254
0.99491
0.99139
0.98637
0.98923
0.98812
0.98506
0.98931
0.9911
0.98776
0.99318
0.99231
0.99049
0.9905
0.99141
0.99084
0.98618
0.98934
0.98912
0.99273
0.99032
0.98911
0.99334
0.99072
0.99273
0.9932
0.98744
0.99223
0.99014
0.98825
0.99186
0.99311
0.99152
0.99184
0.99199
0.99296
0.99323
0.99225
0.99471
0.9875
0.98832
0.98933
0.98185
0.98604
0.98553
0.98966
0.99382
0.98915
0.98869
0.99254
0.98679
0.9876
0.98805
0.98919
0.99164
0.99319
0.99254
0.98757
0.99031
0.9872
0.99104
0.98682
0.98804
0.98562
0.99063
0.98842
0.98881
0.98718
0.98619
0.99294
0.98515
0.99258
0.99289
0.9886
0.99119
0.99065
0.98819
0.98653
0.98625
0.98403
0.98664
0.98784
0.99315
0.99311
0.99041
0.98559
0.98919
0.98725
0.98766
0.98898
0.99466
0.98734
0.98984
0.99346
0.98951
0.98918
0.99151
0.99455
