1.45324
1.32743
1.26217
1.23296
1.31133
1.25129
1.16594
1.04708
0.97388
0.88335
0.86303
0.92334
0.97281
0.96363
1.01771
1.02708
1.04268
1.06083
1.02684
1.01176
1.00492
0.99644
0.95279
0.93004
0.91755
0.90326
0.90604
0.87267
0.84682
0.83107
0.80204
0.76881
0.73356
0.6845
0.63664
0.58977
0.57011
0.52513
0.52156
0.47052
0.43581
0.40901
0.41287
0.3818
0.37023
0.33561
0.30897
0.31916
0.28046
0.28849
0.30713
0.26522
0.28999
0.25606
0.26965
0.27835
0.24769
0.25082
0.23174
0.22832
0.23421
0.24944
0.2503
0.24244
0.22958
0.22596
0.23804
0.24913
0.22417
0.22591
0.22806
0.2343
0.20599
0.21321
0.1977
0.22087
0.2176
0.21659
0.2103
0.23677
0.20934
0.19252
0.23106
0.21413
0.20003
0.20981
0.20456
0.23722
0.23545
0.21342
0.24739
0.20264
0.20039
0.20984
0.19911
0.19427
0.20981
0.19142
0.19728
0.21281
0.21803
0.20971
0.20822
0.20977
0.21837
0.2081
0.2236
0.17871
0.20833
0.20876
0.17945
0.2142
0.18435
0.17687
0.16745
0.18763
0.179
0.19338
0.19177
0.20772
0.19989
0.21409
0.18087
0.16807
0.18728
0.19608
0.1598
0.15501
0.18141
0.20779
0.18018
0.19196
0.16514
0.19192
0.19275
0.21674
0.20861
0.20508
0.24107
0.23939
0.23349
0.22315
0.20755
0.21697
0.21631
0.24858
0.22943
0.24053
0.22301
0.22506
0.23448
0.23008
0.19633
0.20659
0.19587
0.23758
0.20918
0.23062
0.19869
0.19822
0.18361
0.19764
0.20492
0.18195
0.18206
0.19011
0.18198
0.17746
0.19404
0.18862
0.18202
0.16318
0.18425
0.16854
0.19555
0.17467
0.18116
0.14657
0.15558
0.1652
0.16716
0.1805
0.16317
0.15145
0.22243
0.17473
0.16008
0.15814
0.15264
0.13283
0.17353
0.18445
0.15019
0.17134
0.16779
0.15061
0.14092
0.13026
0.15551
0.1382
0.13236
0.15008
0.17722
0.14275
0.1544
0.15822
0.14173
0.1588
0.12987
0.13892
0.14717
0.12807
0.14297
0.15436
0.15045
0.16193
0.13632
0.11577
0.12377
0.12221
0.13092
0.13329
0.11929
0.11103
0.12643
0.13233
0.14017
0.13927
0.12535
0.12287
0.09666
0.11033
0.1718
0.12041
0.16603
0.14112
0.11795
0.11092
0.17084
0.11638
0.13434
0.1314
0.13347
0.10689
0.11222
0.11638
0.11197
0.09634
0.10727
0.0984
0.10564
0.11602
0.13003
0.10439
0.11397
0.12887
0.08473
0.1105
0.1
0.11326
0.12359
0.09863
0.09143
0.15559
0.11889
0.10048
0.08962
0.11564
0.11131
0.09442
0.10375
0.10287
0.09549
0.11321
0.11681
0.12019
0.10569
0.09361
0.11779
0.11157
0.1048
0.0928
0.11961
0.10264
0.10875
0.10583
0.10898
0.12578
0.10866
0.08832
0.08609
0.12451
0.09517
0.1242
0.07899
0.09396
0.11133
0.12011
0.10078
0.09888
0.06785
0.09586
0.08748
0.08206
0.10375
0.09403
0.10591
0.10965
0.07932
0.08889
0.08061
0.09795
0.08468
0.09532
0.08945
0.08184
0.07116
0.08488
0.08989
0.0715
0.10014
0.08701
0.09561
0.09419
0.0968
0.07833
0.07727
0.06974
0.06932
0.07559
0.1036
0.07492
0.13763
0.0921
0.08064
0.06646
0.06873
0.07264
0.07307
0.09896
0.06871
0.05206
0.08649
0.072
0.06715
0.06199
0.06684
0.06048
0.09416
0.06611
0.06829
0.10973
0.06734
0.06657
0.08013
0.09512
0.06967
0.07894
0.06575
0.07872
0.06279
0.0726
0.07401
0.09652
0.07208
0.09179
0.07216
0.10576
0.08429
0.07527
0.07074
0.07741
0.05764
0.06296
0.0675
0.06557
0.07631
0.05894
0.04765
0.08419
0.07317
0.05828
0.05374
0.05714
0.12681
0.06114
0.07366
0.07884
0.0494
0.0723
0.07076
0.06666
0.05816
0.06623
0.08016
0.05578
0.05974
0.05384
0.05374
0.08269
0.06237
0.06298
0.04856
0.05568
0.05954
0.05856
0.06217
0.05067
0.05658
0.05303
0.05117
0.07876
0.07113
0.05635
0.05356
0.07091
0.0321
0.05527
0.05992
0.05687
0.05046
0.04647
0.05364
0.05034
0.04219
0.06271
0.07725
0.06077
0.05588
0.06639
0.04821
0.04214
0.04174
0.04707
0.06401
0.0406
0.06311
0.04948
0.05212
0.04976
0.05621
0.05293
0.07057
0.06705
0.05542
0.04814
0.04566
0.0677
0.09202
0.03221
0.04517
0.05116
0.04601
0.05344
0.03447
0.07526
0.06161
0.05248
0.05628
0.03986
0.04486
0.03935
0.03817
0.05841
0.0682
0.05093
0.0582
0.0462
0.03921
0.04628
0.06326
0.04798
0.04181
0.04653
0.05388
0.04271
0.04405
0.05903
0.0589
0.05157
0.04778
0.04727
0.05228
0.03923
0.05463
0.06323
0.06225
0.0483
0.05219
0.08297
0.0726
0.05301
0.05815
0.05962
0.06277
0.04025
0.04763
0.0534
0.04795
0.05729
0.05727
0.05994
0.04463
0.07589
0.06275
0.05738
0.08149
0.08023
0.04464
0.08341
0.05637
0.02942
0.06178
0.04593
0.05487
0.07227
0.09485
0.04931
0.06185
0.05926
0.05313
0.07362
0.05249
0.05947
0.07869
0.077
0.04603
0.05984
0.07083
0.05574
0.0673
0.05205
0.08289
0.07644
0.0772
0.08822
0.08097
0.07134
0.07305
0.07092
0.08639
0.04406
0.09946
0.08632
0.06702
0.05356
0.0728
0.0476
0.0818
0.06713
0.07236
0.08096
0.05461
0.09148
0.06404
0.0656
0.06324
0.06827
0.06786
0.06052
0.05845
0.06105
0.0699
0.07335
0.06473
0.0654
0.05793
0.07172
0.05491
0.06522
0.04751
0.06399
0.06561
0.06877
0.03664
0.07744
0.06828
0.08143
0.10516
0.05013
0.0404
0.05665
0.06076
0.04322
0.04284
0.06119
0.08001
0.05616
0.04577
0.07249
0.06177
0.04161
0.08169
0.05235
0.04088
0.05584
0.05435
0.0774
0.04462
0.05431
0.07926
0.04575
0.04573
0.05147
0.04268
0.05982
0.05923
0.05962
0.071
0.11371
0.04851
0.07445
0.06028
0.04324
0.02946
0.03958
0.05769
0.04996
0.06231
0.04976
0.06183
0.04358
0.03253
0.05752
0.05203
0.06402
0.06167
0.05628
0.03564
0.0774
0.06205
0.07563
0.05815
0.05211
0.06892
0.03484
0.03827
0.04613
0.05606
0.04912
0.05169
0.05162
0.05109
0.06084
0.06528
0.06382
0.04525
0.06213
0.0376
0.0376
0.06781
0.05583
0.05082
0.0463
0.0442
0.03966
0.02899
0.05111
0.05895
0.05182
0.05934
0.05984
0.03352
0.04073
0.0727
0.04497
0.04458
0.05378
0.04839
0.11253
0.0591
0.05634
0.05665
0.05848
0.0532
0.05264
0.04402
0.06254
0.0479
0.0542
0.05847
0.05088
0.06881
0.0741
0.03682
0.05574
0.03937
0.05488
0.06783
0.06907
0.04767
0.07362
0.05722
0.06874
0.04848
0.04928
0.07001
0.03958
0.05255
0.06824
0.04933
0.05228
0.05322
0.0349
0.05636
0.03035
0.06217
0.06079
0.05191
0.07447
0.04718
0.06152
0.04648
0.07739
0.06376
0.05707
0.05046
0.02869
0.0755
0.06792
0.03218
0.06348
0.08796
0.07095
0.05356
0.07627
0.07715
0.04446
0.07556
0.04359
0.06252
0.07891
0.0428
0.06094
0.04475
0.06415
0.05345
0.04552
0.05317
0.06236
0.03899
0.07419
0.04637
0.06464
0.0594
0.04315
0.07216
0.04634
0.06857
0.04641
0.06178
0.06542
0.05754
0.03403
0.04429
0.04675
0.04906
0.06906
0.03749
0.05971
0.09054
0.04317
0.05107
0.04327
0.0504
0.03377
0.0351
0.04997
0.0418
0.05445
0.06422
0.03652
0.05592
0.04613
0.07805
0.04872
0.02898
0.04152
0.06336
0.05293
0.03937
0.04529
0.03602
0.03915
0.04158
0.03426
0.04986
0.04508
0.04319
0.02894
0.07567
0.05667
0.10092
0.05889
0.03168
0.0474
0.05578
0.05609
0.03387
0.03238
0.03735
0.07507
0.03147
0.03274
0.06546
0.04584
0.05623
0.05033
0.0618
0.0411
0.06245
0.04977
0.06344
0.04655
0.05167
0.05257
0.05042
0.07029
0.06594
0.03753
0.07576
0.04831
0.03046
0.03987
0.03533
0.02825
0.02061
0.03628
0.05479
0.08488
0.047
0.03129
0.05789
0.0594
0.05407
0.04557
0.02952
0.03885
0.03448
0.04815
0.0513
0.05343
0.04346
0.09155
0.0714
0.07427
0.04129
0.04218
0.0528
0.05705
0.05362
0.03046
0.02746
0.04095
0.04634
0.03868
0.04736
0.05151
0.05
0.04846
0.04417
0.03164
0.03471
0.03618
0.03539
0.0557
0.04573
0.05236
0.03693
0.05268
0.06274
0.02641
0.04602
0.05762
0.05392
0.04111
0.06256
0.04755
0.03788
0.05016
0.04327
0.05291
0.04499
0.06427
0.04446
0.06228
0.04845
0.04
0.03926
0.04617
0.02839
0.03215
0.03979
0.05247
0.04663
0.04644
0.04788
0.04306
0.02785
0.04295
0.05753
0.05158
0.02769
0.02601
0.02974
0.06247
0.03433
0.05612
0.06002
0.05015
0.05236
0.05318
0.02154
0.02718
0.03024
0.04807
0.0451
0.03962
0.05915
0.05233
0.03503
0.03192
0.03925
0.0572
0.03377
0.03866
0.03447
0.02399
0.04446
0.02841
0.03324
0.04749
0.06092
0.02258
0.03865
0.03488
0.03089
0.03613
0.02183
0.02887
0.0168
0.04509
0.04134
0.04053
0.06865
0.06761
0.05975
0.06147
0.02068
0.04104
0.04203
0.0248
0.0598
0.05196
0.05179
0.03581
0.07807
0.02511
0.03238
0.06671
0.04516
0.0586
0.02628
0.05526
0.05344
0.05923
0.0344
0.05057
0.04857
0.05484
0.05713
0.03139
0.07141
0.03299
0.03295
0.03578
0.03182
0.03494
0.04916
0.06093
0.05678
0.07028
0.05981
0.05575
0.03212
0.03362
0.03643
0.05125
0.04465
0.04012
0.05698
0.03537
0.03151
0.06063
0.04546
0.03567
0.05017
0.0471
0.02831
0.02197
