0.0084
0.21885
0.12931
0.05856
0.15382
0.1052
0.03893
0.04943
0.05505
0.05041
0.0535
0.05866
0.0668
0.0715
0.0736
0.05732
0.0625
0.0507
0.07013
0.05376
0.06325
0.04486
0.06644
0.04991
0.04861
0.04926
0.04019
0.04409
0.03867
0.043
0.03239
0.033
0.0314
0.02892
0.0375
0.03572
0.02615
0.03763
0.03302
0.02758
0.03057
0.02968
0.02991
0.03001
0.03031
0.03582
0.03147
0.0419
0.03402
0.02754
0.03478
0.03289
0.03174
0.04704
0.03721
0.03764
0.0353
0.06263
0.0506
0.05534
0.04927
0.05399
0.08044
0.08036
0.10705
0.08002
0.06628
0.07704
0.09009
0.06803
0.1211
0.08116
0.08924
0.08588
0.07848
0.11098
0.07049
0.0759
0.07832
0.07769
0.09038
0.06312
0.08744
0.0788
0.05767
0.07359
0.07053
0.1194
0.07683
0.09115
0.07117
0.08768
0.12696
0.09391
0.06461
0.08795
0.06591
0.07626
0.0833
0.061
0.08376
0.08821
0.08572
0.06687
0.07641
0.08296
0.07981
0.07964
0.06343
0.08596
0.05093
0.0677
0.10357
0.08557
0.05152
0.09024
0.08618
0.07077
0.05816
0.08061
0.07539
0.04254
0.07086
0.07581
0.05607
0.04734
0.07709
0.06334
0.04955
0.06446
0.05059
0.07477
0.06288
0.10122
0.04351
0.09392
0.04964
0.0418
0.09144
0.03769
0.0674
0.12695
0.0561
0.06473
0.04005
0.06589
0.0587
0.07939
0.04724
0.0462
0.05209
0.0576
0.04958
0.0734
0.04233
0.09626
0.06444
0.08084
0.05495
0.04435
0.07367
0.0706
0.05357
0.07061
0.02531
0.06686
0.05158
0.0461
0.02451
0.06958
0.05472
0.02526
0.05085
0.06775
0.05774
0.03938
0.04712
0.06373
0.04872
0.03341
0.04724
0.06806
0.07874
0.07448
0.0581
0.04743
0.04666
0.04193
0.04912
0.06619
0.05096
0.04985
0.1085
0.05903
0.05236
0.05578
0.03911
0.03563
0.07688
0.06632
0.03412
0.04795
0.05267
0.03367
0.0319
0.03864
0.06313
0.01812
0.04975
0.03999
0.03445
0.04246
0.03095
0.08919
0.04054
0.05001
0.02072
0.0937
0.04304
0.03632
0.05704
0.04145
0.05518
0.04704
0.04018
0.08655
0.06495
0.02222
0.04925
0.04362
0.03445
0.0465
0.08384
0.02484
0.07644
0.01849
0.05882
0.08188
0.03225
0.04288
0.04395
0.0284
0.05902
0.08317
0.0681
0.03461
0.01947
0.03303
0.05957
0.01848
0.04752
0.08292
0.04882
0.02441
0.12312
0.03861
0.05107
0.02524
0.01633
0.0144
0.07056
0.01416
0.08103
0.05343
0.0158
0.11768
0.02518
0.04672
0.05474
0.09662
0.07384
0.05703
0.04791
0.04827
0.06741
0.03239
0.04085
0.05248
0.02706
0.01644
0.04592
0.05555
0.05023
0.03594
0.01923
0.06973
0.09156
0.03511
0.03254
0.01576
0.07287
0.04792
0.06372
0.01604
0.06387
0.05756
0.01643
0.06225
0.07686
0.06458
0.06413
0.01972
0.06241
0.05227
0.07413
0.07059
0.07146
0.04841
0.03968
0.03561
0.01992
0.0455
0.05949
0.01428
0.05087
0.01619
0.08547
0.03484
0.01356
0.02876
0.04458
0.0309
0.03163
0.01009
0.07325
0.08657
0.0838
0.0537
0.08251
0.03012
0.0173
0.01523
0.05543
0.07349
0.021
0.06575
0.0166
0.07747
0.01705
0.049
0.06103
0.03334
0.01283
0.04424
0.04082
0.05053
0.01853
0.22383
0.04428
0.04911
0.01911
0.05407
0.01903
0.16168
0.02406
0.04153
0.04808
0.0362
0.0157
0.05459
0.06166
0.02161
0.07662
0.04189
0.01665
0.05103
0.01619
0.05259
0.04773
0.03641
0.0561
0.04113
0.03377
0.05664
0.05125
0.03122
0.03294
0.0673
0.05606
0.02018
0.03881
0.07336
0.01977
0.07731
0.01412
0.05833
0.02789
0.01111
0.05114
0.04373
0.01287
0.04457
0.09018
0.04635
0.02474
0.02915
0.0339
0.05103
0.02649
0.05294
0.05089
0.07285
0.05889
0.01947
0.04041
0.0623
0.03744
0.0426
0.01377
0.05822
0.056
0.06926
0.03215
0.06165
0.04944
0.0408
0.0182
0.05951
0.04941
0.01288
0.04215
0.02178
0.01009
0.02717
0.02678
0.07079
0.03529
0.04775
0.05879
0.01977
0.01232
0.04912
0.02398
0.04532
0.03048
0.01072
0.01217
0.06925
0.02914
0.03758
0.05315
0.03699
0.01099
0.06864
0.07236
0.02987
0.04232
0.0438
0.03637
0.01991
0.07312
0.04642
0.01678
0.0136
0.07441
0.0478
0.04983
0.01286
0.05274
0.01342
0.05202
0.08334
0.02687
0.01748
0.01145
0.04144
0.05546
0.03818
0.0676
0.03557
0.01506
0.01754
0.04335
0.07028
0.03648
0.03454
0.03289
0.03458
0.01265
0.01072
0.01172
0.10529
0.0456
0.07456
0.01853
0.04021
0.02538
0.07929
0.02006
0.03204
0.0099
0.05239
0.04945
0.0529
0.05241
0.0447
0.04875
0.04451
0.0241
0.07425
0.01828
0.01209
0.06168
0.0178
0.09758
0.04015
0.04372
0.07401
0.03759
0.08439
0.02187
0.02544
0.01805
0.01196
0.0382
0.02834
0.0546
0.07699
0.02795
0.04701
0.09699
0.04509
0.07584
0.0421
0.04657
0.04992
0.03324
0.05341
0.01715
0.05131
0.04197
0.03976
0.01218
0.01201
0.01448
0.0481
0.03721
0.03658
0.00903
0.00969
0.062
0.04156
0.03248
0.01301
0.03574
0.01691
0.04434
0.01432
0.06294
0.04034
0.08268
0.03046
0.01357
0.06045
0.0648
0.02101
0.06474
0.04535
0.03775
0.01993
0.01163
0.03551
0.01316
0.0103
0.0521
0.04549
0.01608
0.00998
0.00983
0.01007
0.03874
0.03658
0.06302
0.06432
0.04077
0.03155
0.01703
0.05242
0.01888
0.01331
0.01651
0.0098
0.10632
0.0246
0.01567
0.00958
0.06696
0.02589
0.00922
0.05687
0.0184
0.05486
0.03384
0.01126
0.01045
0.04346
0.03681
0.01294
0.03472
0.06264
0.01256
0.03285
0.00974
0.05341
0.01506
0.03543
0.02573
0.04817
0.0218
0.00786
0.00985
0.03741
0.0116
0.03849
0.011
0.03389
0.04758
0.01659
0.04441
0.04933
0.01337
0.04349
0.00828
0.0258
0.02548
0.00885
0.03629
0.0257
0.00696
0.05043
0.01177
0.04124
0.00943
0.00811
0.01235
0.05733
0.00933
0.01049
0.00731
0.0309
0.02167
0.01971
0.02467
0.00845
0.00597
0.08787
0.03754
0.0426
0.04165
0.02026
0.00767
0.05581
0.03109
0.01105
0.00857
0.04974
0.06226
0.03726
0.01634
0.0128
0.0452
0.02324
0.00825
0.01124
0.00713
0.07884
0.03714
0.0214
0.0603
0.02381
0.01145
0.03949
0.0117
0.00869
0.00935
0.01253
0.00674
0.04095
0.03152
0.03609
0.00973
0.00878
0.06306
0.0293
0.0537
0.00982
0.05938
0.03975
0.01351
0.04177
0.02184
0.02413
0.03326
0.01555
0.00964
0.04079
0.0363
0.02468
0.04105
0.00929
0.04553
0.02182
0.04254
0.02008
0.12703
0.0156
0.04962
0.03292
0.0116
0.01011
0.01099
0.04924
0.00983
0.06572
0.01841
0.00993
0.02477
0.02272
0.03343
0.00931
0.04584
0.0097
0.04464
0.01789
0.02726
0.00868
0.00855
0.05274
0.01007
0.05159
0.03869
0.0187
0.06001
0.0166
0.04734
0.01019
0.00974
0.06385
0.01577
0.07376
0.05181
0.01558
0.0594
0.01314
0.00918
0.03093
0.02225
0.02996
0.00949
0.06007
0.03662
0.01432
0.03273
0.02601
0.0101
0.02063
0.02774
0.00829
0.00655
0.03752
0.01866
0.0267
0.00876
0.00748
0.08511
0.01616
0.04713
0.01413
0.00817
0.0372
0.01517
0.03835
0.01824
0.03158
0.00856
0.00733
0.04287
0.01714
0.00696
0.00689
0.01191
0.06775
0.03405
0.01644
0.05085
0.01267
0.03777
0.03299
0.01405
0.027
0.03941
0.02322
0.04138
0.00951
0.00816
0.04037
0.02138
0.04415
0.01413
0.02749
0.00932
0.00851
0.0807
0.03736
0.0282
0.00955
0.02922
0.00944
0.01237
0.05295
0.00899
0.00801
0.01041
0.02505
0.00863
0.04744
0.02987
0.0078
0.00907
0.03902
0.01776
0.02686
0.00828
0.00769
0.00672
0.0625
0.02375
0.03475
0.01256
0.00719
0.00685
0.04069
0.01723
0.02705
0.05472
0.016
0.02915
0.01385
0.00921
0.00612
0.02834
0.00878
0.02341
0.00961
0.06913
0.03021
0.01016
0.00789
0.03914
0.01073
0.00356
0.00187
0.00073
0.00029
0.00024
0.00018
9e-05
0.01818
0.00669
0.00785
0.00391
0.00236
0.00436
0.00067
0.00077
0.00302
0.00172
0.00373
0.00214
0.00134
0.00285
0.00713
0.00143
0.00259
0.0011
0.0049
0.01217
0.00145
0.00162
0.00107
0.00156
0.00124
0.00139
0.00518
0.0017
0.00208
0.00231
0.00391
0.00179
0.00211
0.0015
0.00222
0.00543
0.00134
0.00133
0.00245
0.00155
0.00113
0.00748
0.00111
0.00148
0.00132
0.00663
0.0011
0.00384
0.00865
0.00149
0.00426
0.00858
0.00176
0.00355
0.00227
0.00231
0.00168
0.00207
0.00167
0.00139
0.01401
0.00404
0.00225
0.0044
0.00119
0.00569
0.01218
0.00235
0.00653
0.00753
0.0025
0.008
0.00257
0.00467
0.00324
0.00322
0.00849
0.00254
0.00251
0.00322
0.00284
0.00517
0.00375
0.00275
0.00411
0.00495
0.00233
0.00222
0.00919
0.00224
0.0015
0.00785
0.00203
0.00185
0.00177
0.00178
0.00274
0.00237
0.00345
0.00188
0.00328
0.01084
0.00304
0.00437
0.00547
0.00258
0.013
0.00305
0.00327
0.00312
0.00238
0.00295
0.01488
0.00454
0.00294
0.00291
0.00424
0.00218
0.00252
0.00322
0.0019
0.00447
0.00257
0.00745
0.00286
0.00229
0.00948
0.00243
0.00562
0.00444
0.00274
0.00336
0.00182
0.00466
0.00696
0.00378
0.00323
0.00218
0.00926
0.00332
0.00402
0.00254
0.00233
