11.95726
2.09951
2.9197
3.90293
2.66784
3.23696
4.85627
4.33629
3.98188
3.86157
3.98704
4.0037
4.07461
3.77099
4.023
3.80863
3.99437
4.19738
4.04425
4.0399
4.3738
4.48152
4.47463
4.34983
4.49177
4.52213
5.04057
5.00081
4.60419
5.13383
5.09996
5.6301
6.15011
5.31343
4.7589
5.54126
5.42774
6.14992
5.64186
5.56434
5.66207
5.66105
5.5187
5.71515
6.32297
5.61704
6.23208
5.16451
5.33529
6.00327
6.26289
5.60783
5.80962
4.96176
5.37931
5.83835
4.95085
5.8039
5.13916
5.33667
4.56494
4.63726
4.85122
4.24613
3.86665
3.46369
3.66007
3.84634
3.76306
3.70872
3.4657
3.58886
3.78795
3.40553
3.78554
3.95203
3.40219
3.7722
3.81696
3.849
3.77157
3.59458
3.86952
3.76937
3.82645
3.95909
3.94958
3.89296
3.79635
3.69839
3.753
3.7224
3.56725
3.62667
3.67426
3.77798
3.53033
3.67582
3.96767
3.81434
3.738
3.79251
3.75805
3.91275
3.86581
4.01488
3.71608
3.78259
3.99623
4.01615
4.07613
4.17898
3.80496
3.77372
3.83108
3.77688
3.88732
4.12482
4.17512
4.05739
3.98211
4.15211
4.15915
4.19607
4.06371
4.32341
4.1372
4.35215
4.38916
4.46592
4.42422
4.21026
4.17992
3.98382
4.06203
3.88005
4.44673
4.48424
4.02676
4.32269
4.25783
3.80361
4.12272
4.1165
4.32027
4.36645
4.07784
4.53657
4.30116
4.6606
4.45749
4.55608
4.69884
4.27219
4.53997
4.10679
3.99105
4.25964
4.3202
4.28949
4.07928
4.15442
4.46495
4.50115
4.64881
4.41048
4.53727
4.77254
4.72393
4.27785
4.82312
5.05299
4.64801
4.70393
4.54313
4.59055
4.58768
4.44359
4.67181
4.50426
4.66188
4.71893
4.36236
4.15896
4.23512
4.44528
4.78082
4.97037
4.48463
4.72904
4.45958
4.78779
3.93421
3.93979
4.50129
4.6167
4.65854
4.68243
4.19349
4.22033
4.80041
4.63258
4.77647
4.86077
5.04985
4.72353
4.72762
4.86784
4.86547
4.96646
4.98925
4.98734
5.10468
4.47158
4.7373
4.59512
5.01186
4.1787
4.87387
4.53493
4.69841
4.95608
4.59762
4.9853
4.80473
4.48047
3.96205
5.12869
4.97035
5.00322
4.84681
4.90675
4.21747
4.82405
4.3285
5.04931
4.47688
4.60717
4.81295
4.58822
4.67548
5.02053
4.22156
4.41872
4.4128
4.8494
5.04308
5.07008
4.75786
5.15446
4.83102
4.66808
4.47735
4.96744
3.49678
4.7888
4.77965
5.26738
5.11116
5.32875
4.69053
5.20633
4.57383
4.77295
5.11671
3.64063
4.93847
4.46599
4.99873
3.67755
4.28581
4.39613
4.78935
4.30948
4.50744
4.75222
4.65292
5.00166
5.1034
5.14719
4.89158
4.71627
4.50301
5.14531
5.01357
4.59091
4.62144
4.65493
4.84307
5.15202
4.53059
4.3567
4.54942
5.13372
4.54637
4.53187
5.31272
4.49756
4.30098
4.25826
4.36537
4.87216
4.62598
5.02115
3.61289
4.36064
4.06769
4.57793
4.75926
4.7565
5.38399
4.64315
4.77288
5.28477
4.7148
5.14644
4.64509
5.19266
5.25382
5.17695
4.89862
5.24945
5.39047
5.8117
4.66349
4.31577
4.42303
4.45349
4.12521
4.80804
5.06145
5.17494
4.6555
4.32261
4.87635
4.73584
5.26003
4.2073
5.14818
4.61915
4.66883
4.72647
5.29164
4.60398
5.01249
4.7163
5.30278
3.028
4.78764
4.35585
5.02995
4.67812
5.26893
3.36358
4.85913
4.82454
4.68586
4.82177
5.52098
5.11677
4.22614
4.99689
4.32876
5.09466
5.17319
4.76759
5.37642
4.82127
4.94196
5.11902
4.94898
4.53749
5.33749
4.63552
4.88159
5.0468
4.95476
4.43218
4.88865
5.13728
5.34096
3.83764
5.06668
4.40667
5.45296
4.43923
5.27349
5.60534
5.60428
4.53358
5.31438
4.80638
3.83018
4.86646
5.08801
4.98863
4.9695
4.87979
5.17037
4.8205
5.12338
4.11043
4.63687
4.98453
4.68158
4.74362
5.1766
4.46118
5.34742
5.15178
4.48737
4.30695
4.89081
4.10721
4.81283
4.64865
5.25952
4.86678
4.73062
5.33269
4.84168
5.3163
5.665
5.64973
4.90566
4.85406
4.83717
5.07431
4.82233
5.03105
5.45772
4.88179
5.30582
5.46283
4.62214
5.62448
5.52205
4.67413
5.48634
5.0622
4.92844
4.84505
5.59715
4.4655
5.04563
4.77473
4.94899
5.12436
5.15293
5.43968
4.85742
4.74658
5.22785
5.48273
4.23267
4.63288
4.78285
5.40235
4.93988
5.49585
4.7701
4.43099
5.26096
5.30156
5.59255
4.74121
5.27796
4.51051
4.82166
4.83637
5.55579
5.51505
5.29505
4.0956
4.98571
5.49397
5.44677
5.13319
5.53097
5.67554
5.61865
3.85002
4.56471
4.81999
5.39569
4.86162
5.4897
4.07462
5.3192
5.28862
5.7798
5.45341
4.49179
4.44657
4.78637
5.1367
4.69574
4.70986
5.105
4.65613
5.48538
5.51794
4.30567
5.35215
4.13707
4.45362
5.19828
4.94972
4.41407
4.29304
5.10767
5.37924
5.51384
5.59002
5.39468
5.1667
4.71706
4.52007
4.90868
4.76876
4.79961
4.42473
4.27011
4.75661
5.12916
4.47408
4.50451
4.74522
5.13805
4.9154
5.29762
4.71453
5.58597
5.6161
5.48786
5.43843
4.61163
4.81733
5.7834
5.76584
4.80916
5.3192
5.45867
5.73733
5.3824
5.81821
5.67914
5.69063
4.99207
5.09787
4.34528
4.89148
5.58979
4.80178
4.80134
5.33215
4.89591
4.43565
5.13611
4.98634
5.58961
5.57777
5.53063
5.76931
4.96666
5.01222
5.59719
5.82367
5.9378
6.15979
5.6768
4.59131
5.06303
4.52501
4.84337
5.0696
5.22954
5.24537
5.3303
5.66695
5.77668
5.81277
4.233
5.24552
5.68912
5.7554
4.73232
5.53702
6.04061
4.90405
5.32429
5.20407
5.53266
5.79361
5.9635
5.70778
5.02627
5.8162
5.47315
4.8922
5.79605
5.13016
6.03844
5.02672
5.87498
4.8488
5.5387
5.57604
5.48777
6.12423
6.40754
5.42102
5.9836
5.41235
5.96599
5.91726
5.0406
5.54649
5.49989
4.94086
5.77434
5.29475
6.1172
5.8135
5.23391
6.35294
5.35961
5.80119
6.26383
5.46908
6.05542
5.47954
6.16403
6.23288
6.15488
5.48711
6.42413
6.22632
6.26752
5.99752
5.72128
6.09976
6.00474
6.48412
6.49877
5.07247
4.81176
5.43756
5.64727
5.89172
6.38553
5.6228
4.95322
5.97725
6.22817
5.51136
5.03034
5.06508
6.02115
5.94327
5.54197
5.72341
6.22408
6.10594
6.1923
4.54721
5.1822
5.736
5.14438
5.69087
5.89516
5.28518
6.26156
6.06297
6.00671
6.0809
6.2816
6.0874
4.73952
5.89682
6.40479
6.20423
5.07522
5.83805
4.76138
6.06537
4.71897
5.44042
6.12565
5.07787
6.07346
5.14729
6.11374
5.69354
6.18036
5.37154
6.34632
5.24533
5.17441
6.14129
5.55668
5.80387
4.82236
6.1328
4.64563
5.48095
4.89676
5.2002
5.68643
5.82992
5.97416
4.95773
5.80709
4.83946
5.24663
5.99609
6.02333
5.35411
5.36309
5.97118
4.84088
6.27148
5.54476
5.25365
6.01573
6.14465
6.09959
5.36305
5.91619
5.66611
5.22884
5.30617
5.03313
5.46592
5.20882
5.98878
6.14559
4.89264
5.84884
4.35725
4.76086
5.4651
4.98804
5.62032
6.00465
5.42383
5.99144
4.93595
5.95571
4.68345
5.4538
5.65341
5.45632
5.67987
6.10903
6.26466
5.07762
6.28229
6.53139
5.69842
6.58168
5.27274
6.43092
6.43224
4.63402
5.78372
5.78221
5.72309
6.30852
5.93592
5.55661
5.94664
5.38195
5.3925
6.26484
6.38345
5.67952
6.22253
6.38617
6.28569
6.26026
4.57389
5.62881
5.87236
4.91415
5.67474
6.06177
4.7885
6.2299
6.00088
5.68278
5.22525
5.83467
6.01922
6.41833
6.0032
5.06261
5.8085
5.68167
5.29227
6.14325
6.23668
5.15557
6.13988
5.02048
6.20844
5.83336
6.00074
6.24643
4.90214
6.02829
6.24028
6.23937
6.09452
6.38922
6.72485
6.08377
6.2904
6.2149
5.97672
5.50174
5.74185
6.43772
6.39357
6.41051
5.30773
5.346
6.1752
6.19263
6.53335
6.42697
6.32023
5.67522
5.31093
5.60188
5.70216
5.84956
6.34966
6.29066
6.59542
5.945
6.11008
6.54685
6.35202
4.9366
5.38656
6.202
6.61065
6.16921
6.05492
7.10667
8.63847
9.47907
10.89129
11.29118
13.20633
15.63747
28.9034
12.28395
9.29677
9.32932
10.29438
10.71771
16.81925
17.70067
14.68016
11.01011
10.44459
10.89909
9.49162
8.92672
15.30867
11.69796
13.10359
11.40111
11.28936
10.28681
10.8988
10.11895
17.27232
13.3009
12.76345
10.76136
20.99017
20.17997
11.00979
10.15149
14.18711
16.13957
10.47253
9.92014
13.32961
14.50885
11.05132
13.67438
20.92885
10.49238
10.06792
16.76096
20.89317
12.97097
11.75583
16.25412
22.216
15.53778
14.09215
9.31338
11.91501
13.98055
8.8825
12.23261
10.2603
14.35886
10.03941
8.59025
12.69278
11.48014
14.41389
11.5965
8.85483
18.48989
13.36299
16.50015
23.64644
12.71395
17.30431
17.08557
11.54732
17.9621
11.12692
14.54729
13.45287
7.59755
12.175
8.78429
9.70458
7.41428
7.91039
9.0478
15.38223
12.89044
12.08823
17.17573
14.43775
7.40484
16.75007
17.98212
9.90662
13.82806
12.75979
20.21154
9.32603
11.67384
7.91862
10.34045
14.04451
14.57019
10.05814
13.24468
8.64945
7.76554
18.19398
9.51077
14.55559
8.80645
10.32332
15.21936
7.80033
7.99815
10.35962
6.76004
8.12078
16.06346
9.56817
7.77588
11.93991
18.86052
8.23313
17.36984
12.14388
16.38002
16.57165
10.39369
20.24628
8.96015
9.75349
10.34599
9.55602
9.14153
9.04918
9.03766
12.82233
10.66857
8.85159
10.39886
17.28967
7.53513
7.61268
8.55255
8.7083
